1 -1.19762e-11 -1.70464e-10 3.2141e-14 -1.19762e-11 1 -3.5625e-10 -1.9984e-15 -1.70464e-10 -3.5625e-10 1 -4.04121e-14
0.999996 0.00287222 0.000683995 0.00387974 -0.00287371 0.999994 0.0021903 -0.184991 -0.0006777 -0.00219226 0.999997 0.808514
0.999983 0.00558766 0.00156274 0.0071924 -0.00559262 0.999979 0.00319036 -0.368236 -0.00154488 -0.00319905 0.999994 1.63042
0.999973 0.00692122 0.00235506 0.0204547 -0.00692838 0.999971 0.00305014 -0.55232 -0.00233389 -0.00306638 0.999993 2.38989
0.999956 0.00889145 0.00279537 0.0295866 -0.00889977 0.999956 0.00297851 -0.734327 -0.00276876 -0.00300326 0.999992 3.17391
0.999953 0.00905177 0.00360911 0.0333512 -0.00906275 0.999954 0.00303692 -0.91831 -0.00358146 -0.00306948 0.999989 3.89859
0.999947 0.00934423 0.00439364 0.0381671 -0.00936334 0.999947 0.00434958 -1.10239 -0.00435276 -0.00439049 0.999981 4.63077
0.999935 0.010024 0.00541111 0.0505932 -0.010063 0.999923 0.00721733 -1.2851 -0.00533835 -0.00727132 0.999959 5.3216
0.999926 0.00985634 0.00708516 0.0517082 -0.00993643 0.999886 0.0113592 -1.47059 -0.0069724 -0.0114287 0.99991 5.96928
0.999923 0.00903604 0.00854475 0.0624746 -0.00916442 0.999844 0.015107 -1.65575 -0.00840691 -0.0151841 0.999849 6.58458
0.999919 0.00818437 0.00977958 0.0774708 -0.0083564 0.999809 0.0176815 -1.83985 -0.009633 -0.0177618 0.999796 7.17943
0.999899 0.00856945 0.0113173 0.091596 -0.00877174 0.999801 0.0179478 -2.02339 -0.0111613 -0.0180453 0.999775 7.76333
0.99987 0.00973919 0.0128197 0.0780621 -0.0099426 0.999824 0.0159001 -2.20695 -0.0126626 -0.0160255 0.999791 8.2945
0.999854 0.00970544 0.0140366 0.0526946 -0.00988363 0.999871 0.0126816 -2.39491 -0.0139117 -0.0128185 0.999821 8.77105
0.999839 0.00839163 0.0158618 0.0453994 -0.00857343 0.999898 0.0114284 -2.57981 -0.0157643 -0.0115625 0.999809 9.21916
0.999829 0.00473091 0.0178643 0.0363 -0.00489741 0.999945 0.00928778 -2.76795 -0.0178194 -0.00937369 0.999797 9.64713
0.999801 0.00237175 0.0198042 0.0472548 -0.00252994 0.999965 0.00796629 -2.95358 -0.0197846 -0.00801481 0.999772 10.0472
0.999732 0.00667103 0.0221681 0.0420154 -0.00681489 0.999956 0.0064206 -3.14255 -0.0221242 -0.00656996 0.999734 10.4353
0.999615 0.0113035 0.0253232 0.0376912 -0.01145 0.999918 0.00564813 -3.33327 -0.0252573 -0.00593591 0.999663 10.7557
0.999511 0.0121765 0.0288068 0.0317648 -0.0123698 0.999902 0.00654098 -3.52323 -0.0287244 -0.00689412 0.999564 11.0482
0.999455 0.00807745 0.0319967 0.0507227 -0.00831272 0.999939 0.00722689 -3.70666 -0.0319363 -0.00748894 0.999462 11.324
0.999399 0.00292137 0.0345289 0.0703962 -0.00314893 0.999974 0.00653784 -3.88884 -0.0345089 -0.00664265 0.999382 11.572
0.999314 -0.000627053 0.0370392 0.095297 0.000325871 0.999967 0.00813691 -4.07123 -0.0370431 -0.00811925 0.999281 11.7952
0.99921 -0.00102873 0.0397198 0.0902813 0.00065236 0.999955 0.00948754 -4.26808 -0.0397277 -0.00945414 0.999166 11.896
0.999127 -0.000208499 0.041767 0.0966904 -0.000139579 0.999965 0.00833072 -4.45747 -0.0417673 -0.00832928 0.999093 12.008
0.99903 0.000621358 0.0440397 0.106489 -0.000916579 0.999977 0.00668365 -4.64461 -0.0440346 -0.00671753 0.999008 12.1044
0.998908 0.00281338 0.0466448 0.112343 -0.00307861 0.999979 0.0056152 -4.83371 -0.0466281 -0.00575267 0.998896 12.1915
0.998811 0.00574344 0.0484077 0.124405 -0.00600489 0.999968 0.00525723 -5.02168 -0.0483759 -0.00554166 0.998814 12.281
0.998737 0.00742286 0.0496871 0.1056 -0.00762769 0.999963 0.00393416 -5.22076 -0.0496561 -0.00430819 0.998757 12.2932
0.998644 0.00663548 0.0516293 0.107397 -0.00674988 0.999975 0.00204167 -5.41056 -0.0516145 -0.00238739 0.998664 12.3354
0.998575 0.00536011 0.0530925 0.106056 -0.00539064 0.999985 0.000431911 -5.59975 -0.0530894 -0.000717499 0.998589 12.367
0.998521 0.00454847 0.0541703 0.120544 -0.00451601 0.99999 -0.000721638 -5.7828 -0.054173 0.000475937 0.998531 12.4238
0.998437 0.00527056 0.0556392 0.117563 -0.00516252 0.999984 -0.00208525 -5.9733 -0.0556493 0.00179475 0.998449 12.4453
0.998359 0.00630259 0.0569247 0.125276 -0.0060705 0.999973 -0.00424909 -6.16058 -0.0569499 0.00389655 0.99837 12.4807
0.998313 0.0064432 0.0577063 0.127033 -0.00607842 0.99996 -0.00649451 -6.35032 -0.0577458 0.00613279 0.998312 12.5006
0.998277 0.00567698 0.0584078 0.14254 -0.0051726 0.999948 -0.00878305 -6.53483 -0.0584546 0.0084658 0.998254 12.5451
0.998304 0.00478026 0.0580211 0.156946 -0.00416204 0.999933 -0.0107713 -6.71921 -0.0580688 0.0105116 0.998257 12.5901
0.998424 0.00428018 0.0559573 0.160183 -0.00361215 0.999921 -0.0120339 -6.90392 -0.0560044 0.0118128 0.998361 12.6296
0.998587 0.00444332 0.0529465 0.150419 -0.00375863 0.999908 -0.0130242 -7.09153 -0.0529995 0.0128068 0.998512 12.6565
