1.000000000 0.000000000 0.000000001 0.000000954 0.000000000 1.000000000 0.000000000 -0.000000238 0.000000001 0.000000000 1.000000000 0.000000000
0.999996006 -0.002445091 -0.001365676 -0.007058319 0.002449055 0.999992788 0.002909025 -0.015739884 0.001358555 -0.002912358 0.999994874 1.524398685
0.999992013 -0.002819135 -0.002829938 -0.012106099 0.002829847 0.999988794 0.003788273 -0.034278408 0.002819231 -0.003796251 0.999988794 3.046431065
0.999989629 -0.001757481 -0.004181089 -0.029980641 0.001771790 0.999992609 0.003420853 -0.047387611 0.004175045 -0.003428226 0.999985397 4.560841084
0.999983132 -0.000940595 -0.005732945 -0.043667443 0.000959549 0.999994099 0.003304287 -0.062880099 0.005729804 -0.003309733 0.999978125 6.065798759
0.999973416 -0.001187192 -0.007191707 -0.059565071 0.001211429 0.999993622 0.003366697 -0.073133282 0.007187665 -0.003375320 0.999968469 7.566909313
0.999959528 -0.001887421 -0.008794818 -0.081156194 0.001923740 0.999989629 0.004122882 -0.095214322 0.008786945 -0.004139634 0.999952793 9.071636200
0.999937832 -0.003569601 -0.010561591 -0.102177925 0.003603687 0.999988317 0.003210069 -0.107220344 0.010550007 -0.003247930 0.999939084 10.571510315
0.999919355 -0.004664366 -0.011815175 -0.121097758 0.004706389 0.999982715 0.003531413 -0.121854022 0.011798502 -0.003586735 0.999924004 12.058184624
0.999902904 -0.004331190 -0.013245286 -0.146211788 0.004376543 0.999984682 0.003396965 -0.137847409 0.013230372 -0.003454603 0.999906540 13.547888756
0.999889612 -0.004108700 -0.014283031 -0.170262471 0.004158694 0.999985278 0.003472276 -0.152823702 0.014268556 -0.003531291 0.999891996 15.030736923
0.999884665 -0.002201780 -0.015033524 -0.200534523 0.002263383 0.999988973 0.004081907 -0.168880776 0.015024374 -0.004115461 0.999878705 16.509029388
0.999878407 -0.000981409 -0.015556372 -0.226966470 0.001053887 0.999988675 0.004651541 -0.182334408 0.015551630 -0.004667371 0.999868214 17.998342514
0.999866843 -0.000271086 -0.016312391 -0.259357244 0.000359898 0.999985039 0.005441735 -0.195190594 0.016310681 -0.005446882 0.999852121 19.464870453
0.999860585 -0.000820796 -0.016680110 -0.279027998 0.000917205 0.999982953 0.005773034 -0.214536130 0.016675085 -0.005787528 0.999844253 20.925853729
0.999847412 0.000289907 -0.017467825 -0.309186131 -0.000188150 0.999983072 0.005826717 -0.224502683 0.017469214 -0.005822542 0.999830425 22.391969681
0.999843657 0.000274697 -0.017678948 -0.325554758 -0.000166018 0.999981105 0.006148501 -0.233700186 0.017680302 -0.006144605 0.999824762 23.862588882
0.999845803 0.001425149 -0.017498421 -0.359738678 -0.001297180 0.999972403 0.007322337 -0.243907183 0.017508367 -0.007298510 0.999820232 25.304647446
0.999846518 0.001857656 -0.017416583 -0.389138043 -0.001751309 0.999979675 0.006119318 -0.258184314 0.017427597 -0.006087878 0.999829590 26.745031357
0.999844313 0.002206742 -0.017505014 -0.421389520 -0.002137679 0.999989867 0.003963112 -0.266753972 0.017513579 -0.003925074 0.999839067 28.172904968
0.999851823 0.000429738 -0.017209010 -0.452866703 -0.000363392 0.999992490 0.003858247 -0.281727046 0.017210541 -0.003851423 0.999844432 29.591094971
0.999855042 -0.000294379 -0.017027933 -0.486848652 0.000407123 0.999978006 0.006618058 -0.298966557 0.017025609 -0.006624031 0.999833167 31.011566162
0.999859810 -0.002027272 -0.016617084 -0.516913652 0.002157035 0.999967396 0.007794770 -0.310051382 0.016600737 -0.007829523 0.999831557 32.413349152
0.999864161 -0.002673101 -0.016259864 -0.547990322 0.002791350 0.999969840 0.007254065 -0.319446921 0.016239980 -0.007298467 0.999841511 33.811462402
0.999871731 -0.002712768 -0.015786139 -0.575588167 0.002797045 0.999981999 0.005319029 -0.333581865 0.015771423 -0.005362500 0.999861240 35.191867828
0.999879777 -0.001690001 -0.015415131 -0.600956440 0.001758807 0.999988675 0.004451050 -0.344537288 0.015407431 -0.004477627 0.999871254 36.539546967
0.999892950 -0.001288574 -0.014576886 -0.628728390 0.001343444 0.999991953 0.003755051 -0.365524471 0.014571933 -0.003774232 0.999886692 37.906433105
0.999914467 -0.000711866 -0.013056663 -0.656065464 0.000774876 0.999988019 0.004821503 -0.380479574 0.013053077 -0.004831208 0.999903142 39.242660522
0.999927938 -0.000395595 -0.011994431 -0.676737130 0.000478426 0.999976039 0.006903725 -0.397226840 0.011991411 -0.006908966 0.999904275 40.569374084
0.999947727 -0.000601168 -0.010205735 -0.696812510 0.000679003 0.999970734 0.007624864 -0.407055527 0.010200852 -0.007631397 0.999918878 41.861564636
0.999967813 -0.000187190 -0.008007572 -0.709803641 0.000256383 0.999962628 0.008640734 -0.425703794 0.008005658 -0.008642511 0.999930680 43.153625488
0.999989867 -0.000600956 -0.004450310 -0.728980064 0.000637776 0.999965549 0.008276843 -0.439531446 0.004445185 -0.008279599 0.999955893 44.425067902
0.999998927 -0.001096456 -0.000840912 -0.740232468 0.001101865 0.999978542 0.006459196 -0.454372287 0.000833813 -0.006460116 0.999978840 45.663486481
0.999995589 -0.001317230 0.002660624 -0.738407910 0.001304803 0.999988317 0.004667292 -0.466495335 -0.002666741 -0.004663800 0.999985576 46.896701813
0.999979436 -0.000946787 0.006333016 -0.731539190 0.000913679 0.999985993 0.005228640 -0.480067998 -0.006337876 -0.005222746 0.999966264 48.108161926
0.999925375 -0.000809349 0.012190060 -0.731359899 0.000747914 0.999987066 0.005043421 -0.491849899 -0.012193983 -0.005033927 0.999913037 49.342571259
0.999825418 0.000638501 0.018683521 -0.711263716 -0.000714883 0.999991417 0.004081833 -0.504852772 -0.018680757 -0.004094477 0.999817193 50.535259247
0.999667525 0.001910819 0.025715861 -0.687046289 -0.002016106 0.999989748 0.004068924 -0.517479002 -0.025707822 -0.004119417 0.999661088 51.730411530
0.999413431 0.003119387 0.034101773 -0.646424413 -0.003288457 0.999982655 0.004902849 -0.526101530 -0.034085877 -0.005012115 0.999406457 52.930709839
0.998991609 0.005498666 0.044559211 -0.604637146 -0.005752466 0.999967992 0.005569567 -0.538228035 -0.044527158 -0.005820276 0.998991251 54.101837158
0.998326302 0.007660055 0.057322562 -0.551115751 -0.007989997 0.999952853 0.005528899 -0.552041113 -0.057277504 -0.005977652 0.998340428 55.225467682
0.997357428 0.009361283 0.072045170 -0.479060173 -0.009807211 0.999934971 0.005838291 -0.562165558 -0.071985826 -0.006529425 0.997384310 56.361190796
0.996028602 0.011773218 0.088252008 -0.390230656 -0.012475371 0.999894679 0.007408899 -0.578614235 -0.088155493 -0.008480451 0.996070683 57.477218628
0.994319201 0.011816120 0.105782054 -0.278381348 -0.012761957 0.999884367 0.008268926 -0.589753032 -0.105672114 -0.009571939 0.994355023 58.585327148
0.992101967 0.011785250 0.124879174 -0.148416042 -0.012821920 0.999889672 0.007500878 -0.601156473 -0.124777012 -0.009042827 0.992143631 59.675254822
0.989350617 0.010986444 0.145136833 0.005485535 -0.012042933 0.999906957 0.006402658 -0.603958249 -0.145053014 -0.008082348 0.989390850 60.764781952
0.986090004 0.007947506 0.166021913 0.178597450 -0.009116807 0.999938726 0.006282143 -0.619061351 -0.165961817 -0.007708350 0.986102045 61.806114197
0.982288778 0.002883052 0.187351063 0.380805016 -0.004570615 0.999952793 0.008576136 -0.628162503 -0.187317491 -0.009280551 0.982255578 62.839969635
0.977499664 -0.002419705 0.210923120 0.599584579 0.000324585 0.999950290 0.009967155 -0.637208343 -0.210936755 -0.009674426 0.977451801 63.886566162
0.972108841 -0.007457752 0.234411716 0.853812218 0.005406992 0.999941349 0.009390014 -0.645355999 -0.234467998 -0.007860653 0.972092032 64.895553589
0.965626955 -0.013722419 0.259569317 1.123460770 0.012128215 0.999896467 0.007742321 -0.656707883 -0.259648740 -0.004328081 0.965693474 65.879333496
0.958131790 -0.017354187 0.285801113 1.423130035 0.015522357 0.999841809 0.008673799 -0.663113832 -0.285906494 -0.003874336 0.958249748 66.861984253
0.949537396 -0.019637087 0.313038260 1.733085632 0.017043250 0.999794006 0.011020492 -0.672187448 -0.313190222 -0.005129180 0.949676514 67.817070007
0.939834476 -0.024238376 0.340769172 2.077245712 0.020827724 0.999689579 0.013663912 -0.672833204 -0.340994656 -0.005744368 0.940047681 68.763488770
0.928953350 -0.027117865 0.369202077 2.445707321 0.023819912 0.999625206 0.013488866 -0.680356562 -0.369429410 -0.003736168 0.929251313 69.677551270
0.916860044 -0.026021617 0.398359776 2.831777573 0.024142690 0.999661088 0.009733250 -0.683012784 -0.398478121 0.000693447 0.917177677 70.573738098
0.903835714 -0.027672222 0.426983833 3.249065399 0.028403226 0.999585688 0.004658035 -0.693971574 -0.426935822 0.007917618 0.904247284 71.436126709
0.889710486 -0.029724834 0.455556482 3.694038391 0.032177337 0.999479353 0.002372585 -0.702604651 -0.455389827 0.012547678 0.890203774 72.285415649
0.874076605 -0.030394534 0.484836370 4.162918091 0.031627670 0.999483824 0.005638679 -0.709742427 -0.484757513 0.010405606 0.874586761 73.126197815
0.856439710 -0.029199569 0.515420675 4.657436371 0.027249908 0.999564230 0.011347894 -0.715548038 -0.515527487 0.004326380 0.856862187 73.950500488
0.836712360 -0.029513601 0.546846747 5.175111771 0.025366897 0.999563754 0.015133901 -0.723929405 -0.547054887 0.001209084 0.837095857 74.756233215
0.815685034 -0.023397218 0.578023016 5.711627960 0.021369990 0.999718487 0.010310066 -0.726827741 -0.578101635 0.003942579 0.815955341 75.522994995
0.793607295 -0.016316138 0.608211637 6.272686005 0.018088192 0.999831259 0.003220042 -0.731941819 -0.608161569 0.008445997 0.793768466 76.265426636
0.771166205 -0.014121176 0.636477292 6.871395111 0.017404746 0.999847949 0.001095215 -0.735674262 -0.636395931 0.010233132 0.771294713 77.001670837
0.747730136 -0.016537407 0.663796842 7.494983673 0.018281482 0.999823511 0.004315896 -0.743135691 -0.663751006 0.008908062 0.747900605 77.702194214
0.723477364 -0.017192263 0.690134048 8.136837006 0.018745899 0.999810517 0.005255173 -0.758809924 -0.690093517 0.009135183 0.723662555 78.364227295
0.697971165 -0.015052689 0.715967536 8.793533325 0.019486576 0.999808073 0.002023463 -0.762750626 -0.715860724 0.012539440 0.698130488 79.017959595
0.671956420 -0.012842690 0.740479350 9.469284058 0.019324182 0.999813199 -0.000195433 -0.771838546 -0.740338624 0.014440480 0.672078907 79.618972778
0.644790649 -0.010233952 0.764290571 10.163154602 0.017397128 0.999847829 -0.001288925 -0.779547930 -0.764161170 0.014127550 0.644870579 80.211044312
0.616847754 -0.008540693 0.787036180 10.878791809 0.017060423 0.999851286 -0.002521181 -0.790600181 -0.786897600 0.014982359 0.616901636 80.771514893
0.587682486 -0.002390538 0.809088111 11.611522675 0.015782427 0.999839187 -0.008509460 -0.809708714 -0.808937728 0.017770233 0.587625742 81.323112488
0.557738662 0.007059664 0.829986572 12.369472504 0.014486860 0.999728739 -0.018238405 -0.822858214 -0.829890192 0.022196164 0.557485104 81.832290649
0.526819110 0.015214305 0.849841237 13.138011932 0.013461795 0.999565125 -0.026239745 -0.848856866 -0.849870801 0.025263989 0.526385128 82.312370300
0.494971275 0.020360522 0.868670642 13.952407837 0.010614808 0.999509156 -0.029475551 -0.873172164 -0.868844509 0.023810327 0.494512171 82.787635803
0.462519407 0.019754248 0.886388958 14.784832001 0.008850373 0.999599040 -0.026895409 -0.903666794 -0.886565089 0.020284520 0.462159127 83.226264954
0.429216802 0.018640166 0.903009057 15.628641129 0.004192266 0.999735177 -0.022629475 -0.935036302 -0.903191745 0.013498606 0.429024994 83.636657715
0.394772887 0.019652631 0.918568492 16.484375000 -0.000137295 0.999772489 -0.021330975 -0.966719389 -0.918778658 0.008294775 0.394685745 84.015808105
0.359556645 0.022749381 0.932845950 17.367650986 -0.007302713 0.999740720 -0.021565989 -0.996942937 -0.933094740 0.000941887 0.359629542 84.376510620
0.324280173 0.024662649 0.945639551 18.277912140 -0.012245843 0.999685705 -0.021872830 -1.025507927 -0.945881903 -0.004487231 0.324480206 84.690254211
0.287841409 0.023890831 0.957380116 19.174325943 -0.014417869 0.999683559 -0.020611681 -1.050040007 -0.957569599 -0.007870486 0.288094759 84.974746704
0.251202464 0.023819705 0.967641354 20.121702194 -0.015595182 0.999666989 -0.020559497 -1.075789452 -0.967808902 -0.009925947 0.251490295 85.236648560
0.215357482 0.023137987 0.976261079 21.069299698 -0.014874689 0.999680996 -0.020411784 -1.102844715 -0.976421952 -0.010125751 0.215632945 85.442405701
0.180076301 0.022110393 0.983404100 22.018789291 -0.012846514 0.999714971 -0.020124730 -1.126596928 -0.983568788 -0.009009326 0.180309027 85.611755371
0.145690203 0.020880252 0.989109814 22.999877930 -0.004260209 0.999781251 -0.020478014 -1.161420107 -0.989321113 -0.001230369 0.145747259 85.748298645
0.112092912 0.024106782 0.993405223 23.969066620 -0.002347497 0.999709368 -0.023994876 -1.193569899 -0.993694961 0.000357639 0.112116896 85.851821899
0.078488439 0.028963722 0.996494234 24.940507889 -0.001515413 0.999580204 -0.028934054 -1.228451848 -0.996913850 0.000760888 0.078499377 85.945259094
0.049650963 0.033208668 0.998214424 25.954505920 0.005589681 0.999422252 -0.033526871 -1.258673429 -0.998751044 0.007244342 0.049436640 85.990585327
0.024021836 0.031373456 0.999219000 26.938039780 0.007794558 0.999471128 -0.031568758 -1.293459654 -0.999681115 0.008546811 0.023764580 86.009017944
0.001729671 0.028145917 0.999602318 27.928224564 0.008924302 0.999563456 -0.028160265 -1.330495119 -0.999958754 0.008969460 0.001477718 86.008781433
-0.016862141 0.026033740 0.999518931 28.984157562 0.009129688 0.999623239 -0.025882445 -1.367644310 -0.999816060 0.008688863 -0.017093472 85.989242554
-0.033354934 0.029136019 0.999018848 29.978513718 0.011270079 0.999522328 -0.028774425 -1.404398084 -0.999379873 0.010299252 -0.033667367 85.952270508
-0.048352327 0.033276867 0.998275876 30.973201752 0.013520488 0.999375045 -0.032658633 -1.440808654 -0.998738825 0.011918055 -0.048772030 85.906959534
-0.059975199 0.038870092 0.997442722 31.981752396 0.017771263 0.999124765 -0.037867077 -1.477098227 -0.998041689 0.015454737 -0.060613483 85.837356567
-0.068707384 0.042334121 0.996738195 32.975940704 0.023000952 0.998900950 -0.040840469 -1.522686958 -0.997371733 0.020119889 -0.069605596 85.761169434
-0.074627966 0.047816239 0.996064305 33.974231720 0.027026858 0.998579741 -0.045912065 -1.570282221 -0.996845067 0.023494164 -0.075814299 85.679267883
-0.078324944 0.052469656 0.995546103 34.972351074 0.029009694 0.998311102 -0.050333038 -1.625575662 -0.996505737 0.024938151 -0.079714790 85.600387573
-0.081167534 0.056358755 0.995105684 35.985401154 0.030865598 0.998063207 -0.054008655 -1.685276151 -0.996222436 0.026330782 -0.082749881 85.513313293
-0.083528437 0.059285298 0.994740307 36.984035492 0.031369947 0.997890353 -0.056838900 -1.746721268 -0.996011496 0.026457280 -0.085212015 85.426933289
-0.085971363 0.062919788 0.994308829 38.012393951 0.032807954 0.997641325 -0.060293987 -1.808317780 -0.995757282 0.027437679 -0.087832853 85.330566406
-0.087951399 0.067015365 0.993868053 39.020420074 0.033831082 0.997359753 -0.064256959 -1.872457504 -0.995550096 0.027972136 -0.089986391 85.234992981
-0.089761339 0.068143986 0.993629336 40.029228210 0.036971193 0.997196853 -0.065048784 -1.946827888 -0.995276868 0.030896800 -0.092029095 85.136573792
-0.092040122 0.066612855 0.993524730 41.043701172 0.037089795 0.997296810 -0.063429765 -2.021001101 -0.995064318 0.031011540 -0.094261982 85.044891357
-0.094140485 0.066637091 0.993326366 42.069976807 0.036623552 0.997313857 -0.063433662 -2.090455294 -0.994885087 0.030407459 -0.096328110 84.946479797
-0.096571043 0.067939021 0.993004680 43.093505859 0.036270000 0.997245312 -0.064701840 -2.158838749 -0.994665027 0.029767955 -0.098769173 84.852302551
-0.098700508 0.070172973 0.992639840 44.110511780 0.036091074 0.997106731 -0.066900119 -2.236248255 -0.994462490 0.029222369 -0.100947559 84.741462708
-0.101423495 0.072442003 0.992202282 45.143119812 0.034328878 0.997006238 -0.069283620 -2.312148809 -0.994250834 0.027034212 -0.103606716 84.639106750
-0.103807047 0.075685717 0.991713524 46.170448303 0.031960838 0.996839345 -0.072731413 -2.397074223 -0.994083822 0.024145950 -0.105897926 84.533546448
-0.106140196 0.080031902 0.991125226 47.209793091 0.028242193 0.996596217 -0.077449203 -2.473958731 -0.993950069 0.019771067 -0.108039208 84.430953979
-0.108961985 0.082320556 0.990631580 48.256866455 0.025861355 0.996462524 -0.079960585 -2.559765100 -0.993709624 0.016906401 -0.110705458 84.317222595
-0.111959137 0.080800697 0.990422368 49.301738739 0.023901498 0.996619344 -0.078604415 -2.646576166 -0.993425429 0.014872093 -0.113511913 84.205017090
-0.114725716 0.076725133 0.990429878 50.356105804 0.021029869 0.996977091 -0.074796356 -2.731560230 -0.993174672 0.012247546 -0.115992434 84.086914062
-0.116879657 0.075023472 0.990308285 51.420917511 0.021465750 0.997100711 -0.073004574 -2.817496777 -0.992914021 0.012724967 -0.118151210 83.957283020
-0.118971974 0.075580597 0.990016699 52.469512939 0.020538129 0.997072577 -0.073651180 -2.899545908 -0.992685080 0.011570669 -0.120175950 83.838943481
-0.120136864 0.078436725 0.989653885 53.539730072 0.021593828 0.996844411 -0.076385304 -2.982429028 -0.992522478 0.012193724 -0.121451512 83.707489014
-0.120740794 0.081260428 0.989352584 54.606819153 0.022374805 0.996613383 -0.079126187 -3.067585945 -0.992431879 0.012582812 -0.122150093 83.573936462
-0.120941989 0.081819765 0.989281833 55.672805786 0.020888034 0.996586263 -0.079870276 -3.160783768 -0.992439806 0.011004483 -0.122238189 83.442184448
-0.121002302 0.080625288 0.989372551 56.747516632 0.017927973 0.996710896 -0.079030685 -3.250080347 -0.992490292 0.008174548 -0.122049764 83.318176270
-0.121137075 0.080141686 0.989395380 57.828018188 0.014195743 0.996773362 -0.079001270 -3.342310905 -0.992534280 0.004475218 -0.121883899 83.194549561
-0.121196292 0.081325129 0.989291430 58.889949799 0.010000673 0.996687591 -0.080707945 -3.428457737 -0.992578208 0.000112072 -0.121608168 83.071304321
-0.121507660 0.081628829 0.989228249 59.965560913 0.005630539 0.996653318 -0.081549913 -3.517477989 -0.992574453 -0.004339055 -0.121560633 82.949127197
-0.121658154 0.080400057 0.989310443 61.050743103 0.002715446 0.996737123 -0.080669694 -3.620489836 -0.992568374 -0.007127711 -0.121479526 82.818168640
-0.121987455 0.075578630 0.989649832 62.155418396 0.002998740 0.997120261 -0.075779490 -3.710705280 -0.992527187 -0.006276446 -0.121862791 82.692039490
-0.122431144 0.066927478 0.990217745 63.248111725 0.006018124 0.997755468 -0.066692859 -3.796076298 -0.992458761 -0.002206028 -0.122559100 82.564086914
-0.122360326 0.061338730 0.990588486 64.347053528 0.012197028 0.998105943 -0.060297608 -3.883075476 -0.992410839 0.004704202 -0.122876719 82.427261353
-0.121019334 0.063866839 0.990593553 65.444114685 0.020599827 0.997874737 -0.061819635 -3.955605030 -0.992436528 0.012924683 -0.122077793 82.269767761
-0.119664863 0.069731012 0.990362465 66.529113770 0.026265593 0.997403562 -0.067053124 -4.026679039 -0.992466807 0.017988555 -0.121185705 82.133209229
-0.119089939 0.075335294 0.990021288 67.634704590 0.029972265 0.996935666 -0.072256081 -4.108853340 -0.992430985 0.021068208 -0.120982990 81.997619629
-0.118738361 0.079477742 0.989739597 68.722023010 0.030330162 0.996616542 -0.076391287 -4.198532581 -0.992462218 0.020948386 -0.120747179 81.875450134
-0.118207924 0.076938041 0.990003705 69.840881348 0.027062977 0.996873140 -0.074240513 -4.280862808 -0.992620051 0.018016631 -0.119920462 81.745712280
-0.118326187 0.072364032 0.990334511 70.940292358 0.026636846 0.997213483 -0.069684066 -4.371044159 -0.992617428 0.018133942 -0.119924039 81.628471375
-0.117941149 0.070070751 0.990545332 72.102973938 0.024512716 0.997408807 -0.067637615 -4.457159519 -0.992718160 0.016303694 -0.119353123 81.477378845
-0.117903665 0.071020231 0.990482152 73.230857849 0.022525074 0.997373819 -0.068833083 -4.535858154 -0.992769659 0.014195010 -0.119193748 81.349815369
-0.118021987 0.075747721 0.990117788 74.349266052 0.024151064 0.997010469 -0.073396236 -4.632255077 -0.992717266 0.015250025 -0.119498521 81.230125427
-0.116633661 0.078501850 0.990067720 75.513084412 0.023642754 0.996808350 -0.076251090 -4.713293552 -0.992893577 0.014514485 -0.118117422 81.070632935
-0.115505502 0.077409796 0.990285933 76.661880493 0.023737252 0.996889055 -0.075157277 -4.800354004 -0.993023217 0.014825586 -0.116983689 80.929435730
-0.115897387 0.070492394 0.990756392 77.810867310 0.025028976 0.997368991 -0.068035007 -4.894385815 -0.992945790 0.016912537 -0.117356814 80.806732178
-0.116314583 0.069220908 0.990797222 78.974609375 0.024061961 0.997472107 -0.066862471 -4.976535797 -0.992920935 0.016063446 -0.117686152 80.670051575
-0.116269179 0.072059855 0.990600288 80.124610901 0.021543015 0.997312903 -0.070019625 -5.063142776 -0.992984116 0.013199389 -0.117509179 80.549186707
-0.116083890 0.075066000 0.990398824 81.277114868 0.020922720 0.997103453 -0.073121868 -5.148677349 -0.993019104 0.012233565 -0.117318258 80.422241211
-0.115990564 0.074751228 0.990433455 82.458465576 0.019961610 0.997137964 -0.072919540 -5.234729767 -0.993049741 0.011312666 -0.117150776 80.287178040
-0.115197003 0.071521126 0.990764558 83.645080566 0.019364955 0.997376680 -0.069746882 -5.320378304 -0.993153870 0.011151482 -0.116279833 80.143028259
-0.114978440 0.070345812 0.990874112 84.827384949 0.019702561 0.997454703 -0.068526760 -5.409111023 -0.993172705 0.011643656 -0.116071790 80.016410828
-0.113347627 0.070549577 0.991047442 86.018112183 0.021794021 0.997412324 -0.068510063 -5.504553795 -0.993316531 0.013833459 -0.114591859 79.869781494
-0.112037472 0.071085505 0.991158068 87.213294983 0.023793669 0.997343898 -0.068839595 -5.584994316 -0.993419111 0.015870674 -0.113431290 79.729858398
-0.111563958 0.069834016 0.991300464 88.417480469 0.023380151 0.997436166 -0.067634977 -5.682507515 -0.993482232 0.015631128 -0.112910673 79.607925415
-0.109668538 0.070913479 0.991435349 89.611633301 0.024679463 0.997338414 -0.068605751 -5.763000965 -0.993661761 0.016944194 -0.111126773 79.454383850
-0.108343154 0.069415003 0.991687059 90.813873291 0.024579953 0.997441113 -0.067132376 -5.845040321 -0.993809640 0.017102284 -0.109772161 79.323806763
-0.107312471 0.068504520 0.991862416 92.028610229 0.022732191 0.997531533 -0.066436604 -5.934649467 -0.993965447 0.015417727 -0.108604841 79.200386047
-0.106504545 0.067429408 0.992023230 93.238479614 0.023824813 0.997584522 -0.065249562 -6.026167393 -0.994026721 0.016685395 -0.107853763 79.073577881
-0.104244038 0.068322800 0.992202163 94.459838867 0.021815075 0.997554600 -0.066399410 -6.112752438 -0.994312465 0.014723225 -0.105479583 78.940261841
-0.103177689 0.071061648 0.992121220 95.695251465 0.021899659 0.997365236 -0.069159746 -6.196473122 -0.994421840 0.014591370 -0.104462057 78.815284729
-0.102058291 0.070080325 0.992306828 96.917968750 0.019625040 0.997463226 -0.068426058 -6.282016754 -0.994584799 0.012490612 -0.103174701 78.695167542
-0.101707838 0.068446845 0.992456853 98.162689209 0.016164470 0.997612238 -0.067145869 -6.378264904 -0.994683027 0.009213281 -0.102571376 78.574920654
-0.101400852 0.069902897 0.992386758 99.403945923 0.013196912 0.997535050 -0.068917111 -6.461199284 -0.994758129 0.006108189 -0.102073394 78.451034546
-0.101702362 0.069070376 0.992414176 100.630859375 0.010504525 0.997605741 -0.068355225 -6.553648949 -0.994759500 0.003472951 -0.102184415 78.329627991
-0.102527551 0.066276215 0.992519796 101.875442505 0.007761966 0.997800946 -0.065827049 -6.646930695 -0.994699955 0.000954817 -0.102816515 78.202438354
-0.103972197 0.064985551 0.992454827 103.133201599 0.005737671 0.997885644 -0.064740054 -6.737048626 -0.994563580 -0.001036789 -0.104125261 78.080627441
-0.106084682 0.064609371 0.992255807 104.396087646 0.003617767 0.997905374 -0.064590424 -6.821153164 -0.994350493 -0.003262306 -0.106096223 77.965026855
-0.106875509 0.064128451 0.992202163 105.646583557 0.003775599 0.997936845 -0.064092405 -6.921154022 -0.994265258 -0.003103751 -0.106897108 77.823272705
-0.109104849 0.062762342 0.992046893 106.903633118 0.003376722 0.998022377 -0.062769018 -7.007614613 -0.994024575 -0.003498537 -0.109101020 77.689704895
-0.112548351 0.058108374 0.991945684 108.173858643 0.000012930 0.998288691 -0.058478475 -7.091585159 -0.993646324 -0.006568830 -0.112356499 77.559326172
-0.117032126 0.058066666 0.991429150 109.426536560 -0.000869912 0.998282850 -0.058570780 -7.173466206 -0.993127882 -0.007717118 -0.116780668 77.419982910
-0.122297227 0.064159214 0.990417540 110.663429260 -0.004988624 0.997856081 -0.065257072 -7.256979942 -0.992481053 -0.012921582 -0.121714965 77.272094727
-0.129594356 0.067285083 0.989281535 111.883308411 -0.004221236 0.997648597 -0.068407126 -7.343766212 -0.991558194 -0.013041168 -0.129005611 77.123931885
-0.138177454 0.063341044 0.988379836 113.136550903 -0.002242965 0.997930288 -0.064266667 -7.436060429 -0.990405023 -0.011097107 -0.137749374 76.944854736
-0.148899063 0.061394852 0.986944616 114.362777710 -0.000071146 0.998070061 -0.062097672 -7.524733543 -0.988852441 -0.009316502 -0.148607343 76.762878418
-0.162000254 0.061988462 0.984841824 115.589401245 0.000102881 0.998026073 -0.062801391 -7.616967678 -0.986790657 -0.010072519 -0.161686853 76.570678711
-0.175811797 0.062006507 0.982469022 116.805252075 0.002309611 0.998037577 -0.062575787 -7.705909252 -0.984421074 -0.008732442 -0.175610006 76.353668213
-0.190478772 0.060113300 0.979849100 118.018974304 0.002517397 0.998150110 -0.060746677 -7.791143894 -0.981688082 -0.009104287 -0.190277770 76.128211975
-0.205578580 0.062752075 0.976626694 119.219619751 0.006700624 0.998009026 -0.062715508 -7.878457069 -0.978617728 -0.006348957 -0.205589771 75.873764038
-0.221048102 0.066061445 0.973022878 120.398452759 0.006496284 0.997780859 -0.066266514 -7.965986729 -0.975241244 -0.008327059 -0.220986739 75.615020752
-0.236314565 0.070042372 0.969148815 121.562431335 0.006251702 0.997487485 -0.070566073 -8.053722382 -0.971656501 -0.010616965 -0.236158714 75.336448669
-0.252169162 0.067682460 0.965313315 122.742996216 0.003009546 0.997601032 -0.069160119 -8.153913498 -0.967678487 -0.014534898 -0.251767933 75.041954041
-0.268369108 0.062007602 0.961318433 123.905807495 -0.002662490 0.997874618 -0.065108865 -8.244586945 -0.963312507 -0.020032711 -0.267633647 74.738243103
-0.284110993 0.057972904 0.957037151 125.089729309 -0.006730076 0.998025239 -0.062453687 -8.331346512 -0.958767831 -0.024184711 -0.283159763 74.408248901
-0.299606174 0.059261125 0.952220798 126.238265991 -0.008663841 0.997858942 -0.064827397 -8.418975830 -0.954023719 -0.027672570 -0.298451155 74.065963745
-0.313443810 0.061576255 0.947608173 127.389930725 -0.008344174 0.997678339 -0.067589879 -8.502490044 -0.949570060 -0.029092642 -0.312202364 73.689117432
-0.327363163 0.063692898 0.942749441 128.525222778 -0.007034316 0.997533679 -0.069836773 -8.594568253 -0.944872439 -0.029493583 -0.326107681 73.305633545
-0.341684103 0.063277595 0.937682211 129.658828735 -0.004783403 0.997600734 -0.069064111 -8.694357872 -0.939802647 -0.028083419 -0.340561658 72.903175354
-0.355608404 0.061064892 0.932637990 130.783966064 -0.005183279 0.997719169 -0.067302458 -8.788822174 -0.934620619 -0.028767440 -0.354480773 72.485427856
-0.370093703 0.059920639 0.927059889 131.911361694 -0.005217609 0.997767866 -0.066573791 -8.882411003 -0.928979933 -0.029475575 -0.368954957 72.041763306
-0.384990662 0.061362874 0.920878232 133.010650635 -0.006594355 0.997578800 -0.069230743 -8.973539352 -0.922896922 -0.032725789 -0.383653969 71.596061707
-0.400247097 0.063528381 0.914202571 134.095397949 -0.005605808 0.997405887 -0.071764506 -9.064620972 -0.916390121 -0.033848379 -0.398852736 71.140327454
-0.414650857 0.065487429 0.907621145 135.212936401 -0.003989785 0.997266650 -0.073778376 -9.159667969 -0.909971833 -0.034213483 -0.413256258 70.645599365
-0.428812176 0.068307571 0.900807559 136.293914795 -0.000725084 0.997110963 -0.075955369 -9.256975174 -0.903393388 -0.033223744 -0.427523822 70.129318237
-0.444191605 0.071167752 0.893100739 137.377166748 -0.001427527 0.996782660 -0.080139749 -9.360054016 -0.895930707 -0.036872327 -0.442660809 69.613052368
-0.459052175 0.073623598 0.885353446 138.441757202 -0.000234058 0.996550202 -0.082991779 -9.458405495 -0.888409257 -0.038304783 -0.457451284 69.065109253
-0.474615782 0.070731528 0.877346456 139.524871826 -0.001802654 0.996685684 -0.081327811 -9.562475204 -0.880191207 -0.040181026 -0.472915351 68.504455566
-0.490919113 0.066118985 0.868692517 140.597717285 -0.004834833 0.996893764 -0.078609087 -9.667830467 -0.871191800 -0.042790689 -0.489074558 67.920227051
-0.506865561 0.066392250 0.859464526 141.670501709 -0.004998041 0.996786475 -0.079947732 -9.770360947 -0.862010598 -0.044818390 -0.504904926 67.306808472
-0.522709668 0.065639526 0.849979877 142.719909668 -0.006071644 0.996719480 -0.080705307 -9.869964600 -0.852489054 -0.047346227 -0.520596445 66.678146362
-0.538476288 0.064806245 0.840144694 143.762649536 -0.006529377 0.996687293 -0.081066333 -9.968832016 -0.842615306 -0.049137920 -0.536269367 66.016738892
-0.554070711 0.064140797 0.829994857 144.792098999 -0.007836437 0.996581256 -0.082245648 -10.077430725 -0.832432687 -0.052074112 -0.551674008 65.343994141
-0.569449067 0.063578457 0.819564164 145.827316284 -0.008214423 0.996514499 -0.083013073 -10.184625626 -0.821985602 -0.054003961 -0.566942036 64.640182495
-0.584860206 0.060871568 0.808846831 146.839981079 -0.008590481 0.996659338 -0.081217431 -10.290494919 -0.811088622 -0.054449216 -0.582383573 63.927169800
-0.599785089 0.057157103 0.798117101 147.859344482 -0.009142838 0.996890783 -0.078263104 -10.394679070 -0.800108969 -0.054238092 -0.597397625 63.174472809
-0.614445567 0.055827271 0.786981463 148.852554321 -0.008006667 0.997000635 -0.076977015 -10.498237610 -0.788918614 -0.053599283 -0.612155616 62.406452179
-0.629347503 0.053908080 0.775251985 149.829376221 -0.008912424 0.997024715 -0.076564394 -10.604249954 -0.777072906 -0.055094991 -0.626994669 61.631855011
-0.644183040 0.054962058 0.762893915 150.794921875 -0.010079965 0.996718168 -0.080319203 -10.710294724 -0.764804840 -0.059430219 -0.641515136 60.835121155
-0.659521520 0.054267872 0.749724150 151.751205444 -0.012310890 0.996476948 -0.082958505 -10.815902710 -0.751584888 -0.063942701 -0.656529963 60.018939972
-0.675465345 0.051029325 0.735624135 152.702865601 -0.014072192 0.996528864 -0.082049355 -10.926507950 -0.737257481 -0.065773331 -0.672402501 59.179275513
-0.691737950 0.043474082 0.720838726 153.634231567 -0.017613804 0.996873617 -0.077024586 -11.036596298 -0.721933722 -0.065977551 -0.688809633 58.316257477
-0.708468795 0.040939447 0.704553545 154.557495117 -0.018633626 0.996882975 -0.076662987 -11.140474319 -0.705496132 -0.067441717 -0.705497742 57.416137695
-0.725923419 0.038246822 0.686711192 155.453994751 -0.020332981 0.996822774 -0.077012733 -11.247846603 -0.687474787 -0.069868244 -0.722839415 56.498470306
-0.743120968 0.034534734 0.668265283 156.327850342 -0.023395427 0.996716022 -0.077524535 -11.352777481 -0.668747902 -0.073244475 -0.739872634 55.554527283
-0.760020494 0.032544885 0.649083614 157.185379028 -0.022958634 0.996777415 -0.076860718 -11.463531494 -0.649493456 -0.073317803 -0.756824195 54.591728210
-0.775923669 0.034531157 0.629880846 158.007019043 -0.020928368 0.996541917 -0.080412924 -11.568520546 -0.630479515 -0.075576685 -0.772517920 53.597103119
-0.790962577 0.034922644 0.610866845 158.805236816 -0.016337456 0.996808469 -0.078140609 -11.684075356 -0.611646175 -0.071786314 -0.787867844 52.578746796
-0.805922806 0.035338134 0.590965033 159.595947266 -0.013361493 0.996876955 -0.077832207 -11.797626495 -0.591869771 -0.070622928 -0.802933753 51.564922333
-0.820360363 0.036532953 0.570678949 160.342727661 -0.011655876 0.996681631 -0.080559745 -11.907406807 -0.571728110 -0.072739787 -0.817212224 50.519523621
-0.834059000 0.037644953 0.550389409 161.069061279 -0.011050300 0.996328890 -0.084891453 -12.023645401 -0.551564634 -0.076886445 -0.830581129 49.455821991
-0.847051799 0.037972856 0.530152261 161.767913818 -0.008285255 0.996380031 -0.084604844 -12.142310143 -0.531445861 -0.076057121 -0.843670905 48.365459442
-0.858640075 0.036211979 0.511298239 162.440444946 -0.007057948 0.996571600 -0.082433410 -12.256448746 -0.512530386 -0.074389331 -0.855440736 47.255226135
-0.869165301 0.037838519 0.493071765 163.085540771 -0.004285996 0.996454597 -0.084023453 -12.373473167 -0.494502991 -0.075143598 -0.865921617 46.139499664
-0.878517568 0.040787570 0.475965619 163.698577881 -0.001424656 0.996120214 -0.087991469 -12.486035347 -0.477707982 -0.077980138 -0.875051022 45.016208649
-0.887503922 0.038349260 0.459201604 164.300201416 -0.003284388 0.995979130 -0.089524880 -12.606431961 -0.460788459 -0.080961876 -0.883809507 43.883377075
-0.895813942 0.035668340 0.442995638 164.888610840 -0.004125335 0.996063948 -0.088541478 -12.733663559 -0.444410086 -0.081144191 -0.892140746 42.741744995
-0.902935982 0.033688936 0.428452611 165.449645996 -0.005016495 0.996028900 -0.088889018 -12.856980324 -0.429745823 -0.082410425 -0.899181366 41.583465576
-0.909559131 0.031559285 0.414374620 165.997116089 -0.005639045 0.996083140 -0.088240750 -12.983516693 -0.415536374 -0.082596831 -0.905818701 40.406913757
-0.915827572 0.029232012 0.400506347 166.523773193 -0.006498328 0.996137679 -0.087565303 -13.103965759 -0.401519090 -0.082797341 -0.912100375 39.235649109
-0.921324909 0.024471914 0.388022691 167.029052734 -0.008905364 0.996427000 -0.083987877 -13.221300125 -0.388691634 -0.080835603 -0.917815030 38.045520782
-0.926597714 0.020748097 0.375481039 167.551147461 -0.010504012 0.996659279 -0.080994159 -13.338075638 -0.375907212 -0.078993067 -0.923284352 36.838527679
-0.930999100 0.021163983 0.364407241 168.031936646 -0.007770343 0.996942341 -0.077752165 -13.450638771 -0.364938647 -0.075218759 -0.927988231 35.629436493
-0.934268355 0.024931021 0.355697662 168.484008789 -0.003339621 0.996897161 -0.078644782 -13.572556496 -0.356554657 -0.074663252 -0.931286335 34.470642090
-0.936433494 0.030215604 0.349541575 168.951400757 0.001895095 0.996705651 -0.081081733 -13.672369957 -0.350840002 -0.075265206 -0.933405817 33.234104156
-0.938191116 0.033339817 0.344508052 169.387344360 0.004812223 0.996510208 -0.083332404 -13.787622452 -0.346084088 -0.076523863 -0.935077488 32.036041260
-0.940385342 0.030522054 0.338738650 169.855316162 0.002722734 0.996608913 -0.082240798 -13.903613091 -0.340100020 -0.076415725 -0.937279344 30.823074341
-0.941944838 0.023616144 0.334936380 170.298553467 -0.002835322 0.996928453 -0.078266561 -14.021580696 -0.335756004 -0.074672431 -0.938984573 29.580795288
-0.943798602 0.017452139 0.330060065 170.742584229 -0.008382257 0.997020006 -0.076686926 -14.127788544 -0.330414832 -0.075143673 -0.940839767 28.364160538
-0.945457876 0.010619799 0.325571299 171.173889160 -0.015346263 0.996906579 -0.077083550 -14.247401237 -0.325382799 -0.077875547 -0.942370117 27.167184830
-0.946856201 0.008499254 0.321544915 171.617401123 -0.018522656 0.996551335 -0.080885239 -14.343874931 -0.321123421 -0.082542554 -0.943433344 25.929479599
-0.947557986 0.008572224 0.319469064 172.034027100 -0.019034017 0.996351838 -0.083190478 -14.455565453 -0.319016725 -0.084908560 -0.943938017 24.720762253
-0.947833955 0.009623069 0.318619370 172.455734253 -0.018484151 0.996203125 -0.085074656 -14.576745987 -0.318228245 -0.086526066 -0.944057226 23.496150970
-0.947444558 0.012625273 0.319670886 172.854888916 -0.016116515 0.996068776 -0.087105654 -14.688617706 -0.319513977 -0.087679759 -0.943516374 22.267196655
-0.947223008 0.013408701 0.320294976 173.277160645 -0.015826102 0.995950639 -0.088497341 -14.809527397 -0.320184708 -0.088895731 -0.943175137 21.060817719
-0.946748137 0.014478713 0.321649313 173.694290161 -0.015547278 0.995767355 -0.090585560 -14.930673599 -0.321599454 -0.090762496 -0.942515790 19.847312927
-0.946060240 0.015599187 0.323615015 174.113830566 -0.014533463 0.995791554 -0.090487346 -15.054752350 -0.323664695 -0.090309747 -0.941852033 18.641819000
-0.945359230 0.015025798 0.325684190 174.538085938 -0.015328675 0.995784342 -0.090435959 -15.180809975 -0.325670034 -0.090486780 -0.941143572 17.445022583
-0.944147527 0.013694259 0.329238623 174.962203979 -0.016836155 0.995826542 -0.089700654 -15.312934875 -0.329092890 -0.090233773 -0.939976454 16.262050629
-0.942369282 0.011856697 0.334364086 175.391281128 -0.018727936 0.995935678 -0.088099003 -15.428773880 -0.334049642 -0.089283749 -0.938317418 15.059593201
-0.940552115 0.009488587 0.339516640 175.835159302 -0.020623846 0.996169686 -0.084973872 -15.551820755 -0.339022517 -0.086924486 -0.936753988 13.880603790
-0.937958717 0.007192011 0.346672386 176.278396606 -0.022862900 0.996326447 -0.082527615 -15.662450790 -0.345992386 -0.085333437 -0.934348702 12.694618225
-0.935552597 0.009334184 0.353064328 176.734283447 -0.021311443 0.996337235 -0.082812026 -15.772066116 -0.352544069 -0.084999315 -0.931926966 11.527198792
-0.931964934 0.009838627 0.362414867 177.172973633 -0.021286223 0.996422350 -0.081788704 -15.898723602 -0.361922950 -0.083938651 -0.928421319 10.358703613
-0.928216994 0.012444071 0.371831149 177.640319824 -0.020404132 0.996233404 -0.084276624 -16.010845184 -0.371479362 -0.085813887 -0.924466968 9.205291748
-0.923802674 0.014278631 0.382602453 178.113708496 -0.019020049 0.996359110 -0.083108231 -16.124633789 -0.382396102 -0.084052749 -0.920167625 8.041053772
-0.919182777 0.015848588 0.393512100 178.609893799 -0.018860441 0.996272087 -0.084179610 -16.239669800 -0.393379271 -0.084798262 -0.915457308 6.921783447
-0.913213074 0.018088682 0.407080740 179.118957520 -0.018254247 0.996195197 -0.085216179 -16.359249115 -0.407073408 -0.085251488 -0.909408271 5.761177063
-0.907250285 0.020372968 0.420097530 179.653381348 -0.017138654 0.996205747 -0.085324727 -16.472150803 -0.420241952 -0.084610797 -0.903458774 4.615638733
-0.900804460 0.020386573 0.433746368 180.200775146 -0.017030932 0.996469975 -0.082205057 -16.589557648 -0.433891088 -0.081437789 -0.897277236 3.464530945
-0.894356906 0.022392625 0.446793318 180.762405396 -0.016260542 0.996459186 -0.082490213 -16.707340240 -0.447058499 -0.081040762 -0.890826106 2.355216980
-0.887363315 0.024814058 0.460402608 181.334335327 -0.014557531 0.996545076 -0.081767887 -16.816633224 -0.460840970 -0.079260126 -0.883936405 1.233711243
-0.880175591 0.025909148 0.473940343 181.925704956 -0.013219667 0.996783555 -0.079042509 -16.931209564 -0.474463969 -0.075836621 -0.877002060 0.149444580
-0.872530460 0.027640536 0.487777144 182.534851074 -0.010832183 0.997058392 -0.075876132 -17.042343140 -0.488439620 -0.071487911 -0.869664371 -0.941284180
-0.864231467 0.030880293 0.502145767 183.147613525 -0.007594224 0.997200012 -0.074394748 -17.142848969 -0.503037095 -0.068107694 -0.861577153 -2.004409790
-0.855857432 0.033493545 0.516126037 183.789428711 -0.005452111 0.997261286 -0.073757254 -17.239274979 -0.517182946 -0.065939695 -0.853330970 -3.032951355
-0.845007896 0.036803361 0.533485889 184.416198730 -0.001795811 0.997427940 -0.071653597 -17.345264435 -0.534750879 -0.061505888 -0.842768371 -4.068305969
-0.834472418 0.039566934 0.549627244 185.074157715 0.000865425 0.997511685 -0.070495620 -17.443506241 -0.551048994 -0.058350988 -0.832430243 -5.064903259
-0.822679043 0.041328885 0.567001820 185.750732422 0.002754841 0.997632146 -0.068720557 -17.553070068 -0.568499446 -0.054972965 -0.820844948 -6.075531006
-0.811314404 0.043196760 0.583011925 186.462127686 0.003552364 0.997612298 -0.068972073 -17.645870209 -0.584599257 -0.053886957 -0.809530675 -7.051155090
-0.798625529 0.045753703 0.600086451 187.189712524 0.005779049 0.997642994 -0.068374418 -17.741876602 -0.601800442 -0.051137634 -0.797007680 -8.020072937
-0.785027623 0.046501543 0.617712855 187.929885864 0.006831117 0.997767687 -0.066430740 -17.831745148 -0.619423032 -0.047930300 -0.783592880 -8.968498230
-0.769590437 0.048655514 0.636681318 188.698059082 0.009289678 0.997840285 -0.065026537 -17.923524857 -0.638470173 -0.044129234 -0.768380344 -9.914237976
