1.000000000 0.000000000 0.000000000 0.000000000 0.000000000 1.000000000 0.000000000 0.000000000 0.000000000 0.000000000 1.000000000 0.000000000
1.000000000 -0.000047210 0.000141155 -0.015108990 0.000047008 0.999998987 0.001427579 -0.012455730 -0.000141222 -0.001427572 0.999998987 1.315455317
0.999998569 -0.001576882 -0.000620589 -0.011968426 0.001577975 0.999997199 0.001765573 -0.039344300 0.000617804 -0.001766550 0.999998212 2.617420912
0.999995947 -0.002772471 -0.000615182 -0.016889088 0.002772918 0.999995887 0.000726282 -0.054805104 0.000613166 -0.000727985 0.999999464 3.929461479
0.999995232 -0.003018963 -0.000607057 -0.025797060 0.003019460 0.999995112 0.000820189 -0.072833464 0.000604577 -0.000822018 0.999999464 5.255531311
0.999993384 -0.003565424 -0.000588372 -0.025849259 0.003566411 0.999992192 0.001686414 -0.097804174 0.000582355 -0.001688502 0.999998391 6.573387146
0.999987304 -0.005033851 -0.000279418 -0.033228066 0.005034586 0.999983609 0.002695421 -0.111393578 0.000265845 -0.002696794 0.999996305 7.897844315
0.999989212 -0.004622397 -0.000322618 -0.039719634 0.004623466 0.999983549 0.003395579 -0.134948596 0.000306917 -0.003397034 0.999994159 9.237373352
0.999993801 -0.003490875 -0.000449128 -0.051097218 0.003491540 0.999992847 0.001489361 -0.151542261 0.000443926 -0.001490920 0.999998808 10.582596779
0.999998808 -0.001303689 -0.000827473 -0.052364733 0.001303351 0.999999106 -0.000410421 -0.174137056 0.000828007 0.000409342 0.999999523 11.938811302
0.999996960 0.002427956 -0.000360051 -0.076755464 -0.002428437 0.999996066 -0.001340279 -0.201660097 0.000356796 0.001341150 0.999999046 13.247372627
0.999988317 0.004789120 -0.000510607 -0.087449342 -0.004789855 0.999987483 -0.001447571 -0.224402204 0.000503668 0.001450000 0.999998808 14.589314461
0.999982953 0.005832698 -0.000024334 -0.103530087 -0.005832708 0.999982893 -0.000451849 -0.246742606 0.000021698 0.000451983 0.999999881 15.934557915
0.999994159 0.003414650 0.000192627 -0.104778923 -0.003415107 0.999991238 0.002422296 -0.266847193 -0.000184354 -0.002422940 0.999997020 17.290218353
0.999999464 -0.001013934 0.000143493 -0.099224016 0.001013297 0.999989986 0.004367020 -0.291276217 -0.000147920 -0.004366871 0.999990463 18.661418915
0.999994457 -0.003321613 0.000086478 -0.105146348 0.003321449 0.999992788 0.001842254 -0.303891182 -0.000092597 -0.001841957 0.999998212 19.988845825
0.999991536 -0.004108532 0.000159559 -0.117161579 0.004108542 0.999991596 -0.000056845 -0.321014643 -0.000159324 0.000057500 0.999999940 21.334009171
0.999997556 -0.001696201 0.001378891 -0.135997847 0.001698430 0.999997258 -0.001616859 -0.344055355 -0.001376145 0.001619196 0.999997675 22.684642792
0.999997914 0.001201661 0.001644976 -0.130729198 -0.001202295 0.999999166 0.000384409 -0.369307101 -0.001644513 -0.000386386 0.999998510 24.054563522
0.999995708 0.001841261 0.002256146 -0.138182521 -0.001850265 0.999990344 0.003995162 -0.387594670 -0.002248768 -0.003999319 0.999989510 25.427785873
0.999995232 -0.000609701 0.003029817 -0.142253846 0.000591689 0.999982178 0.005942051 -0.401649594 -0.003033386 -0.005940230 0.999977767 26.802061081
0.999981165 -0.005784363 0.002045250 -0.124216482 0.005775916 0.999974966 0.004111787 -0.422068000 -0.002068983 -0.004099897 0.999989390 28.195501328
0.999981821 -0.005566611 0.002317776 -0.132302850 0.005562473 0.999982893 0.001787728 -0.434645504 -0.002327688 -0.001774802 0.999995708 29.564449310
0.999975681 -0.006319000 0.002946971 -0.135818034 0.006321017 0.999979794 -0.000675573 -0.457570523 -0.002942642 0.000694184 0.999995410 30.940744400
0.999988735 -0.002955252 0.003703073 -0.148083135 0.002959534 0.999994993 -0.001151248 -0.482625186 -0.003699652 0.001162195 0.999992430 32.320014954
0.999990582 -0.002434694 0.003590529 -0.135977685 0.002446970 0.999991179 -0.003418507 -0.507123709 -0.003582175 0.003427261 0.999987721 33.710315704
0.999992073 -0.001665966 0.003610166 -0.132851213 0.001676420 0.999994457 -0.002894866 -0.529192924 -0.003605323 0.002900895 0.999989331 35.105331421
0.999992549 -0.000997742 0.003733449 -0.145789430 0.001004467 0.999997854 -0.001800032 -0.555301487 -0.003731645 0.001803768 0.999991417 36.490856171
0.999994516 0.000267517 0.003306763 -0.149565920 -0.000267663 0.999999940 0.000043716 -0.580855191 -0.003306751 -0.000044601 0.999994576 37.892723083
0.999989986 0.003011558 0.003317659 -0.151938930 -0.003012983 0.999995351 0.000424396 -0.610296845 -0.003316366 -0.000434388 0.999994397 39.296962738
0.999976456 0.005715676 0.003805560 -0.164291799 -0.005714840 0.999983668 -0.000230607 -0.627769113 -0.003806817 0.000208853 0.999992728 40.686241150
0.999964118 0.007627171 0.003690719 -0.165042788 -0.007627915 0.999970913 0.000187931 -0.648794949 -0.003689178 -0.000216076 0.999993145 42.106601715
0.999957979 0.008541665 0.003328142 -0.168143347 -0.008542330 0.999963522 0.000185513 -0.671182930 -0.003326436 -0.000213935 0.999994397 43.504364014
0.999969006 0.007378967 0.002745922 -0.168382734 -0.007379206 0.999972761 0.000077216 -0.696908355 -0.002745277 -0.000097477 0.999996245 44.927581787
0.999976993 0.006499226 0.001966484 -0.169647068 -0.006498824 0.999978840 -0.000211236 -0.718400240 -0.001967815 0.000198451 0.999998033 46.323287964
0.999982715 0.005745579 0.001213310 -0.178215295 -0.005745595 0.999983430 0.000010103 -0.743460238 -0.001213232 -0.000017075 0.999999285 47.728054047
0.999981225 0.006129979 0.000152841 -0.181922674 -0.006130137 0.999980628 0.001058202 -0.762794375 -0.000146351 -0.001059119 0.999999464 49.156196594
0.999978185 0.006529007 -0.001119965 -0.188467264 -0.006527899 0.999978304 0.000990731 -0.789894760 0.001126410 -0.000983398 0.999998868 50.568622589
0.999973595 0.006907603 -0.002287551 -0.201653674 -0.006904024 0.999975026 0.001568926 -0.810552895 0.002298331 -0.001553091 0.999996126 51.982738495
0.999971628 0.006824098 -0.003221770 -0.216313288 -0.006816279 0.999973834 0.002431714 -0.834710181 0.003238281 -0.002409684 0.999991834 53.405086517
0.999978721 0.005388586 -0.003674156 -0.229933038 -0.005376086 0.999979734 0.003403737 -0.854960740 0.003692423 -0.003383913 0.999987423 54.844772339
0.999983490 0.003394288 -0.004640209 -0.236716405 -0.003377279 0.999987602 0.003668549 -0.876907468 0.004652604 -0.003652817 0.999982536 56.266201019
0.999987125 0.000848066 -0.005000379 -0.250935405 -0.000833518 0.999995410 0.002910896 -0.896350026 0.005002825 -0.002906690 0.999983191 57.675769806
0.999986112 -0.000191718 -0.005269886 -0.263944536 0.000209592 0.999994278 0.003391459 -0.916758180 0.005269205 -0.003392516 0.999980330 59.097728729
0.999987662 -0.001563533 -0.004716894 -0.272547811 0.001581682 0.999991357 0.003846381 -0.936228573 0.004710839 -0.003853795 0.999981463 60.511878967
0.999987006 -0.003007274 -0.004130996 -0.282550961 0.003027534 0.999983430 0.004906860 -0.956242919 0.004116170 -0.004919304 0.999979436 61.943672180
0.999983549 -0.004405410 -0.003655496 -0.296990573 0.004422155 0.999979734 0.004585485 -0.984792709 0.003635221 -0.004601575 0.999982834 63.343032837
0.999980271 -0.005435085 -0.003126491 -0.310846061 0.005445556 0.999979615 0.003350199 -0.996795356 0.003108218 -0.003367159 0.999989510 64.753814697
0.999979258 -0.005797019 -0.002800606 -0.309388459 0.005806737 0.999977112 0.003473714 -1.026144147 0.002780405 -0.003489904 0.999989986 66.156143188
0.999986708 -0.004862206 -0.001710463 -0.320567578 0.004868051 0.999982297 0.003429700 -1.043317080 0.001693756 -0.003437981 0.999992669 67.589134216
0.999997795 -0.001503920 -0.001476730 -0.336240560 0.001510523 0.999988794 0.004481126 -1.061622500 0.001469975 -0.004483347 0.999988854 68.971900940
0.999998510 0.001604623 -0.000713214 -0.351745814 -0.001600553 0.999982655 0.005669896 -1.079961896 0.000722299 -0.005668744 0.999983728 70.366218567
0.999985039 0.005460725 0.000099128 -0.362660080 -0.005461254 0.999963939 0.006502163 -1.102751970 -0.000063617 -0.006502608 0.999978781 71.766464233
0.999956012 0.009362278 0.000631099 -0.378862470 -0.009366028 0.999936759 0.006226064 -1.119339824 -0.000572769 -0.006231701 0.999980330 73.159965515
0.999917686 0.012756577 0.001368378 -0.391534209 -0.012764035 0.999902844 0.005588243 -1.141886830 -0.001296958 -0.005605249 0.999983430 74.564483643
0.999891579 0.014580739 0.002064699 -0.400751740 -0.014591904 0.999878347 0.005501280 -1.160045147 -0.001984235 -0.005530810 0.999982715 75.951652527
0.999894083 0.014397318 0.002141784 -0.403404295 -0.014409553 0.999879301 0.005810859 -1.174725413 -0.002057865 -0.005841106 0.999980807 77.348564148
0.999903619 0.013659255 0.002474796 -0.412654579 -0.013672628 0.999891579 0.005469045 -1.194513679 -0.002399825 -0.005502355 0.999981999 78.722877502
0.999921620 0.012284091 0.002425170 -0.421367288 -0.012295169 0.999913752 0.004606777 -1.212884903 -0.002368371 -0.004636234 0.999986470 80.105682373
0.999932468 0.011477287 0.001837516 -0.422177672 -0.011485970 0.999922574 0.004785748 -1.232967019 -0.001782446 -0.004806528 0.999986887 81.485733032
0.999933720 0.011380902 0.001743085 -0.426685244 -0.011389079 0.999923825 0.004756000 -1.249835610 -0.001688825 -0.004775537 0.999987185 82.865997314
0.999942362 0.010697983 0.000915894 -0.422939390 -0.010701811 0.999933541 0.004284236 -1.267679811 -0.000870000 -0.004293791 0.999990344 84.240844727
0.999940336 0.010918128 0.000346875 -0.442790061 -0.010919623 0.999929547 0.004651580 -1.280895948 -0.000296064 -0.004655090 0.999989092 85.610069275
0.999947965 0.010168262 -0.000775423 -0.442337573 -0.010163906 0.999933541 0.005428107 -1.299006224 0.000830566 -0.005419943 0.999984920 86.986953735
0.999961734 0.008608188 -0.001558184 -0.455471188 -0.008597604 0.999940753 0.006676266 -1.333518267 0.001615562 -0.006662615 0.999976456 88.352607727
0.999977589 0.006108204 -0.002731866 -0.467282832 -0.006087830 0.999954045 0.007404824 -1.349990845 0.002776971 -0.007388027 0.999968886 89.720077515
0.999986649 0.003745457 -0.003564054 -0.477660418 -0.003718952 0.999965608 0.007414591 -1.374877691 0.003591703 -0.007401238 0.999966145 91.098434448
0.999987662 0.002965214 -0.004006051 -0.488263607 -0.002939017 0.999974310 0.006529725 -1.385343790 0.004025309 -0.006517870 0.999970675 92.481185913
0.999990404 0.001612146 -0.004080821 -0.501395106 -0.001585843 0.999978006 0.006440931 -1.407680631 0.004091117 -0.006434398 0.999970913 93.802581787
0.999987960 0.001895557 -0.004518638 -0.509158194 -0.001869557 0.999981701 0.005751296 -1.419495463 0.004529458 -0.005742779 0.999973238 95.173934937
0.999989569 0.001715492 -0.004216881 -0.528549552 -0.001693741 0.999985278 0.005156308 -1.439489245 0.004225665 -0.005149111 0.999977767 96.530929565
0.999987721 0.002387703 -0.004338644 -0.541990399 -0.002367672 0.999986649 0.004616132 -1.460399985 0.004349608 -0.004605803 0.999979913 97.866889954
0.999984741 0.003895774 -0.003904496 -0.556462169 -0.003877260 0.999981225 0.004738366 -1.479178309 0.003922882 -0.004723154 0.999981105 99.186927795
0.999984443 0.004187357 -0.003681100 -0.570290029 -0.004164397 0.999971986 0.006223101 -1.494156122 0.003707055 -0.006207676 0.999973893 100.522598267
0.999979317 0.005103534 -0.003913789 -0.582899988 -0.005073393 0.999957621 0.007673093 -1.516293764 0.003952783 -0.007653079 0.999962926 101.850723267
0.999984026 0.004338256 -0.003633570 -0.596435845 -0.004315437 0.999971032 0.006264589 -1.528900385 0.003660643 -0.006248808 0.999973834 103.186233521
0.999982476 0.004746038 -0.003543003 -0.611798167 -0.004732266 0.999981284 0.003885323 -1.549235225 0.003561377 -0.003868489 0.999986172 104.478591919
0.999985218 0.003787579 -0.003901607 -0.619267285 -0.003777818 0.999989748 0.002506033 -1.563297272 0.003911059 -0.002491257 0.999989271 105.820915222
0.999991596 0.001211853 -0.003907547 -0.628521562 -0.001195535 0.999990582 0.004175740 -1.591895819 0.003912570 -0.004171033 0.999983668 107.134040833
0.999993920 -0.001185026 -0.003297804 -0.640794873 0.001205242 0.999980509 0.006135061 -1.607210040 0.003290470 -0.006138999 0.999975741 108.473167419
0.999993742 -0.002601864 -0.002371914 -0.646162033 0.002617148 0.999975681 0.006463748 -1.621818066 0.002355038 -0.006469916 0.999976277 109.783973694
0.999992192 -0.003491833 -0.001817889 -0.651608944 0.003501313 0.999980152 0.005238185 -1.639355659 0.001799561 -0.005244509 0.999984622 111.103424072
0.999998033 -0.001758696 -0.000885744 -0.669033527 0.001761411 0.999993742 0.003073918 -1.659456491 0.000880332 -0.003075473 0.999994814 112.426376343
0.999999702 0.000387183 0.000644182 -0.680378854 -0.000387661 0.999999642 0.000742163 -1.675246596 -0.000643894 -0.000742413 0.999999464 113.769279480
0.999992728 0.003402433 0.001733795 -0.691038609 -0.003403806 0.999993861 0.000789747 -1.694894314 -0.001731097 -0.000795642 0.999998212 115.065200806
0.999983430 0.004728731 0.003281418 -0.700998902 -0.004737008 0.999985576 0.002519449 -1.711844206 -0.003269457 -0.002534951 0.999991477 116.405647278
0.999980450 0.004483785 0.004364212 -0.704640210 -0.004505908 0.999976993 0.005072461 -1.738160849 -0.004341367 -0.005092026 0.999977589 117.726303101
0.999978662 0.003840997 0.005299887 -0.707809925 -0.003870408 0.999977112 0.005550347 -1.751903057 -0.005278446 -0.005570740 0.999970555 119.061935425
0.999971747 0.004314005 0.006152579 -0.705782533 -0.004344395 0.999978304 0.004934543 -1.765230775 -0.006131159 -0.004961132 0.999968886 120.394424438
0.999955714 0.005880144 0.007347800 -0.701784909 -0.005911988 0.999973118 0.004319815 -1.778562546 -0.007322202 -0.004363063 0.999963701 121.736358643
0.999927998 0.008273953 0.008691787 -0.709481001 -0.008309290 0.999957323 0.004037343 -1.797728062 -0.008658011 -0.004109275 0.999954104 123.062789917
0.999911726 0.008773583 0.009980040 -0.708415747 -0.008802051 0.999957323 0.002812189 -1.810577273 -0.009954939 -0.002899786 0.999946296 124.406204224
0.999894023 0.009895941 0.010672362 -0.702275991 -0.009921191 0.999948084 0.002315476 -1.837429523 -0.010648895 -0.002421113 0.999940395 125.740058899
0.999892890 0.008811369 0.011676768 -0.695664763 -0.008836935 0.999958694 0.002139747 -1.852886438 -0.011657431 -0.002242706 0.999929607 127.086074829
0.999886572 0.008364990 0.012527035 -0.686206937 -0.008407424 0.999959052 0.003338586 -1.876324534 -0.012498594 -0.003443527 0.999915898 128.418746948
0.999887705 0.006885691 0.013309693 -0.674406409 -0.006939572 0.999967873 0.004006253 -1.892295003 -0.013281682 -0.004098167 0.999903321 129.736770630
0.999881923 0.006603588 0.013875335 -0.672654271 -0.006664528 0.999968469 0.004350403 -1.909035921 -0.013846168 -0.004442363 0.999894261 131.121261597
0.999889791 0.004132277 0.014259134 -0.658503652 -0.004194051 0.999981880 0.004305042 -1.918010712 -0.014241086 -0.004364371 0.999889076 132.471435547
0.999904156 0.002772456 0.013558119 -0.648006797 -0.002842982 0.999982655 0.005185307 -1.945425510 -0.013543506 -0.005223356 0.999894619 133.819717407
0.999916017 0.001263040 0.012893535 -0.635373950 -0.001326155 0.999987185 0.004887719 -1.958330750 -0.012887195 -0.004904408 0.999904871 135.166183472
0.999930799 0.000096655 0.011760861 -0.627883673 -0.000151801 0.999988973 0.004688214 -1.973217964 -0.011760277 -0.004689675 0.999919832 136.497406006
0.999940038 -0.001573375 0.010837827 -0.616801500 0.001512588 0.999983013 0.005614756 -1.993629694 -0.010846477 -0.005598025 0.999925494 137.854354858
0.999945104 -0.003185112 0.009983623 -0.610416651 0.003125501 0.999977171 0.005980717 -2.010881901 -0.010002444 -0.005949184 0.999932289 139.196945190
0.999961078 -0.003386501 0.008149549 -0.597757936 0.003338834 0.999977291 0.005855570 -2.027637482 -0.008169194 -0.005828132 0.999949634 140.549026489
0.999964535 -0.004296153 0.007252737 -0.598296285 0.004256770 0.999976158 0.005436822 -2.044410229 -0.007275922 -0.005405755 0.999958932 141.887512207
0.999974370 -0.003916150 0.005984676 -0.596946478 0.003885426 0.999979258 0.005136889 -2.063542604 -0.006004668 -0.005113505 0.999968886 143.221984863
0.999965966 -0.006729066 0.004754447 -0.595946312 0.006716365 0.999973893 0.002682200 -2.079590559 -0.004772372 -0.002650176 0.999985039 144.555358887
0.999919116 -0.012066069 0.004044611 -0.584749579 0.012057779 0.999925137 0.002068373 -2.095941544 -0.004069267 -0.002019437 0.999989629 145.927520752
0.999815524 -0.018869532 0.003582138 -0.590454578 0.018853579 0.999812424 0.004436799 -2.110882998 -0.003665186 -0.004368444 0.999983668 147.268707275
0.999652147 -0.026331462 0.001480936 -0.573761702 0.026322367 0.999636352 0.005860609 -2.131265640 -0.001634716 -0.005819589 0.999981701 148.631896973
0.999550998 -0.029960720 0.000276267 -0.561507821 0.029960012 0.999548495 0.002287536 -2.144822598 -0.000344679 -0.002278232 0.999997318 149.988082886
0.999579668 -0.028973730 0.001025058 -0.571121812 0.028974324 0.999580026 -0.000565834 -2.172950268 -0.001008234 0.000595297 0.999999285 151.329956055
0.999671340 -0.025561063 0.001933121 -0.583495855 0.025566375 0.999669313 -0.002773322 -2.194957972 -0.001861593 0.002821833 0.999994218 152.662338257
0.999663293 -0.025806520 0.002755268 -0.582129836 0.025813589 0.999663472 -0.002561036 -2.226385117 -0.002688250 0.002631297 0.999992907 154.032226562
0.999575436 -0.028932879 0.003446625 -0.587523162 0.028929954 0.999581039 0.000896314 -2.250926256 -0.003471114 -0.000796223 0.999993682 155.373748779
0.999402642 -0.034346621 0.003862833 -0.571749747 0.034332134 0.999403536 0.003756646 -2.271652937 -0.003989556 -0.003621782 0.999985456 156.734741211
0.999264896 -0.038137976 0.003913986 -0.567761600 0.038117867 0.999260306 0.005091858 -2.287045479 -0.004105284 -0.004938922 0.999979377 158.070739746
0.999203324 -0.039707355 0.004008746 -0.558508933 0.039687220 0.999199688 0.004981801 -2.308350801 -0.004203351 -0.004818736 0.999979556 159.438674927
0.999256790 -0.038228229 0.004962331 -0.561453044 0.038199041 0.999253154 0.005847575 -2.325248957 -0.005182166 -0.005653673 0.999970675 160.780075073
0.999404848 -0.034004290 0.005800716 -0.546592295 0.033975910 0.999410570 0.004921576 -2.341926813 -0.005964651 -0.004721562 0.999971151 162.158691406
0.999517858 -0.030213486 0.007158834 -0.584097147 0.030195855 0.999540746 0.002558063 -2.351898909 -0.007232835 -0.002340662 0.999971092 163.471664429
0.999582708 -0.027723175 0.008104922 -0.583052158 0.027707312 0.999613941 0.002063032 -2.371243954 -0.008158988 -0.001837605 0.999965012 164.828567505
0.999635577 -0.025598323 0.008574559 -0.585718155 0.025570778 0.999667525 0.003306559 -2.389915943 -0.008656352 -0.003086095 0.999957681 166.185165405
0.999681115 -0.023892526 0.008163148 -0.583287358 0.023867147 0.999709964 0.003192180 -2.414032936 -0.008237049 -0.002996331 0.999961615 167.555572510
0.999739170 -0.021492926 0.007720938 -0.574770570 0.021490516 0.999768972 0.000394784 -2.429010630 -0.007727641 -0.000228754 0.999970138 168.912414551
0.999816716 -0.017714804 0.007259591 -0.579376578 0.017733235 0.999839604 -0.002482092 -2.448862314 -0.007214458 0.002610373 0.999970555 170.297561646
0.999898851 -0.012256296 0.007205946 -0.584305048 0.012283209 0.999917686 -0.003701924 -2.475221634 -0.007159980 0.003790061 0.999967158 171.660095215
0.999943614 -0.007497005 0.007537169 -0.590864062 0.007516703 0.999968410 -0.002588379 -2.498675346 -0.007517526 0.002644888 0.999968171 173.031890869
0.999954462 -0.004924618 0.008177808 -0.595765352 0.004930873 0.999987543 -0.000744947 -2.519855976 -0.008174037 0.000785237 0.999966264 174.397155762
0.999956548 -0.004040543 0.008405579 -0.598770261 0.004027681 0.999990702 0.001546474 -2.541668892 -0.008411749 -0.001512552 0.999963462 175.768692017
0.999944925 -0.007410960 0.007431073 -0.596280694 0.007393064 0.999969721 0.002432668 -2.563181639 -0.007448876 -0.002377596 0.999969423 177.135467529
0.999942124 -0.009112747 0.005712737 -0.588955402 0.009098357 0.999955356 0.002540112 -2.577041626 -0.005735629 -0.002487989 0.999980509 178.525054932
0.999947250 -0.009516101 0.003870771 -0.595359564 0.009523016 0.999953091 -0.001772387 -2.604927540 -0.003853724 0.001809155 0.999990940 179.901107788
0.999966919 -0.007793155 0.002302953 -0.593282700 0.007807160 0.999950767 -0.006136046 -2.627685070 -0.002255020 0.006153822 0.999978542 181.295593262
0.999994397 -0.002985434 0.001592465 -0.609054327 0.002995784 0.999974251 -0.006537034 -2.662426472 -0.001572908 0.006541769 0.999977291 182.701202393
0.999998629 0.000652810 0.001528560 -0.621338665 -0.000644104 0.999983549 -0.005689111 -2.691494942 -0.001532249 0.005688119 0.999982655 184.095275879
0.999994695 0.002697610 0.001879308 -0.635242224 -0.002693620 0.999994099 -0.002123005 -2.720597982 -0.001885024 0.002117931 0.999995947 185.489288330
0.999992013 0.003372248 0.002149055 -0.638997793 -0.003372065 0.999994338 -0.000088186 -2.744199991 -0.002149340 0.000080939 0.999997675 186.880874634
0.999993920 0.002703424 0.002213276 -0.642713547 -0.002704951 0.999996126 0.000687315 -2.761162281 -0.002211409 -0.000693298 0.999997318 188.303787231
0.999996901 0.000991595 0.002286466 -0.648084939 -0.000993984 0.999999046 0.001044277 -2.777297497 -0.002285429 -0.001046546 0.999996841 189.730102539
0.999996424 -0.001314337 0.002313768 -0.642948866 0.001310272 0.999997616 0.001757367 -2.805087328 -0.002316072 -0.001754329 0.999995768 191.185424805
0.999989212 -0.003674015 0.002858696 -0.652708650 0.003668572 0.999991536 0.001907183 -2.826179266 -0.002865678 -0.001896675 0.999994099 192.615585327
0.999968469 -0.007425298 0.002856329 -0.643551350 0.007416603 0.999967992 0.003042266 -2.848750591 -0.002878827 -0.003020986 0.999991298 194.027297974
0.999925196 -0.011653787 0.003714886 -0.649069071 0.011637130 0.999922276 0.004474719 -2.864264965 -0.003766745 -0.004431154 0.999983132 195.459152222
0.999886334 -0.014630784 0.003621331 -0.631501079 0.014614309 0.999882877 0.004534830 -2.885228157 -0.003687255 -0.004481391 0.999983132 196.913803101
0.999913037 -0.012573379 0.003976887 -0.631455004 0.012572568 0.999920964 0.000229226 -2.904887438 -0.003979454 -0.000179206 0.999992073 198.357910156
0.999976695 -0.005476791 0.004090809 -0.634500921 0.005496136 0.999973714 -0.004732641 -2.926559448 -0.004064782 0.004755015 0.999980450 199.780166626
0.999973774 0.004281027 0.005827425 -0.657141566 -0.004252324 0.999978960 -0.004928762 -2.953861237 -0.005848401 0.004903853 0.999970794 201.228454590
0.999907553 0.011744623 0.006842702 -0.672414422 -0.011735931 0.999930322 -0.001309118 -2.978375435 -0.006857600 0.001228693 0.999975681 202.659164429
0.999889076 0.012735327 0.007717345 -0.672077894 -0.012742931 0.999918282 0.000937004 -3.004359007 -0.007704782 -0.001035241 0.999969721 204.102706909
0.999914825 0.010835360 0.007281197 -0.665432215 -0.010844376 0.999940455 0.001199975 -3.021431684 -0.007267760 -0.001278833 0.999972761 205.554748535
0.999950051 0.007869253 0.006154044 -0.662896514 -0.007877439 0.999968112 0.001307291 -3.043390274 -0.006143561 -0.001355705 0.999980152 206.999191284
0.999965310 0.006126292 0.005634752 -0.667300463 -0.006130011 0.999980986 0.000643140 -3.060997248 -0.005630706 -0.000677659 0.999983907 208.452575684
0.999968052 0.006453989 0.004714821 -0.654789388 -0.006454357 0.999979198 0.000062959 -3.083833694 -0.004714317 -0.000093388 0.999988794 209.926376343
0.999958038 0.007886676 0.004673047 -0.660201848 -0.007888129 0.999968886 0.000292300 -3.105743885 -0.004670597 -0.000329149 0.999989033 211.395889282
0.999951124 0.008570055 0.004911724 -0.673010468 -0.008577502 0.999962151 0.001497086 -3.134240389 -0.004898707 -0.001539143 0.999986768 212.842315674
0.999956787 0.008268387 0.004249881 -0.661129117 -0.008271896 0.999965608 0.000808916 -3.156416655 -0.004243046 -0.000844036 0.999990642 214.338134766
0.999961972 0.007889306 0.003701119 -0.658258080 -0.007888020 0.999968886 -0.000361890 -3.182030439 -0.003703859 0.000332682 0.999993086 215.807312012
0.999967515 0.007203784 0.003618935 -0.660495222 -0.007201894 0.999973953 -0.000534841 -3.201945305 -0.003622694 0.000508761 0.999993324 217.276245117
0.999966621 0.007488074 0.003253195 -0.665567517 -0.007486057 0.999971807 -0.000631121 -3.226050615 -0.003257830 0.000606746 0.999994516 218.751205444
0.999965191 0.007694312 0.003201134 -0.673405826 -0.007691937 0.999970138 -0.000753695 -3.250525713 -0.003206837 0.000729046 0.999994576 220.235641479
0.999965668 0.007832345 0.002680368 -0.675537348 -0.007829806 0.999968886 -0.000956144 -3.277327538 -0.002687773 0.000935124 0.999995947 221.722061157
0.999959588 0.008631518 0.002516300 -0.684431612 -0.008628583 0.999962032 -0.001176281 -3.301901817 -0.002526357 0.001154522 0.999996126 223.196380615
0.999959886 0.008689461 0.002193559 -0.688403249 -0.008686199 0.999961197 -0.001492440 -3.324825287 -0.002206442 0.001473327 0.999996424 224.677612305
0.999959826 0.008774345 0.001812365 -0.694865525 -0.008772112 0.999960780 -0.001235305 -3.352978230 -0.001823133 0.001219357 0.999997616 226.180252075
0.999966919 0.007934283 0.001822887 -0.702846289 -0.007931403 0.999967337 -0.001581617 -3.373209953 -0.001835376 0.001567107 0.999997139 227.678726196
0.999977529 0.006479272 0.001722628 -0.704021573 -0.006476941 0.999978065 -0.001355412 -3.406167030 -0.001731372 0.001344224 0.999997616 229.169845581
0.999983668 0.005293343 0.002170610 -0.714389622 -0.005291211 0.999985576 -0.000986419 -3.434882879 -0.002175800 0.000974918 0.999997139 230.665969849
0.999990463 0.003795389 0.002137097 -0.712884784 -0.003794633 0.999992728 -0.000357608 -3.457250595 -0.002138439 0.000349495 0.999997675 232.182006836
0.999991298 0.003784785 0.001787918 -0.713660121 -0.003784402 0.999992847 -0.000217707 -3.480462790 -0.001788729 0.000210939 0.999998391 233.686355591
0.999990165 0.003999382 0.001924082 -0.719594836 -0.003998598 0.999992013 -0.000411157 -3.513239384 -0.001925711 0.000403460 0.999998093 235.199966431
0.999986708 0.004650604 0.002229395 -0.723145247 -0.004648805 0.999988794 -0.000811512 -3.541336775 -0.002233144 0.000801137 0.999997199 236.709350586
0.999979019 0.005920736 0.002644244 -0.729544163 -0.005920459 0.999982536 -0.000112613 -3.567137718 -0.002644864 0.000096956 0.999996543 238.211944580
0.999969840 0.006733805 0.003863577 -0.745423317 -0.006740985 0.999975562 0.001848135 -3.590129852 -0.003851038 -0.001874123 0.999990821 239.733169556
0.999968588 0.006576057 0.004421698 -0.747942090 -0.006584655 0.999976456 0.001932543 -3.607760906 -0.004408887 -0.001961598 0.999988377 241.245635986
0.999961853 0.007034800 0.005166833 -0.750518203 -0.007038790 0.999974966 0.000754332 -3.636694670 -0.005161397 -0.000790672 0.999986351 242.742279053
0.999955952 0.007526352 0.005604386 -0.745987296 -0.007521720 0.999971390 -0.000847274 -3.656652212 -0.005610602 0.000805082 0.999983907 244.257629395
0.999956250 0.007250726 0.005907948 -0.747894287 -0.007252582 0.999973655 0.000292671 -3.690494776 -0.005905671 -0.000335506 0.999982476 245.778488159
0.999962211 0.006827990 0.005367285 -0.737160206 -0.006835338 0.999975681 0.001352013 -3.715564728 -0.005357923 -0.001388649 0.999984682 247.311782837
0.999954939 0.007649501 0.005616317 -0.747349977 -0.007658139 0.999969542 0.001518165 -3.736191750 -0.005604531 -0.001561107 0.999983132 248.832275391
0.999958754 0.007364167 0.005307520 -0.749692917 -0.007375537 0.999970555 0.002125786 -3.770214558 -0.005291708 -0.002164845 0.999983668 250.357437134
0.999945462 0.008690598 0.005792743 -0.754728436 -0.008703954 0.999959588 0.002284404 -3.791096449 -0.005772656 -0.002334700 0.999980688 251.887512207
0.999928236 0.010314603 0.006082111 -0.763056278 -0.010328682 0.999944031 0.002288096 -3.815351725 -0.006058170 -0.002350752 0.999978840 253.415069580
0.999922931 0.010638652 0.006393712 -0.765034914 -0.010652689 0.999940932 0.002165335 -3.830816984 -0.006370298 -0.002233278 0.999977231 254.961105347
0.999936819 0.009179875 0.006489177 -0.771787047 -0.009199055 0.999953330 0.002931549 -3.862806320 -0.006461962 -0.002991058 0.999974668 256.492126465
0.999950469 0.007505931 0.006538298 -0.768435478 -0.007531565 0.999963999 0.003904965 -3.885394096 -0.006508753 -0.003954016 0.999970973 258.018524170
0.999965847 0.005225171 0.006404287 -0.764649749 -0.005251610 0.999977708 0.004118469 -3.897162199 -0.006382625 -0.004151960 0.999971032 259.552062988
0.999972761 0.003160302 0.006657174 -0.771135211 -0.003183010 0.999989092 0.003403238 -3.912642479 -0.006646347 -0.003424336 0.999972045 261.097229004
0.999975562 0.002079290 0.006661549 -0.772198200 -0.002093803 0.999995410 0.002172461 -3.929680586 -0.006657002 -0.002186356 0.999975443 262.650207520
0.999977708 0.000217445 0.006675616 -0.758311391 -0.000245657 0.999991059 0.004225587 -3.955845594 -0.006674638 -0.004227133 0.999968767 264.192749023
0.999972522 -0.001985448 0.007144231 -0.753729224 0.001943011 0.999980450 0.005942130 -3.973715305 -0.007155889 -0.005928085 0.999956846 265.739135742
0.999971807 -0.002429870 0.007102601 -0.746783853 0.002394019 0.999984324 0.005051676 -3.989580870 -0.007114766 -0.005034529 0.999961972 267.315856934
0.999970019 -0.002700880 0.007260547 -0.732356191 0.002674437 0.999989808 0.003649131 -4.000452518 -0.007270329 -0.003629604 0.999966979 268.869537354
0.999962986 -0.002464464 0.008239443 -0.734470129 0.002431561 0.999989033 0.004001009 -4.030665398 -0.008249214 -0.003980827 0.999958038 270.400054932
0.999955535 -0.000793687 0.009399138 -0.733848572 0.000753720 0.999990582 0.004255047 -4.054122448 -0.009402428 -0.004247773 0.999946773 271.929962158
0.999948621 0.000883447 0.010098927 -0.729818583 -0.000918798 0.999993563 0.003496301 -4.068245888 -0.010095771 -0.003505400 0.999942899 273.480010986
0.999934435 0.002285218 0.011219719 -0.722316504 -0.002323299 0.999991536 0.003382317 -4.091836452 -0.011211895 -0.003408162 0.999931395 275.029724121
0.999924481 0.003059288 0.011899321 -0.704801798 -0.003094687 0.999990821 0.002957640 -4.112298965 -0.011890163 -0.002994242 0.999924839 276.572662354
0.999915361 0.003618441 0.012497075 -0.697940350 -0.003646004 0.999990940 0.002183476 -4.133691311 -0.012489060 -0.002228856 0.999919534 278.127441406
0.999904096 0.002548716 0.013612654 -0.688209295 -0.002576663 0.999994576 0.002035868 -4.158405781 -0.013607391 -0.002070747 0.999905229 279.685546875
0.999898314 0.002128479 0.014101517 -0.660976887 -0.002161423 0.999994993 0.002321413 -4.183959961 -0.014096505 -0.002351656 0.999897897 281.233337402
0.999892592 0.000912582 0.014625834 -0.644384384 -0.000958000 0.999994755 0.003098643 -4.200038433 -0.014622930 -0.003112321 0.999888241 282.802520752
0.999889791 -0.000073566 0.014844324 -0.629493237 0.000024004 0.999994397 0.003338945 -4.221062660 -0.014844487 -0.003338221 0.999884248 284.364471436
0.999895036 -0.000528166 0.014476751 -0.604780197 0.000513276 0.999999285 0.001032296 -4.248245716 -0.014477286 -0.001024757 0.999894679 285.934692383
0.999893844 -0.002107875 0.014411063 -0.584174156 0.002123412 0.999997199 -0.001062907 -4.276816845 -0.014408782 0.001093396 0.999895573 287.501983643
0.999904275 -0.002295284 0.013639551 -0.570358992 0.002308935 0.999996841 -0.000985205 -4.301725864 -0.013637244 0.001016603 0.999906480 289.060150146
0.999913812 -0.003689858 0.012594440 -0.557435751 0.003702128 0.999992788 -0.000951158 -4.327489376 -0.012590840 0.000997702 0.999920189 290.628417969
0.999923348 -0.003995824 0.011718253 -0.558421135 0.004013405 0.999990880 -0.001477195 -4.353332043 -0.011712245 0.001524112 0.999930263 292.156738281
0.999934435 -0.003474801 0.010905280 -0.533404350 0.003496278 0.999992013 -0.001950928 -4.384834290 -0.010898413 0.001988928 0.999938548 293.744323730
0.999943435 -0.003663716 0.009981414 -0.518307209 0.003676741 0.999992371 -0.001286801 -4.415927887 -0.009976625 0.001323427 0.999949336 295.322509766
0.999951541 -0.004275389 0.008864464 -0.508341312 0.004285362 0.999990225 -0.001106334 -4.445040226 -0.008859648 0.001144268 0.999960065 296.887969971
0.999958575 -0.004760747 0.007748710 -0.500550508 0.004757808 0.999988616 0.000397600 -4.472676277 -0.007750515 -0.000360717 0.999969900 298.460601807
0.999970675 -0.003349797 0.006890401 -0.496782303 0.003339285 0.999993205 0.001536589 -4.493016243 -0.006895500 -0.001513535 0.999975085 300.042968750
0.999965549 -0.003102958 0.007690118 -0.494133234 0.003090853 0.999993980 0.001585458 -4.513276100 -0.007694991 -0.001561634 0.999969184 301.627349854
0.999960542 -0.002855652 0.008408466 -0.486703157 0.002843695 0.999995053 0.001433607 -4.536520481 -0.008412519 -0.001409639 0.999963641 303.231842041
0.999951065 -0.004383781 0.008870766 -0.482129574 0.004374654 0.999989867 0.001048097 -4.553719997 -0.008875269 -0.001009239 0.999960065 304.813751221
0.999940515 -0.006100944 0.009042363 -0.470968008 0.006099192 0.999981403 0.000221460 -4.581617832 -0.009043547 -0.000166295 0.999959111 306.408630371
0.999927402 -0.007546207 0.009387145 -0.457686663 0.007563562 0.999969661 -0.001814699 -4.604305744 -0.009373168 0.001885567 0.999954283 308.006164551
0.999926865 -0.008042142 0.009025439 -0.448168755 0.008066259 0.999963999 -0.002639058 -4.634296417 -0.009003891 0.002711666 0.999955773 309.607391357
0.999949276 -0.007395058 0.006834466 -0.445640326 0.007422656 0.999964356 -0.004021438 -4.659134388 -0.006804485 0.004071964 0.999968529 311.222564697
0.999968112 -0.006291939 0.004913439 -0.449152827 0.006307557 0.999975085 -0.003169858 -4.687727451 -0.004893373 0.003200748 0.999982893 312.830627441
0.999975204 -0.005382397 0.004547706 -0.451544166 0.005382130 0.999985456 0.000070655 -4.713813305 -0.004548021 -0.000046177 0.999989629 314.459075928
0.999963939 -0.007011026 0.004794518 -0.440943837 0.006996061 0.999970615 0.003130730 -4.741869926 -0.004816326 -0.003097075 0.999983609 316.103454590
0.999956131 -0.008271779 0.004393461 -0.432778001 0.008254062 0.999957740 0.004035525 -4.762653351 -0.004426656 -0.003999084 0.999982238 317.731903076
0.999948978 -0.008712620 0.005106819 -0.436781883 0.008699140 0.999958575 0.002656005 -4.784672260 -0.005129748 -0.002611445 0.999983370 319.361877441
0.999930382 -0.010385197 0.005588190 -0.441762209 0.010367804 0.999941289 0.003132209 -4.807857037 -0.005620391 -0.003074054 0.999979496 320.974517822
0.999926388 -0.010506757 0.006066787 -0.448286533 0.010486672 0.999939442 0.003332978 -4.831101894 -0.006101438 -0.003269112 0.999976039 322.597229004
0.999922812 -0.010478728 0.006677737 -0.444926739 0.010456418 0.999939680 0.003366899 -4.856065750 -0.006712615 -0.003296814 0.999972045 324.218719482
0.999931335 -0.009424904 0.006965749 -0.442133188 0.009408873 0.999953032 0.002330560 -4.876512527 -0.006987387 -0.002264860 0.999972999 325.832183838
0.999934137 -0.008304051 0.007915444 -0.444798231 0.008289510 0.999963880 0.001868204 -4.907800674 -0.007930671 -0.001802466 0.999966919 327.470550537
0.999916494 -0.009909389 0.008291081 -0.432991266 0.009875550 0.999942780 0.004112282 -4.933457851 -0.008331357 -0.004030060 0.999957204 329.112426758
0.999902546 -0.010984639 0.008613156 -0.431793451 0.010942930 0.999928355 0.004874569 -4.956685066 -0.008666083 -0.004779842 0.999951005 330.716400146
0.999890864 -0.012118039 0.008450063 -0.421243191 0.012088154 0.999920487 0.003578749 -4.977621078 -0.008492759 -0.003476212 0.999957919 332.356811523
0.999905765 -0.011263831 0.007847408 -0.402042866 0.011234988 0.999929965 0.003709655 -5.001629829 -0.007888645 -0.003621140 0.999962389 333.997436523
0.999925077 -0.009141148 0.008138973 -0.418317795 0.009128356 0.999956965 0.001607314 -5.026393414 -0.008153316 -0.001532899 0.999965608 335.588836670
0.999943793 -0.007356016 0.007629549 -0.417102575 0.007366678 0.999971926 -0.001370483 -5.050184727 -0.007619254 0.001426611 0.999969959 337.201812744
0.999957144 -0.006098431 0.006962202 -0.419230461 0.006104592 0.999980986 -0.000864138 -5.080259323 -0.006956799 0.000906602 0.999975324 338.811553955
0.999970257 -0.004871564 0.005987347 -0.423698902 0.004855096 0.999984384 0.002761903 -5.108433247 -0.006000708 -0.002732751 0.999978244 340.388977051
0.999979615 -0.004500223 0.004515954 -0.412185669 0.004474338 0.999973595 0.005725604 -5.135429859 -0.004541601 -0.005705281 0.999973416 342.018585205
0.999986649 -0.003958174 0.003295029 -0.415678263 0.003943591 0.999982476 0.004420250 -5.155913353 -0.003312467 -0.004407199 0.999984801 343.614746094
0.999988675 -0.004582097 0.001281175 -0.418932050 0.004578453 0.999985635 0.002832434 -5.176059246 -0.001294135 -0.002826537 0.999995172 345.205688477
0.999982893 -0.005811437 -0.000671399 -0.419150323 0.005814077 0.999975085 0.003996940 -5.196928978 0.000648154 -0.004000774 0.999991775 346.797546387
0.999973238 -0.007122581 -0.001656774 -0.425413936 0.007130220 0.999963760 0.004651065 -5.222483635 0.001623587 -0.004662754 0.999987781 348.391693115
0.999971867 -0.007282491 -0.001749785 -0.445387244 0.007288863 0.999966681 0.003662411 -5.238356590 0.001723056 -0.003675062 0.999991775 349.978881836
0.999961734 -0.008479119 -0.002205265 -0.452643931 0.008484740 0.999960661 0.002551850 -5.257609844 0.002183541 -0.002570464 0.999994278 351.574035645
0.999963105 -0.008355489 -0.001987658 -0.466269910 0.008360178 0.999962270 0.002362374 -5.278553486 0.001967843 -0.002378904 0.999995232 353.159637451
0.999955475 -0.009208021 -0.002113783 -0.473065376 0.009212357 0.999955475 0.002050349 -5.298069000 0.002094810 -0.002069731 0.999995589 354.756530762
0.999953449 -0.009379302 -0.002281506 -0.481076419 0.009382396 0.999955118 0.001349428 -5.320888042 0.002268746 -0.001370771 0.999996424 356.355651855
0.999954164 -0.009259516 -0.002440905 -0.490105063 0.009261578 0.999956906 0.000834678 -5.349680424 0.002433071 -0.000857246 0.999996662 357.941864014
0.999947965 -0.009929782 -0.002347164 -0.497255743 0.009932283 0.999950111 0.001055730 -5.374310493 0.002336564 -0.001078987 0.999996662 359.531768799
0.999947608 -0.009933935 -0.002480703 -0.503702521 0.009934871 0.999950588 0.000365573 -5.401544571 0.002476949 -0.000390200 0.999996841 361.129302979
0.999932766 -0.011333430 -0.002440289 -0.511777639 0.011331057 0.999935329 -0.000983432 -5.428081036 0.002451276 0.000955715 0.999996543 362.717041016
0.999914527 -0.012825192 -0.002549159 -0.519165277 0.012827505 0.999917269 0.000893529 -5.455574989 0.002537489 -0.000926152 0.999996364 364.329040527
0.999882162 -0.015031012 -0.003120836 -0.514857769 0.015036613 0.999885380 0.001778662 -5.482146263 0.003093743 -0.001825379 0.999993563 365.930267334
0.999885082 -0.014943358 -0.002541939 -0.532368898 0.014944776 0.999888122 0.000540612 -5.499953270 0.002533577 -0.000578539 0.999996603 367.522644043
0.999903560 -0.013768150 -0.001772361 -0.555986881 0.013767634 0.999905229 -0.000302109 -5.519203186 0.001776352 0.000277679 0.999998331 369.134826660
0.999915481 -0.012909586 -0.001556306 -0.568480134 0.012911355 0.999916017 0.001131029 -5.560617924 0.001541574 -0.001151028 0.999998152 370.713134766
0.999936163 -0.011212143 -0.001385674 -0.576090872 0.011214576 0.999935627 0.001760169 -5.577524185 0.001365850 -0.001775597 0.999997556 372.320404053
0.999930143 -0.011784381 -0.000899251 -0.584981620 0.011786348 0.999928057 0.002214714 -5.615697384 0.000873087 -0.002225158 0.999997139 373.899200439
0.999932885 -0.011561854 -0.000673743 -0.602665424 0.011562269 0.999932885 0.000616906 -5.627562046 0.000666566 -0.000624654 0.999999642 375.496185303
0.999937892 -0.011137571 -0.000351279 -0.609472752 0.011137929 0.999937415 0.001032269 -5.663621902 0.000339760 -0.001036118 0.999999404 377.084991455
0.999934494 -0.011448769 0.000091479 -0.608626187 0.011448625 0.999933422 0.001430568 -5.695066452 -0.000107851 -0.001429427 0.999998987 378.710449219
0.999957204 -0.009242348 0.000446216 -0.632871389 0.009241983 0.999956965 0.000816741 -5.708170414 -0.000453746 -0.000812582 0.999999583 380.312225342
0.999971390 -0.007480608 0.001085578 -0.641527176 0.007479195 0.999971151 0.001300173 -5.731136799 -0.001095272 -0.001292016 0.999998629 381.917999268
0.999981046 -0.006028406 0.001335334 -0.660643578 0.006027564 0.999981642 0.000634531 -5.756545544 -0.001339135 -0.000626470 0.999998927 383.543731689
