1.000000000 0.000000000 0.000000000 0.000000000 0.000000000 1.000000000 0.000000000 0.000000000 0.000000000 0.000000000 1.000000000 0.000000238
0.999997735 -0.001590649 -0.001412736 -0.003154163 0.001589323 0.999998271 -0.000940099 -0.007561795 0.001414229 0.000937851 0.999998569 0.563927054
0.999995530 -0.001788154 -0.002400429 -0.007886553 0.001781958 0.999995053 -0.002581257 -0.017631497 0.002405033 0.002576968 0.999993801 1.119544744
0.999986649 -0.002515851 -0.004513113 -0.009309125 0.002499903 0.999990642 -0.003535965 -0.035189565 0.004521966 0.003524635 0.999983549 1.685061097
0.999970198 -0.004372965 -0.006362797 -0.020402409 0.004337789 0.999975264 -0.005531863 -0.041284963 0.006386830 0.005504098 0.999964476 2.251566410
0.999946713 -0.007220363 -0.007381367 -0.033981964 0.007169953 0.999951005 -0.006833066 -0.068278007 0.007430343 0.006779779 0.999949396 2.796482801
0.999925077 -0.008433769 -0.008866162 -0.040687915 0.008367598 0.999937117 -0.007474006 -0.080901310 0.008928640 0.007399260 0.999932706 3.366534948
0.999912381 -0.008389133 -0.010234587 -0.051716588 0.008319159 0.999941826 -0.006860523 -0.092456937 0.010291547 0.006774780 0.999924064 3.949867487
0.999897957 -0.008866120 -0.011200642 -0.063669965 0.008785171 0.999935150 -0.007255878 -0.106907085 0.011264246 0.007156739 0.999910951 4.541687012
0.999888539 -0.008307095 -0.012402312 -0.074443467 0.008183213 0.999916375 -0.010006125 -0.122467786 0.012484398 0.009903521 0.999873042 5.132398129
0.999886155 -0.006639319 -0.013543767 -0.090686612 0.006452950 0.999884486 -0.013758046 -0.137991667 0.013633546 0.013669085 0.999813616 5.734714508
0.999874532 -0.005494307 -0.014853240 -0.106154874 0.005236527 0.999835968 -0.017338600 -0.151667818 0.014946068 0.017258648 0.999739408 6.349049091
0.999863803 -0.003476136 -0.016131334 -0.120374531 0.003194632 0.999842703 -0.017443886 -0.164557457 0.016189434 0.017389979 0.999717712 6.978894711
0.999849319 -0.001284790 -0.017314071 -0.134921789 0.001100022 0.999942422 -0.010676867 -0.173005879 0.017326791 0.010656212 0.999793112 7.617866993
0.999843419 -0.000100886 -0.017692339 -0.154837683 0.000100865 1.000000000 -0.000002132 -0.187136695 0.017692335 0.000000346 0.999843478 8.275434494
0.999825358 0.000447224 -0.018687923 -0.171555012 -0.000321770 0.999977410 0.006715504 -0.198369071 0.018690504 -0.006708318 0.999802887 8.962026596
0.999790549 0.002903204 -0.020256452 -0.185676292 -0.002792162 0.999981046 0.005507886 -0.211436808 0.020272056 -0.005450173 0.999779701 9.640909195
0.999772191 0.004862607 -0.020784833 -0.211769000 -0.004899193 0.999986529 -0.001709708 -0.217169374 0.020776236 0.001811147 0.999782503 10.334507942
0.999745429 0.004475312 -0.022112945 -0.228236094 -0.004642818 0.999960959 -0.007529529 -0.216955394 0.022078384 0.007630278 0.999727130 11.042779922
0.999728739 0.002032827 -0.023199301 -0.244627699 -0.002173215 0.999979496 -0.006027765 -0.217650115 0.023186574 0.006076549 0.999712706 11.780048370
0.999723196 0.001860204 -0.023452166 -0.267924994 -0.001788101 0.999993622 0.003095051 -0.230588764 0.023457773 -0.003052259 0.999720097 12.536574364
0.999719262 0.001426691 -0.023651550 -0.291453272 -0.001175871 0.999943018 0.010615303 -0.236077532 0.023665344 -0.010584512 0.999663949 13.311163902
0.999705732 0.000607563 -0.024252329 -0.315457493 -0.000291278 0.999914944 0.013042815 -0.237950310 0.024258189 -0.013031912 0.999620795 14.102004051
0.999699473 -0.001225733 -0.024486754 -0.332086802 0.001521140 0.999926209 0.012048970 -0.236679375 0.024470178 -0.012082594 0.999627471 14.907972336
0.999716103 -0.001630089 -0.023771305 -0.356368840 0.001860700 0.999951363 0.009682341 -0.240162343 0.023754369 -0.009723824 0.999670565 15.732258797
0.999732137 0.001093437 -0.023121567 -0.382017702 -0.000945429 0.999978960 0.006411271 -0.241480082 0.023128092 -0.006387694 0.999712229 16.569128036
0.999745369 -0.002258673 -0.022450291 -0.401712835 0.002270042 0.999997318 0.000480919 -0.242785335 0.022449145 -0.000531761 0.999747932 17.427774429
0.999753237 -0.005051576 -0.021629030 -0.419541478 0.004930692 0.999971986 -0.005638623 -0.252913624 0.021656908 0.005530584 0.999750257 18.294975281
0.999774814 -0.004083385 -0.020821465 -0.431375176 0.003855684 0.999932408 -0.010964366 -0.266350329 0.020864829 0.010881618 0.999723017 19.194374084
0.999786317 -0.002838308 -0.020475876 -0.457453847 0.002597315 0.999927163 -0.011786582 -0.280580342 0.020507835 0.011730882 0.999720812 20.099952698
0.999771297 -0.002824858 -0.021198759 -0.475912809 0.002585171 0.999932587 -0.011325499 -0.298581570 0.021229317 0.011268108 0.999711156 21.039066315
0.999778032 -0.001041104 -0.021042265 -0.504941523 0.000775204 0.999919891 -0.012640634 -0.323775172 0.021053735 0.012621517 0.999698699 21.976636887
0.999782979 0.001848972 -0.020749131 -0.526577055 -0.002156356 0.999888182 -0.014801684 -0.343968749 0.020719443 0.014843216 0.999675155 22.942373276
0.999762237 0.005063145 -0.021208908 -0.552334547 -0.005393574 0.999864578 -0.015551567 -0.367022008 0.021127297 0.015662262 0.999654174 23.908485413
0.999761045 0.006856982 -0.020756405 -0.590770125 -0.007182433 0.999851882 -0.015645748 -0.392518640 0.020646049 0.015791092 0.999662161 24.890251160
0.999745309 0.007988611 -0.021107350 -0.615299284 -0.008317782 0.999844491 -0.015553474 -0.420181125 0.020979816 0.015725080 0.999656260 25.864511490
0.999736905 0.007408155 -0.021709662 -0.630087972 -0.007748024 0.999848127 -0.015613110 -0.444513410 0.021590702 0.015777208 0.999642432 26.837789536
0.999725103 0.008379180 -0.021896236 -0.655509531 -0.008696794 0.999857724 -0.014450718 -0.477544874 0.021772033 0.014637174 0.999655843 27.858860016
0.999714375 0.008970492 -0.022154503 -0.682378888 -0.009242957 0.999882519 -0.012226722 -0.505955935 0.022042222 0.012428002 0.999679744 28.876403809
0.999700785 0.009674557 -0.022467498 -0.711036026 -0.009924743 0.999889672 -0.011050767 -0.534055650 0.022358110 0.011270444 0.999686539 29.898918152
0.999693096 0.010053690 -0.022638585 -0.734639823 -0.010333791 0.999871016 -0.012289830 -0.555900395 0.022512110 0.012520003 0.999668181 30.932664871
0.999684751 0.010973800 -0.022581523 -0.772875965 -0.011274977 0.999848604 -0.013253520 -0.586591065 0.022432670 0.013503950 0.999657094 31.942546844
0.999682665 0.010581782 -0.022860657 -0.803290009 -0.010864589 0.999865532 -0.012282299 -0.613356054 0.022727625 0.012526773 0.999663174 32.977603912
0.999670982 0.010504298 -0.023404730 -0.833147407 -0.010738496 0.999893248 -0.009903395 -0.634983599 0.023298206 0.010151468 0.999676943 34.033153534
0.999659777 0.010397026 -0.023925401 -0.868117332 -0.010545281 0.999925911 -0.006078757 -0.662067354 0.023860434 0.006328990 0.999695182 35.075649261
0.999648213 0.010448947 -0.024375126 -0.895875394 -0.010543306 0.999937415 -0.003745807 -0.687139571 0.024334457 0.004001484 0.999695897 36.160972595
0.999637544 0.010759860 -0.024675462 -0.930266976 -0.010844317 0.999935806 -0.003291384 -0.704600751 0.024638459 0.003557780 0.999690115 37.232810974
0.999629438 0.010125794 -0.025267040 -0.961166561 -0.010243407 0.999937296 -0.004529702 -0.728533089 0.025219586 0.004786844 0.999670506 38.321544647
0.999610007 0.010601899 -0.025835302 -1.000533581 -0.010741304 0.999928474 -0.005263017 -0.745829821 0.025777657 0.005538469 0.999652386 39.402011871
0.999593735 0.009797755 -0.026763871 -1.028975725 -0.009908403 0.999942899 -0.004004751 -0.770224571 0.026723105 0.004268311 0.999633789 40.480232239
0.999564767 0.010486379 -0.027569521 -1.065740585 -0.010553584 0.999941707 -0.002293246 -0.784913719 0.027543865 0.002583205 0.999617219 41.567085266
0.999559164 0.009781183 -0.028032349 -1.106506586 -0.009770527 0.999952137 0.000517029 -0.811760247 0.028036060 -0.000242912 0.999606907 42.658859253
0.999536693 0.011511213 -0.028178826 -1.151066065 -0.011498502 0.999933720 0.000613100 -0.836020768 0.028184015 -0.000288803 0.999602795 43.733821869
0.999502659 0.012683722 -0.028870430 -1.176479697 -0.012783680 0.999912858 -0.003280335 -0.856757820 0.028826311 0.003647774 0.999577761 44.822376251
0.999491692 0.013820848 -0.028725006 -1.217064738 -0.014040058 0.999873757 -0.007443673 -0.876608789 0.028618501 0.007843191 0.999559641 45.903644562
0.999486685 0.014300002 -0.028670568 -1.256396890 -0.014526277 0.999864876 -0.007699577 -0.901407719 0.028556591 0.008112101 0.999559283 46.983493805
0.999468267 0.015203827 -0.028843572 -1.290923238 -0.015360601 0.999868333 -0.005221576 -0.924064636 0.028760390 0.005661855 0.999570310 48.084854126
0.999482214 0.015105825 -0.028408770 -1.331159472 -0.015195884 0.999880135 -0.002956908 -0.948416293 0.028360698 0.003387073 0.999592066 49.180629730
0.999503613 0.013576952 -0.028429963 -1.365175009 -0.013631019 0.999905586 -0.001708863 -0.969566584 0.028404083 0.002095543 0.999594390 50.268508911
0.999518335 0.013522632 -0.027929669 -1.400276899 -0.013584753 0.999905646 -0.002035732 -0.997591317 0.027899504 0.002414169 0.999607861 51.355690002
0.999524295 0.012987466 -0.027972696 -1.437660456 -0.013118328 0.999903738 -0.004499837 -1.013362169 0.027911566 0.004864652 0.999598563 52.451618195
0.999543369 0.012644924 -0.027444737 -1.471966386 -0.012829860 0.999896049 -0.006572763 -1.038116574 0.027358774 0.006921873 0.999601722 53.536705017
0.999560237 0.011844549 -0.027187696 -1.505066752 -0.012097685 0.999884784 -0.009165075 -1.063569069 0.027076010 0.009489951 0.999588311 54.631313324
0.999576271 0.010518113 -0.027146012 -1.537394166 -0.010857476 0.999864459 -0.012384310 -1.098917007 0.027012076 0.012673799 0.999554694 55.717445374
0.999597967 0.008430819 -0.027070364 -1.562595725 -0.008812843 0.999862790 -0.014024039 -1.129012585 0.026948418 0.014256966 0.999535143 56.795829773
0.999611259 0.006949334 -0.027000332 -1.593216658 -0.007264938 0.999906301 -0.011608354 -1.161894679 0.026917130 0.011799998 0.999567986 57.883655548
0.999630809 0.005684939 -0.026566960 -1.627119303 -0.005836841 0.999967098 -0.005643672 -1.189215183 0.026534002 0.005796656 0.999631047 58.977962494
0.999646068 0.003709869 -0.026340041 -1.656581521 -0.003711654 0.999993086 -0.000018862 -1.207927346 0.026339790 0.000116620 0.999653041 60.088638306
0.999643266 0.002018129 -0.026630973 -1.682859778 -0.002007735 0.999997854 0.000417010 -1.224203110 0.026631765 -0.000363393 0.999645293 61.180549622
0.999662042 -0.000979555 -0.025976276 -1.715882421 0.000912197 0.999996185 -0.002604790 -1.242404580 0.025978727 0.002580215 0.999659181 62.268459320
0.999656975 -0.002502431 -0.026070580 -1.745493054 0.002353378 0.999980688 -0.005746422 -1.264754295 0.026084462 0.005683098 0.999643624 63.376163483
0.999658287 -0.000449828 -0.026136527 -1.782725334 0.000195538 0.999952614 -0.009731043 -1.290914536 0.026139665 0.009722608 0.999611080 64.463279724
0.999662459 -0.000186708 -0.025976440 -1.815058112 -0.000177875 0.999901533 -0.014032084 -1.319224596 0.025976503 0.014031969 0.999564111 65.546852112
0.999672413 0.002562030 -0.025467012 -1.848800898 -0.002937365 0.999887526 -0.014711579 -1.348543167 0.025426455 0.014781564 0.999567449 66.650711060
0.999681532 0.006472144 -0.024388058 -1.889951229 -0.006740876 0.999917388 -0.010953028 -1.382434011 0.024315149 0.011113942 0.999642551 67.756782532
0.999679506 0.007764947 -0.024093905 -1.926440239 -0.007977918 0.999929786 -0.008755694 -1.409766912 0.024024228 0.008945108 0.999671400 68.848808289
0.999677777 0.006880632 -0.024433937 -1.951630354 -0.007078984 0.999942541 -0.008040723 -1.436644793 0.024377210 0.008211100 0.999669135 69.949150085
0.999686420 0.005518177 -0.024426863 -1.980465651 -0.005699140 0.999956787 -0.007345000 -1.462481022 0.024385273 0.007481907 0.999674678 71.057411194
0.999690354 0.004450566 -0.024484992 -2.012176514 -0.004588780 0.999973834 -0.005591545 -1.493523836 0.024459461 0.005702169 0.999684632 72.150650024
0.999674082 0.002635918 -0.025393089 -2.036521912 -0.002732864 0.999989152 -0.003783847 -1.516193509 0.025382843 0.003852009 0.999670386 73.252067566
0.999666274 0.001734311 -0.025774648 -2.073690414 -0.001790411 0.999996245 -0.002153628 -1.542145371 0.025770811 0.002199057 0.999665499 74.353424072
0.999660552 0.001147931 -0.026028497 -2.109477997 -0.001228198 0.999994576 -0.003068036 -1.569801450 0.026024835 0.003098963 0.999656558 75.444046021
0.999640942 0.001021310 -0.026776280 -2.140709639 -0.001213418 0.999973655 -0.007159261 -1.592569470 0.026768262 0.007189181 0.999615788 76.529243469
0.999612153 0.001722959 -0.027799066 -2.169898748 -0.001978881 0.999955952 -0.009181229 -1.618786097 0.027782025 0.009232678 0.999571264 77.612304688
0.999594092 0.003579886 -0.028261648 -2.209068537 -0.003795231 0.999964118 -0.007569758 -1.645005703 0.028233532 0.007673945 0.999571919 78.697608948
0.999571741 0.004838542 -0.028856577 -2.247517586 -0.004943468 0.999981403 -0.003565932 -1.664835334 0.028838785 0.003707056 0.999577165 79.770225525
0.999556482 0.005870598 -0.029195938 -2.288208723 -0.005847353 0.999982536 0.000881481 -1.697550416 0.029200606 -0.000710371 0.999573350 80.855415344
0.999531806 0.007058275 -0.029772097 -2.330176592 -0.007018307 0.999974370 0.001446753 -1.715710759 0.029781545 -0.001237126 0.999555707 81.923858643
0.999517143 0.007005526 -0.030270269 -2.368375540 -0.007033871 0.999974966 -0.000829984 -1.732209563 0.030263696 0.001042501 0.999541402 82.998268127
0.999505758 0.006679865 -0.030717667 -2.408828735 -0.006726875 0.999976337 -0.001427272 -1.758042812 0.030707406 0.001633201 0.999527097 84.073158264
0.999497056 0.006044443 -0.031130757 -2.445862055 -0.006091922 0.999980450 -0.001430503 -1.781763196 0.031121502 0.001619430 0.999514282 85.125816345
0.999470890 0.004689372 -0.032183252 -2.480303288 -0.004736043 0.999987781 -0.001374073 -1.797232032 0.032176409 0.001525767 0.999481082 86.171386719
0.999457419 0.003766374 -0.032722190 -2.515732527 -0.003770392 0.999992907 -0.000061079 -1.821792722 0.032721721 0.000184421 0.999464512 87.207946777
0.999445856 0.004118897 -0.033031631 -2.556109190 -0.004032215 0.999988198 0.002690407 -1.843275666 0.033042327 -0.002555725 0.999450684 88.212570190
0.999412000 0.003018614 -0.034154922 -2.597095013 -0.002887022 0.999988317 0.003901445 -1.867818594 0.034166299 -0.003800545 0.999408960 89.190773010
0.999342203 0.001711489 -0.036223009 -2.637978077 -0.001580988 0.999992073 0.003631040 -1.880344987 0.036228932 -0.003571384 0.999337196 90.168731689
0.999215305 0.000856844 -0.039598700 -2.677575111 -0.000748995 0.999996006 0.002738307 -1.900209308 0.039600883 -0.002706499 0.999211907 91.101295471
0.999081016 0.000759595 -0.042854309 -2.724418640 -0.000681654 0.999998152 0.001833329 -1.919357538 0.042855620 -0.001802433 0.999079704 92.023239136
0.998948872 0.000597487 -0.045832966 -2.775839329 -0.000499347 0.999997556 0.002152675 -1.934925437 0.045834143 -0.002127525 0.998946846 92.915885925
0.998796582 0.001715942 -0.049013518 -2.825206757 -0.001553387 0.999993205 0.003354446 -1.953625679 0.049018934 -0.003274273 0.998792589 93.782073975
0.998642445 0.002462920 -0.052030362 -2.877746105 -0.002239554 0.999988019 0.004350847 -1.970503569 0.052040458 -0.004228415 0.998636067 94.629905701
0.998471677 0.003947382 -0.055123318 -2.928982496 -0.003634285 0.999976754 0.005779044 -1.983796597 0.055144846 -0.005569878 0.998462915 95.444923401
0.998338401 0.005197267 -0.057386816 -2.986385345 -0.004824576 0.999966383 0.006630997 -1.999508739 0.057419349 -0.006343111 0.998330057 96.233055115
0.998165309 0.007239764 -0.060112525 -3.036741734 -0.006813424 0.999950230 0.007294297 -2.020520687 0.060162343 -0.006871342 0.998165071 96.998664856
0.997957289 0.008821397 -0.063271888 -3.083935261 -0.008456809 0.999946117 0.006027733 -2.033050537 0.063321650 -0.005480342 0.997978210 97.730278015
0.997810006 0.010291749 -0.065339044 -3.146932840 -0.010150425 0.999945402 0.002494541 -2.054060698 0.065361150 -0.001825859 0.997860014 98.421661377
0.997610509 0.012733020 -0.067904308 -3.202440500 -0.012834572 0.999917090 -0.001059466 -2.066513538 0.067885183 0.001928458 0.997691333 99.093139648
0.997434974 0.014446011 -0.070107162 -3.247982979 -0.014750726 0.999883831 -0.003830589 -2.084744930 0.070043691 0.004854894 0.997532129 99.747970581
0.997335613 0.016554063 -0.071047299 -3.297157049 -0.016928393 0.999845743 -0.004669818 -2.100788593 0.070959046 0.005860092 0.997461975 100.363708496
0.997360289 0.018909927 -0.070105180 -3.348641634 -0.019265978 0.999804556 -0.004406022 -2.114212751 0.070008174 0.005745037 0.997529864 100.948753357
0.997547209 0.022599140 -0.066247672 -3.414378881 -0.022843149 0.999734759 -0.002928010 -2.129896641 0.066163927 0.004434135 0.997798860 101.517456055
0.997781813 0.025195543 -0.061616968 -3.433436871 -0.025331562 0.999677956 -0.001427186 -2.146104097 0.061561171 0.002984875 0.998098850 102.064331055
0.998200357 0.025921540 -0.054073870 -3.464184284 -0.025905509 0.999663889 0.000997485 -2.164926767 0.054081544 0.000405121 0.998536408 102.574302673
0.998682916 0.026014235 -0.044221483 -3.486808777 -0.025882484 0.999658644 0.003549303 -2.177718639 0.044298731 -0.002400067 0.999015391 103.079833984
0.999136746 0.025630148 -0.032696452 -3.488341093 -0.025492502 0.999664307 0.004619834 -2.187856197 0.032803897 -0.003782332 0.999454677 103.559112549
0.999506772 0.024751378 -0.019330349 -3.487789154 -0.024662718 0.999684215 0.004811679 -2.198971272 0.019443348 -0.004332567 0.999801636 104.019096375
0.999686539 0.024668436 -0.004283391 -3.478325367 -0.024652168 0.999688864 0.003810044 -2.207971096 0.004376056 -0.003703255 0.999983609 104.457176208
0.999638498 0.023249624 0.013505697 -3.453385830 -0.023260446 0.999729216 0.000645067 -2.217515469 -0.013487045 -0.000958981 0.999908626 104.881065369
0.999123037 0.022882218 0.035062220 -3.431839466 -0.022763988 0.999733806 -0.003767391 -2.230698109 -0.035139095 0.002965931 0.999378026 105.298065186
0.998048544 0.020718856 0.058904551 -3.379372120 -0.020236904 0.999756813 -0.008766769 -2.238447666 -0.059071857 0.007557616 0.998225093 105.703636169
0.996109545 0.018404357 0.086180024 -3.321084976 -0.017470304 0.999780238 -0.011580159 -2.249676466 -0.086374231 0.010029516 0.996212244 106.114624023
0.993148208 0.015603708 0.115815163 -3.247990608 -0.014270751 0.999822199 -0.012329668 -2.265871525 -0.115986958 0.010592418 0.993194222 106.498931885
0.988784134 0.013374601 0.148751378 -3.167606354 -0.011415835 0.999836624 -0.014014101 -2.281248093 -0.148914516 0.012158802 0.988775253 106.855377197
0.982627451 0.011154827 0.185253665 -3.078050613 -0.008488433 0.999848723 -0.015180116 -2.297161341 -0.185394973 0.013343885 0.982573450 107.227279663
0.974791706 0.007771982 0.222981274 -2.953210831 -0.004259211 0.999859154 -0.016230263 -2.305456638 -0.223076046 0.014871403 0.974687517 107.589317322
0.964690089 0.005768296 0.263324082 -2.831485748 -0.001402225 0.999858439 -0.016765529 -2.322374344 -0.263383538 0.015804300 0.964561701 107.937858582
0.952404082 0.005986284 0.304779530 -2.701538086 -0.000774191 0.999851346 -0.017219180 -2.344479561 -0.304837346 0.016163658 0.952267230 108.254882812
0.937080681 0.008468353 0.349010050 -2.555030823 -0.002361843 0.999836683 -0.017918492 -2.354143381 -0.349104762 0.015966764 0.936947644 108.582046509
0.919261277 0.009004293 0.393544793 -2.381973267 -0.002543088 0.999853313 -0.016936347 -2.361630678 -0.393639535 0.014568111 0.919149458 108.901344299
0.898866355 0.007712037 0.438154876 -2.203887939 -0.000993008 0.999878407 -0.015561890 -2.373427629 -0.438221574 0.013552967 0.898764729 109.203132629
0.875512302 0.006417972 0.483153105 -2.012031555 0.001291564 0.999877155 -0.015622299 -2.390075445 -0.483193964 0.014301538 0.875396430 109.482864380
0.850315750 0.007804750 0.526215017 -1.789443970 0.002207042 0.999828339 -0.018395698 -2.399226189 -0.526268363 0.016803529 0.850152493 109.775863647
0.822770298 0.009618348 0.568292618 -1.572528839 0.003226442 0.999761701 -0.021592176 -2.417946339 -0.568364799 0.019598970 0.822543204 110.024314880
0.791552544 0.014265355 0.610934675 -1.339454651 0.001543104 0.999677658 -0.025341827 -2.437599182 -0.611099303 0.021002123 0.791275263 110.290832520
0.757657886 0.020483438 0.652330399 -1.084903717 -0.001883521 0.999571860 -0.029199317 -2.448454380 -0.652649224 0.020894419 0.757372081 110.542549133
0.720135450 0.025297683 0.693372190 -0.813385010 -0.003467399 0.999453843 -0.032863837 -2.449298382 -0.693824828 0.021262217 0.719829798 110.789367676
0.681004047 0.025210002 0.731845558 -0.517925262 -0.001490864 0.999452949 -0.033041015 -2.469547987 -0.732278168 0.021409981 0.680668950 111.012084961
0.640157521 0.022840379 0.767904103 -0.204761505 0.002351514 0.999495029 -0.031689085 -2.483118057 -0.768240154 0.022091743 0.639780402 111.211563110
0.595429540 0.020993866 0.803133190 0.122016907 0.004067436 0.999566913 -0.029144162 -2.489614010 -0.803397179 0.020619992 0.595086277 111.425064087
0.551069796 0.019738378 0.834225655 0.448825836 0.005083904 0.999622285 -0.027010091 -2.498027325 -0.834443629 0.019125566 0.550761342 111.547180176
0.502888978 0.017194169 0.864180088 0.808097839 0.006810686 0.999692321 -0.023853706 -2.508935452 -0.864324272 0.017881423 0.502617121 111.714805603
0.451942503 0.013493491 0.891945124 1.175949097 0.010280679 0.999740362 -0.020333387 -2.515710831 -0.891987920 0.018359322 0.451686442 111.861343384
0.399452597 0.013637960 0.916652322 1.535980225 0.006417346 0.999823213 -0.017671887 -2.540599585 -0.916731417 0.012941554 0.399294496 111.993751526
0.347888947 0.018306796 0.937357008 1.922340393 0.002761887 0.999785066 -0.020551071 -2.556938648 -0.937531710 0.009738364 0.347763598 112.115104675
0.297688365 0.024236212 0.954355419 2.330488205 0.001386442 0.999665678 -0.025819352 -2.562753677 -0.954662144 0.009009279 0.297555208 112.210182190
0.251101464 0.026239850 0.967605054 2.738815308 0.003211630 0.999604404 -0.027941067 -2.575217962 -0.967955470 0.010123634 0.250917882 112.280128479
0.209937021 0.026091916 0.977366686 3.159065247 0.010045602 0.999533594 -0.028841466 -2.591081619 -0.977663219 0.015873130 0.209577039 112.328079224
0.174642801 0.025929779 0.984290421 3.588922501 0.018316630 0.999394715 -0.029577607 -2.601362467 -0.984461486 0.023194401 0.174062163 112.368827820
0.144235626 0.027210597 0.989169180 4.042213440 0.022475628 0.999273896 -0.030765850 -2.615530729 -0.989288151 0.026669728 0.143519387 112.405075073
0.115984157 0.025241092 0.992930293 4.513943672 0.020824239 0.999395609 -0.027837923 -2.637371778 -0.993032813 0.023905776 0.115388423 112.451797485
0.090296134 0.022131389 0.995669007 5.025135040 0.014350487 0.999620318 -0.023520650 -2.648542881 -0.995811522 0.016412159 0.089944288 112.500846863
0.066917263 0.018150797 0.997593403 5.502657890 0.009239646 0.999780357 -0.018810371 -2.665132046 -0.997715712 0.010476149 0.066734873 112.524856567
0.044209331 0.015598955 0.998900473 6.027006149 0.013414827 0.999778688 -0.016206382 -2.684265137 -0.998932123 0.014116552 0.043990288 112.531089783
0.024153981 0.016474286 0.999572456 6.564899921 0.020999407 0.999635220 -0.016982757 -2.699621677 -0.999487638 0.021400630 0.023799226 112.514923096
0.006814785 0.018912472 0.999797940 7.118618965 0.026319243 0.999471366 -0.019085690 -2.715343714 -0.999630272 0.026443988 0.006313421 112.497787476
-0.008221485 0.024306744 0.999670744 7.725705624 0.025248598 0.999390781 -0.024092294 -2.732111692 -0.999647319 0.025042208 -0.008830190 112.508735657
-0.018365098 0.029029261 0.999409854 8.322736740 0.024085611 0.999301314 -0.028583510 -2.740317345 -0.999541223 0.023546457 -0.019051455 112.488624573
-0.025035903 0.028543167 0.999278963 8.942534447 0.025984010 0.999273121 -0.027891997 -2.759332180 -0.999348819 0.025266975 -0.025759375 112.471939087
-0.027687043 0.025863383 0.999282062 9.596117973 0.032289881 0.999166727 -0.024965744 -2.772758722 -0.999095082 0.031575471 -0.028499097 112.451492310
-0.027047601 0.023881778 0.999348879 10.235869408 0.033275619 0.999182105 -0.022977181 -2.803050280 -0.999080181 0.032632478 -0.027820162 112.423377991
-0.024836002 0.023476180 0.999415815 10.927185059 0.032163735 0.999225438 -0.022672422 -2.826364040 -0.999174118 0.031581853 -0.025571844 112.409111023
-0.023277503 0.024047690 0.999439776 11.611629486 0.029066656 0.999304354 -0.023367450 -2.843885899 -0.999306440 0.028506441 -0.023960298 112.398834229
-0.022194764 0.025120903 0.999437988 12.323413849 0.027994249 0.999307871 -0.024495957 -2.865098000 -0.999361634 0.027434835 -0.022882650 112.392494202
-0.021208255 0.025922716 0.999438941 13.051108360 0.027544461 0.999299407 -0.025334602 -2.891123295 -0.999395490 0.026991703 -0.021907430 112.376296997
-0.020710060 0.025697416 0.999455214 13.801414490 0.026819866 0.999324083 -0.025138302 -2.910920143 -0.999425709 0.026284644 -0.021385266 112.372116089
-0.020067701 0.024249818 0.999504566 14.556707382 0.026076790 0.999378383 -0.023723200 -2.937066078 -0.999458432 0.025587801 -0.020687586 112.361953735
-0.019129556 0.022746660 0.999558270 15.307014465 0.026965545 0.999389231 -0.022226745 -2.969698906 -0.999453306 0.026528442 -0.019731250 112.337554932
-0.019938245 0.020602355 0.999588907 16.095312119 0.027300566 0.999426007 -0.020054452 -2.993364096 -0.999428451 0.026889492 -0.020489261 112.330337524
-0.021392809 0.018849848 0.999593496 16.877346039 0.024015741 0.999543369 -0.018334929 -3.023012161 -0.999482691 0.023613738 -0.021835737 112.322708130
-0.021945553 0.017741283 0.999601722 17.665716171 0.024680145 0.999547362 -0.017198483 -3.044942617 -0.999454498 0.024292881 -0.022373477 112.295158386
-0.023090925 0.015516255 0.999612987 18.465236664 0.026735809 0.999531448 -0.014897399 -3.060614586 -0.999375820 0.026381467 -0.023494950 112.276947021
-0.024727460 0.013707431 0.999600232 19.278211594 0.028210051 0.999517262 -0.013008451 -3.085596800 -0.999296069 0.027877111 -0.025102215 112.262977600
-0.026332630 0.012604440 0.999573827 20.099304199 0.025965586 0.999591708 -0.011920636 -3.115935564 -0.999315917 0.025640620 -0.026649168 112.242073059
-0.026825085 0.017500542 0.999486923 20.916477203 0.022557538 0.999602735 -0.016897153 -3.140106678 -0.999385655 0.022092694 -0.027209198 112.218788147
-0.027794117 0.022078203 0.999369860 21.752542496 0.023856470 0.999485910 -0.021417283 -3.163665771 -0.999328971 0.023246165 -0.028306542 112.200469971
-0.029104408 0.023976903 0.999288738 22.588806152 0.023912303 0.999442816 -0.023284152 -3.186535120 -0.999290407 0.023217624 -0.029661538 112.180686951
-0.030859757 0.021672310 0.999288738 23.437410355 0.020326648 0.999571741 -0.021050729 -3.218862295 -0.999317050 0.019662570 -0.031287070 112.168045044
-0.031319506 0.017185485 0.999361575 24.278150558 0.017762167 0.999703765 -0.016634710 -3.251805782 -0.999351561 0.017229840 -0.031615481 112.144973755
-0.031715840 0.011815351 0.999426961 25.132539749 0.016287163 0.999803424 -0.011302943 -3.278324842 -0.999364197 0.015919346 -0.031902045 112.124435425
-0.032138497 0.006383977 0.999462962 25.980518341 0.012754643 0.999900699 -0.005976639 -3.298940659 -0.999402046 0.012555717 -0.032216728 112.107559204
-0.031790804 0.004565700 0.999484062 26.829544067 0.010081405 0.999940157 -0.004247123 -3.329211712 -0.999443710 0.009941184 -0.031834934 112.089691162
-0.030791890 0.011628032 0.999458253 27.662401199 0.012204092 0.999862075 -0.011256741 -3.357343197 -0.999451339 0.011850860 -0.030929562 112.057441711
-0.029359246 0.022644406 0.999312341 28.491378784 0.015025186 0.999640346 -0.022210408 -3.381611824 -0.999456048 0.014362775 -0.029688932 112.027732849
-0.029305317 0.028129896 0.999174476 29.326797485 0.016739808 0.999477446 -0.027647458 -3.401569366 -0.999430358 0.015915776 -0.029760895 112.013305664
-0.028459227 0.022641778 0.999338448 30.172534943 0.018223442 0.999589026 -0.022128485 -3.436153650 -0.999428809 0.017581627 -0.028860150 111.997192383
-0.026940795 0.014705519 0.999528944 31.000389099 0.021525571 0.999668598 -0.014127383 -3.468859673 -0.999405205 0.021134829 -0.027248411 111.964035034
-0.026135759 0.012132831 0.999584734 31.830625534 0.023108462 0.999666512 -0.011529613 -3.491492510 -0.999391258 0.022797531 -0.026407411 111.941566467
-0.026338555 0.012636708 0.999573171 32.648876190 0.021935094 0.999686539 -0.012060158 -3.517488718 -0.999412417 0.021608083 -0.026607489 111.923904419
-0.027561212 0.013220535 0.999532700 33.470867157 0.018098369 0.999755204 -0.012724432 -3.548681974 -0.999456286 0.017739210 -0.027793735 111.912994385
-0.029706923 0.013499527 0.999467432 34.288116455 0.016565040 0.999778092 -0.013011365 -3.571332932 -0.999421418 0.016169693 -0.029923944 111.896926880
-0.031736530 0.013444756 0.999405801 35.098175049 0.016335728 0.999782920 -0.012931081 -3.595931053 -0.999362826 0.015915634 -0.031949267 111.871421814
-0.033625260 0.013777981 0.999339461 35.900802612 0.015318057 0.999794602 -0.013268840 -3.621127844 -0.999317110 0.014861773 -0.033829406 111.846504211
-0.035643578 0.013927419 0.999267399 36.710929871 0.013320996 0.999820650 -0.013459970 -3.649247646 -0.999275804 0.012831480 -0.035822716 111.823966980
-0.038189776 0.013163151 0.999183774 37.514076233 0.011991978 0.999847293 -0.012713549 -3.674014091 -0.999198556 0.011496662 -0.038341794 111.808517456
-0.040192831 0.012079882 0.999118865 38.304168701 0.012349629 0.999856591 -0.011591996 -3.698880672 -0.999115705 0.011872832 -0.040336251 111.776878357
-0.042312421 0.011686827 0.999036074 39.084506989 0.011591048 0.999870062 -0.011205667 -3.729780197 -0.999037147 0.011105737 -0.042442378 111.747283936
-0.044206467 0.013145545 0.998935878 39.884658813 0.012090849 0.999847233 -0.012622477 -3.748045683 -0.998949230 0.011519988 -0.044358660 111.723922729
-0.044902951 0.012929976 0.998907626 40.647712708 0.012215509 0.999848604 -0.012393042 -3.776200056 -0.998916686 0.011645679 -0.045054093 111.681632996
-0.046181370 0.011942460 0.998861730 41.425289154 0.014323837 0.999833703 -0.011291833 -3.798651695 -0.998830378 0.013786059 -0.046344742 111.647682190
-0.047719743 0.011138898 0.998798549 42.199909210 0.014621994 0.999838471 -0.010451896 -3.824413061 -0.998753726 0.014105666 -0.047874901 111.615722656
-0.048808683 0.010161816 0.998756349 42.956348419 0.012576740 0.999875188 -0.009558581 -3.855347157 -0.998728991 0.012094556 -0.048930388 111.580337524
-0.050237887 0.009438115 0.998692632 43.710815430 0.010634921 0.999903738 -0.008914584 -3.872789860 -0.998680711 0.010173166 -0.050333422 111.549491882
-0.050939273 0.008391238 0.998666465 44.444377899 0.010627554 0.999912620 -0.007859623 -3.891412258 -0.998645186 0.010213019 -0.051024001 111.514236450
-0.051737729 0.008382212 0.998625457 45.159931183 0.011007605 0.999908805 -0.007822691 -3.911592960 -0.998600006 0.010587748 -0.051825274 111.481613159
-0.051617034 0.010610580 0.998610556 45.868167877 0.010944066 0.999889553 -0.010058481 -3.935936928 -0.998607039 0.010409670 -0.051727455 111.449295044
-0.051799998 0.013602717 0.998564780 46.575996399 0.011070354 0.999853671 -0.013046004 -3.958281040 -0.998596072 0.010378683 -0.051943004 111.417160034
-0.052180786 0.015212923 0.998521864 47.280349731 0.008591773 0.999853730 -0.014784232 -3.979428291 -0.998600662 0.007807620 -0.052303873 111.385162354
-0.052347079 0.016327612 0.998495519 47.978557587 0.009122977 0.999832392 -0.015871195 -3.999236107 -0.998587370 0.008278440 -0.052487258 111.353668213
-0.052216440 0.016127458 0.998505533 48.672885895 0.010758088 0.999820650 -0.015586108 -4.021681786 -0.998577893 0.009928160 -0.052380580 111.318588257
-0.052382052 0.015417456 0.998508036 49.351257324 0.010934425 0.999829710 -0.014864238 -4.047499180 -0.998567283 0.010139491 -0.052541714 111.279594421
-0.052382041 0.015354709 0.998509049 50.036876678 0.006904376 0.999863386 -0.015013331 -4.071202755 -0.998603284 0.006107653 -0.052480903 111.248657227
-0.052483935 0.015523874 0.998501003 50.727409363 0.004740281 0.999871731 -0.015296021 -4.094617367 -0.998610556 0.003930380 -0.052550793 111.226943970
-0.052029327 0.013725761 0.998551250 51.399768829 0.006008049 0.999891698 -0.013431142 -4.123803139 -0.998627543 0.005300532 -0.052106164 111.187980652
-0.053299699 0.013385981 0.998488843 52.070720673 0.006730246 0.999892235 -0.013045534 -4.140381813 -0.998555899 0.006024754 -0.053384047 111.152969360
-0.056578197 0.012633625 0.998318195 52.744384766 0.003507332 0.999916315 -0.012455078 -4.166661263 -0.998392045 0.002796749 -0.056617774 111.119667053
-0.062098980 0.012414556 0.997992694 53.414932251 -0.000181061 0.999922514 -0.012449829 -4.188701630 -0.998070002 -0.000953820 -0.062091906 111.089248657
-0.067850694 0.016204644 0.997563839 54.080490112 0.003378500 0.999866128 -0.016012248 -4.210690498 -0.997689843 0.002283828 -0.067896344 111.041252136
-0.074377574 0.019618344 0.997037113 54.755825043 0.006055390 0.999796927 -0.019220924 -4.223501682 -0.997211695 0.004607842 -0.074481256 110.986869812
-0.081941545 0.021170445 0.996412277 55.420814514 0.005275236 0.999769509 -0.020807963 -4.245477676 -0.996623158 0.003551274 -0.082034320 110.931991577
-0.088223301 0.020042613 0.995899022 56.091217041 0.001082142 0.999798894 -0.020025238 -4.272870064 -0.996100128 -0.000688988 -0.088227220 110.876770020
-0.093832865 0.018817121 0.995410025 56.775573730 0.001248499 0.999822915 -0.018782847 -4.299596310 -0.995587170 -0.000519680 -0.093839720 110.817413330
-0.098173060 0.019661212 0.994975090 57.482433319 -0.001306048 0.999801397 -0.019885447 -4.317761421 -0.995168567 -0.003251700 -0.098127879 110.752471924
-0.102419309 0.019268068 0.994554698 58.185161591 -0.003324244 0.999800265 -0.019712023 -4.333943367 -0.994735837 -0.005325034 -0.102334790 110.692268372
-0.104864009 0.015763978 0.994361579 58.886985779 -0.003191595 0.999863803 -0.016187785 -4.359600067 -0.994481564 -0.004871116 -0.104799405 110.617904663
-0.106396154 0.012774339 0.994241655 59.602905273 -0.001135668 0.999915123 -0.012968760 -4.380644798 -0.994323254 -0.002508955 -0.106372610 110.539710999
-0.108098254 0.010460747 0.994085193 60.319931030 -0.001636373 0.999941349 -0.010700309 -4.400997162 -0.994138896 -0.002783379 -0.108074814 110.468498230
-0.109579146 0.009671260 0.993930936 61.042606354 -0.002111495 0.999948084 -0.009962594 -4.422348499 -0.993975878 -0.003190373 -0.109553017 110.392494202
-0.109745905 0.013377786 0.993869603 61.769168854 -0.000279260 0.999908924 -0.013489913 -4.440193176 -0.993959665 -0.001758011 -0.109732166 110.312644958
-0.109900579 0.017450012 0.993789315 62.499488831 0.005284742 0.999841988 -0.016971864 -4.462642670 -0.993928611 0.003386703 -0.109975420 110.226737976
-0.110771820 0.022643249 0.993587852 63.244071960 0.012667329 0.999691308 -0.021370105 -4.484004974 -0.993765175 0.010218899 -0.111024462 110.138885498
-0.111373238 0.023670230 0.993496597 63.991264343 0.013737991 0.999657393 -0.022276951 -4.507926941 -0.993683696 0.011167594 -0.111660264 110.057090759
-0.111726262 0.021202041 0.993512690 64.748260498 0.011580281 0.999732316 -0.020032495 -4.537749290 -0.993671715 0.009267002 -0.111941852 109.974678040
-0.111293294 0.015797038 0.993661940 65.502014160 0.011801196 0.999824286 -0.014573231 -4.565151215 -0.993717551 0.010104500 -0.111460149 109.890640259
-0.112037249 0.014400762 0.993599594 66.251922607 0.014186739 0.999816298 -0.012891178 -4.587236881 -0.993602753 0.012651648 -0.112220958 109.811065674
-0.112869568 0.013867736 0.993513048 67.009010315 0.014137180 0.999823809 -0.012349750 -4.611354351 -0.993509293 0.012651560 -0.113045737 109.728820801
-0.114665583 0.014496404 0.993298352 67.755714417 0.012560645 0.999834776 -0.013141806 -4.635755539 -0.993324697 0.010969558 -0.114828728 109.650962830
-0.117076159 0.015556740 0.993001103 68.491333008 0.011845029 0.999828041 -0.014267149 -4.655545712 -0.993052363 0.010091784 -0.117240287 109.572113037
-0.119084612 0.015794748 0.992758572 69.233032227 0.013202935 0.999810278 -0.014323206 -4.678424835 -0.992796302 0.011401652 -0.119270541 109.481796265
-0.120867096 0.015917223 0.992541075 69.975395203 0.013306706 0.999807656 -0.014413325 -4.700085640 -0.992579460 0.011465358 -0.121055655 109.392829895
-0.122741580 0.015598690 0.992316008 70.722068787 0.013318636 0.999812245 -0.014069117 -4.723969936 -0.992349267 0.011489432 -0.122926317 109.299301147
-0.124414235 0.015839320 0.992103875 71.470123291 0.011085917 0.999832332 -0.014572485 -4.746459484 -0.992168427 0.009185359 -0.124568969 109.211372375
-0.125504792 0.017281378 0.991942465 72.220443726 0.011015321 0.999811053 -0.016024753 -4.770006180 -0.992031872 0.008915383 -0.125671431 109.120094299
-0.126240835 0.017611792 0.991843224 72.982925415 0.010423863 0.999810815 -0.016426532 -4.791265011 -0.991944909 0.008265139 -0.126400530 109.028747559
-0.127622291 0.018121099 0.991657317 73.742752075 0.009696640 0.999808192 -0.017022129 -4.812016010 -0.991775453 0.007443341 -0.127773523 108.932868958
-0.128704429 0.016781392 0.991541088 74.527175903 0.010452411 0.999824345 -0.015564838 -4.830467224 -0.991627991 0.008360730 -0.128857210 108.838340759
-0.129885495 0.014221731 0.991427004 75.309555054 0.007538754 0.999882340 -0.013355380 -4.855970860 -0.991500318 0.005739454 -0.129977450 108.745689392
-0.131639600 0.011812709 0.991227210 76.078613281 0.004278726 0.999926448 -0.011348144 -4.878715038 -0.991288424 0.002747325 -0.131680474 108.647438049
-0.133768663 0.011128106 0.990950108 76.865829468 0.005715486 0.999928951 -0.010457401 -4.899349689 -0.990996122 0.004264889 -0.133822769 108.542442322
-0.135545462 0.011735522 0.990701556 77.668594360 0.006857204 0.999917030 -0.010906499 -4.923004150 -0.990747392 0.005315116 -0.135614708 108.437767029
-0.137808576 0.013320366 0.990369260 78.470108032 0.006557837 0.999899924 -0.012536037 -4.937451363 -0.990437090 0.004767108 -0.137882158 108.331726074
-0.139300808 0.016647989 0.990110219 79.280883789 0.008115415 0.999844253 -0.015669880 -4.968610287 -0.990216911 0.005852327 -0.139414221 108.219535828
-0.139539868 0.020822791 0.989997566 80.087463379 0.010113947 0.999756694 -0.019602498 -4.989334583 -0.990164816 0.007277451 -0.139716536 108.100471497
-0.140874505 0.024491865 0.989724457 80.903442383 0.010901045 0.999671757 -0.023186393 -5.018969059 -0.989967525 0.007522659 -0.141095191 107.992820740
-0.140476301 0.025746051 0.989749253 81.732215881 0.013564897 0.999618053 -0.024077483 -5.048020363 -0.989991188 0.010043532 -0.140771881 107.878845215
-0.139975443 0.024728050 0.989846110 82.561874390 0.016271275 0.999610484 -0.022671038 -5.082129002 -0.990021348 0.012932672 -0.140323281 107.751228333
-0.140027672 0.022960138 0.989881217 83.402664185 0.016794091 0.999642313 -0.020810861 -5.110407352 -0.990005255 0.013710066 -0.140363172 107.637886047
-0.139273211 0.021200243 0.990027010 84.232589722 0.015851934 0.999690473 -0.019177184 -5.140361786 -0.990127206 0.013022981 -0.139566153 107.523170471
-0.137677982 0.018642843 0.990301549 85.086624146 0.014656943 0.999751627 -0.016783049 -5.170593262 -0.990368724 0.012204140 -0.137917042 107.415710449
-0.136056900 0.015475121 0.990580201 85.941200256 0.015337963 0.999791026 -0.013512338 -5.194186211 -0.990582228 0.013355033 -0.136265814 107.305541992
-0.134256870 0.012087867 0.990872920 86.792846680 0.015537361 0.999828339 -0.010091908 -5.219321251 -0.990824699 0.014040638 -0.134421647 107.190101624
-0.132413402 0.012032419 0.991121590 87.648468018 0.014487796 0.999842942 -0.010202736 -5.243464947 -0.991088688 0.013008187 -0.132566944 107.080162048
-0.131129578 0.016048832 0.991235256 88.505828857 0.015726779 0.999776840 -0.014106644 -5.275246620 -0.991240501 0.013739143 -0.131352663 106.969490051
-0.129255101 0.022570137 0.991354406 89.352561951 0.016897924 0.999645948 -0.020555718 -5.298059464 -0.991467416 0.014094903 -0.129590720 106.862213135
-0.127864197 0.025846396 0.991454780 90.205566406 0.013704428 0.999610960 -0.024291610 -5.324772835 -0.991697013 0.010481294 -0.128168657 106.760276794
-0.126411676 0.023474783 0.991700113 91.065086365 0.012515276 0.999678135 -0.022068318 -5.352494240 -0.991898954 0.009621705 -0.126664788 106.657081604
