1.000000000 -0.000000000 0.000000000 0.000000000 -0.000000000 1.000000000 0.000000000 0.000000000 0.000000000 0.000000000 1.000000000 0.000000000
0.999978840 0.000412821 -0.006487737 -0.008080125 -0.000410194 0.999999821 0.000406376 -0.002084752 0.006487904 -0.000403706 0.999978900 0.091707990
0.999907136 0.000950936 -0.013593086 -0.016310411 -0.000948545 0.999999523 0.000182328 -0.001916964 0.013593254 -0.000169418 0.999907613 0.188596010
0.999772370 0.001391139 -0.021288905 -0.026066732 -0.001403400 0.999998868 -0.000561036 -0.002160841 0.021288099 0.000590785 0.999773204 0.285391986
0.999541938 0.001711320 -0.030216411 -0.043030392 -0.001771726 0.999996483 -0.001972451 -0.001944458 0.030212929 0.002025082 0.999541461 0.390674889
0.999125540 0.001928454 -0.041766528 -0.059004363 -0.002072867 0.999992013 -0.003414602 -0.005021810 0.041759610 0.003498192 0.999121547 0.501155674
0.998479009 0.001729470 -0.055106509 -0.084213868 -0.001955034 0.999989927 -0.004039574 -0.008012879 0.055098969 0.004141165 0.998472333 0.626055121
0.997428179 0.001833297 -0.071649618 -0.108699903 -0.002154688 0.999987960 -0.004408564 -0.004466639 0.071640678 0.004551609 0.997420132 0.761406183
0.995905161 0.000206335 -0.090403974 -0.134668574 -0.000584125 0.999991179 -0.004152471 -0.009545625 0.090402320 0.004188274 0.995896518 0.917132735
0.993913412 -0.000747954 -0.110161468 -0.176243126 0.000270204 0.999990523 -0.004351687 -0.012865368 0.110163674 0.004295434 0.993904173 1.075272202
0.991228402 -0.001135400 -0.132155299 -0.224514320 0.000521461 0.999988914 -0.004680101 -0.016199717 0.132159144 0.004570135 0.991217971 1.236608863
0.987750173 0.002766660 -0.156019107 -0.276158005 -0.003744165 0.999975145 -0.005971759 -0.018928699 0.155998737 0.006482767 0.987735987 1.398101807
0.983381212 0.006974007 -0.181418344 -0.342195809 -0.008467868 0.999936342 -0.007461105 -0.024057608 0.181354776 0.008873339 0.983377695 1.572108746
0.978018761 0.010064028 -0.208273500 -0.416596889 -0.012093189 0.999890983 -0.008471726 -0.027595919 0.208165511 0.010804199 0.978033960 1.754346132
0.971311510 0.010497808 -0.237578735 -0.494900644 -0.012954792 0.999877453 -0.008782849 -0.028810386 0.237457424 0.011608667 0.971328557 1.940192580
0.963258326 0.012548160 -0.268283278 -0.582202554 -0.015298936 0.999849558 -0.008165085 -0.033232357 0.268140465 0.011969536 0.963305533 2.132837057
0.953776598 0.014323386 -0.300175220 -0.679163754 -0.017318731 0.999823213 -0.007320206 -0.034232631 0.300017297 0.012180495 0.953855991 2.323194742
0.942553043 0.016499447 -0.333648831 -0.768603384 -0.019592917 0.999790728 -0.005908539 -0.040024735 0.333481461 0.012106269 0.942678928 2.492901087
0.930044651 0.018788420 -0.366965771 -0.878663719 -0.022245947 0.999739110 -0.005194518 -0.044975962 0.366772324 0.012994635 0.930219948 2.678350925
0.916131616 0.021487139 -0.400301188 -0.996690869 -0.025510164 0.999663413 -0.004723352 -0.043736927 0.400064945 0.014538961 0.916371465 2.859398842
0.900078654 0.021801028 -0.435181439 -1.114305615 -0.026171312 0.999649227 -0.004050863 -0.043118004 0.434940547 0.015035367 0.900333643 3.036160231
0.881585240 0.017067991 -0.471716076 -1.247094512 -0.021922149 0.999748290 -0.004796430 -0.041141119 0.471515417 0.014569491 0.881737471 3.230877638
0.860407591 0.012173031 -0.509460926 -1.379080892 -0.017259460 0.999837279 -0.005258739 -0.044329032 0.509314001 0.013317681 0.860477686 3.397574663
0.835563242 0.014425209 -0.549204826 -1.529571056 -0.018355945 0.999830127 -0.001665670 -0.054738998 0.549087584 0.011472948 0.835685968 3.560354233
0.806393266 0.019963304 -0.591042638 -1.712327480 -0.023007074 0.999732435 0.002377518 -0.061161824 0.590931952 0.011680948 0.806636691 3.731231451
0.773954630 0.022969289 -0.632824361 -1.911934137 -0.026419109 0.999642968 0.003972504 -0.060320299 0.632689714 0.013644117 0.774285078 3.900243521
0.737791777 0.021926168 -0.674672186 -2.122148514 -0.025453381 0.999665201 0.004653418 -0.062430121 0.674548328 0.013739435 0.738102734 4.069860458
0.698167264 0.018003937 -0.715708315 -2.343365908 -0.019730655 0.999787927 0.005902995 -0.060944930 0.715662777 0.010000113 0.698374391 4.239810467
0.655127764 0.014418658 -0.755380571 -2.579382896 -0.014349679 0.999875009 0.006640337 -0.061122194 0.755381823 0.006489199 0.655252695 4.401034355
0.610339582 0.013882224 -0.792018294 -2.839284897 -0.011697824 0.999895394 0.008511327 -0.059757560 0.792053521 0.004070091 0.610438108 4.548954487
0.561879754 0.014879473 -0.827085137 -3.119404316 -0.009406108 0.999888480 0.011598215 -0.061409321 0.827165484 0.001262849 0.561957002 4.692514420
0.513222158 0.014954031 -0.858125567 -3.406086206 -0.008177117 0.999888003 0.012533921 -0.049440794 0.858216763 0.000584306 0.513286829 4.779658318
0.460708141 0.016466526 -0.887398839 -3.724457741 -0.007867860 0.999864340 0.014468696 -0.042023793 0.887516856 0.000316083 0.460775197 4.888255596
0.406066775 0.018487385 -0.913656294 -4.059593201 -0.006670324 0.999828637 0.017266467 -0.036583565 0.913819015 -0.000916956 0.406120539 4.987772942
0.350571275 0.020613389 -0.936309099 -4.414986134 -0.006090850 0.999786675 0.019730359 -0.034741752 0.936516225 -0.001213979 0.350622118 5.076269627
0.294980824 0.023517810 -0.955213726 -4.751019478 -0.003156159 0.999715626 0.023638809 -0.031785920 0.955497980 -0.003958190 0.294971168 5.142045975
0.241126537 0.025226032 -0.970165849 -5.134793758 0.001421798 0.999651909 0.026346099 -0.028491601 0.970492601 -0.007732123 0.241006806 5.200434685
0.190196097 0.026053036 -0.981400311 -5.505579472 0.003728207 0.999621511 0.027259272 -0.029748484 0.981739163 -0.008843470 0.190026999 5.236081123
0.142819375 0.027180081 -0.989375532 -5.920230389 0.001425314 0.999616265 0.027667161 -0.025067285 0.989747703 -0.005361578 0.142725870 5.254697800
0.100242928 0.027137395 -0.994592845 -6.357532978 -0.001731102 0.999631286 0.027100392 -0.008190945 0.994961500 -0.000994881 0.100252971 5.258825302
0.062609777 0.025609696 -0.997709394 -6.779413700 -0.001150746 0.999671936 0.025587857 -0.003318354 0.998037398 -0.000453940 0.062618710 5.253789902
0.028092831 0.022977211 -0.999341190 -7.237971306 -0.000307942 0.999735892 0.022977632 0.004118785 0.999605298 -0.000337767 0.028092485 5.239612103
-0.002945296 0.020341458 -0.999788821 -7.714402676 -0.000081514 0.999793172 0.020341784 0.008773208 0.999995708 0.000141409 -0.002943028 5.209449291
-0.029655617 0.018412512 -0.999390602 -8.204742432 -0.000998203 0.999829292 0.018450215 0.016747847 0.999559641 0.001544747 -0.029632170 5.173748970
-0.050564736 0.015697498 -0.998597383 -8.711204529 -0.001495122 0.999874175 0.015793273 0.029137254 0.998719633 0.002291608 -0.050534904 5.134290695
-0.066845104 0.014864586 -0.997652590 -9.234973907 -0.001368572 0.999886692 0.014989569 0.040752500 0.997762442 0.002367339 -0.066817194 5.084013939
-0.080030739 0.015180616 -0.996676743 -9.770836830 -0.000257639 0.999883711 0.015250149 0.047846451 0.996792316 0.001477264 -0.080017529 5.033119202
-0.089441925 0.016488191 -0.995855570 -10.328289032 -0.000253329 0.999862552 0.016577281 0.051823035 0.995991945 0.001734984 -0.089425460 4.972362995
-0.096247666 0.017789524 -0.995198488 -10.895602226 -0.002639120 0.999832213 0.018127587 0.051479131 0.995353937 0.004371185 -0.096184559 4.909132481
-0.100578643 0.018836621 -0.994750798 -11.489776611 -0.002531458 0.999812663 0.019188426 0.057157680 0.994925797 0.004448115 -0.100512132 4.839095116
-0.101801023 0.019481169 -0.994614065 -12.105647087 -0.000612423 0.999806762 0.019645559 0.066848293 0.994804621 0.002609062 -0.101769410 4.768898487
-0.101125680 0.021607971 -0.994638920 -12.724585533 0.001894568 0.999766469 0.021526743 0.077539042 0.994871855 0.000292495 -0.101143010 4.714759350
-0.099634498 0.024008190 -0.994734347 -13.361743927 0.001270534 0.999711156 0.024001047 0.083530590 0.995023251 0.001127488 -0.099636234 4.648786545
-0.097824171 0.024177218 -0.994909942 -14.010380745 -0.001086394 0.999701619 0.024400478 0.086695850 0.995203197 0.003467821 -0.097768739 4.579365253
-0.096196383 0.021631001 -0.995127261 -14.666459084 -0.002424133 0.999755740 0.021965945 0.097697675 0.995359361 0.004525365 -0.096120462 4.513004780
-0.095056675 0.021441272 -0.995240927 -15.362252235 -0.003512321 0.999754608 0.021873977 0.106529236 0.995465696 0.005574873 -0.094958059 4.440685272
-0.093410037 0.024090560 -0.995336175 -16.067886353 -0.003008526 0.999695837 0.024478421 0.122165322 0.995623171 0.005281026 -0.093309164 4.374433994
-0.091103159 0.027682388 -0.995456636 -16.781900406 -0.004381308 0.999592781 0.028198380 0.129787922 0.995831847 0.006930364 -0.090944789 4.301366806
-0.089376964 0.029718406 -0.995554388 -17.516992569 -0.004718652 0.999530911 0.030260732 0.138630062 0.995986760 0.007402288 -0.089194812 4.229922771
-0.087757774 0.029129986 -0.995715797 -18.238468170 -0.006418308 0.999535024 0.029807396 0.152070731 0.996121109 0.009006641 -0.087530002 4.165360928
-0.086056180 0.025748698 -0.995957553 -18.999292374 -0.008881201 0.999606550 0.026610415 0.170411974 0.996250749 0.011135290 -0.085793637 4.091473579
-0.084375098 0.025224598 -0.996114790 -19.772804260 -0.009815095 0.999610007 0.026144486 0.186477542 0.996385753 0.011982907 -0.084094599 4.018117905
-0.082997851 0.027323043 -0.996175170 -20.540967941 -0.007210330 0.999581456 0.028017208 0.200656861 0.996523678 0.009508119 -0.082766108 3.956927776
-0.081731915 0.029713873 -0.996211410 -21.329153061 -0.004787851 0.999532223 0.030205736 0.208133608 0.996642828 0.007238484 -0.081551425 3.890563488
-0.080431297 0.031534344 -0.996261358 -22.117271423 -0.004263528 0.999479413 0.031980421 0.221968085 0.996751010 0.006819815 -0.080254972 3.826002121
-0.079663098 0.026822761 -0.996460974 -22.923219681 -0.004296196 0.999619424 0.027251251 0.234545678 0.996812582 0.006451911 -0.079517536 3.755421162
-0.079446770 0.019715937 -0.996644199 -23.725128174 -0.002818525 0.999795973 0.020002969 0.242205575 0.996835053 0.004398238 -0.079374991 3.690716743
-0.079626679 0.015178297 -0.996709228 -24.543428421 0.000208871 0.999884307 0.015209960 0.252145588 0.996824682 0.001002937 -0.079620644 3.624930382
-0.080005236 0.016304899 -0.996661067 -25.362743378 0.001332241 0.999867022 0.016250405 0.256972551 0.996793509 -0.000027675 -0.080016322 3.556317091
-0.079810657 0.024018772 -0.996520698 -26.204244614 0.000954986 0.999711037 0.024019185 0.260021150 0.996809542 0.000965324 -0.079810537 3.478457212
-0.080423780 0.031085746 -0.996275842 -27.045518875 -0.000395551 0.999512494 0.031218665 0.271451890 0.996760666 0.002904801 -0.080372266 3.413522005
-0.080574602 0.036508281 -0.996079743 -27.882017136 -0.002605373 0.999317884 0.036837716 0.281481445 0.996745169 0.005563342 -0.080424517 3.336349964
-0.081189163 0.036845405 -0.996017396 -28.729742050 -0.004264874 0.999294519 0.037314281 0.291695774 0.996689498 0.007277405 -0.080974743 3.259190798
-0.081553623 0.033257086 -0.996113896 -29.568141937 -0.004271481 0.999422371 0.033717260 0.307785153 0.996659756 0.007004647 -0.081364460 3.185556173
-0.081961237 0.030502573 -0.996168673 -30.403877258 -0.004207983 0.999512017 0.030951161 0.324216068 0.996626556 0.006728657 -0.081792876 3.113470554
-0.082186908 0.031728558 -0.996111751 -31.238332748 -0.005380445 0.999464452 0.032279275 0.337993026 0.996602356 0.008012458 -0.081972167 3.040221930
-0.081708632 0.034218438 -0.996068656 -32.070793152 -0.007093800 0.999365151 0.034913592 0.344530761 0.996631026 0.009918654 -0.081414007 2.963031530
-0.081686780 0.032708477 -0.996121228 -32.903358459 -0.007483648 0.999413073 0.033430256 0.357277155 0.996629953 0.010185431 -0.081394047 2.890962601
-0.081307873 0.027324803 -0.996314347 -33.738426208 -0.008459706 0.999569237 0.028104451 0.370719314 0.996653140 0.010713642 -0.081041694 2.813762903
-0.081151143 0.023352893 -0.996428192 -34.561306000 -0.010581898 0.999648929 0.024290185 0.375888705 0.996645689 0.012515277 -0.080875531 2.743081570
-0.080450021 0.023872344 -0.996472716 -35.400329590 -0.009284001 0.999651849 0.024698043 0.391021937 0.996715426 0.011238210 -0.080200382 2.666191816
-0.079959616 0.026371576 -0.996449232 -36.224308014 -0.008428865 0.999596238 0.027131241 0.395037770 0.996762455 0.010568342 -0.079705074 2.599332333
-0.079461753 0.031276099 -0.996347129 -37.066638947 -0.007702289 0.999458551 0.031988047 0.408965290 0.996808171 0.010215979 -0.079177834 2.528200626
-0.078758135 0.036672026 -0.996219039 -37.903057098 -0.007767537 0.999270260 0.037398420 0.423628449 0.996863484 0.010683598 -0.078415811 2.460428715
-0.078815021 0.040180150 -0.996079266 -38.753665924 -0.007883823 0.999131083 0.040927067 0.434645653 0.996858120 0.011078580 -0.078429766 2.383188725
-0.078479670 0.040170185 -0.996106088 -39.538890839 -0.007328390 0.999137640 0.040869825 0.450309396 0.996888876 0.010507302 -0.078117587 2.320443869
-0.078781478 0.035902336 -0.996245265 -40.360210419 -0.006921763 0.999307573 0.036560059 0.469563603 0.996867895 0.009776030 -0.078478411 2.257864952
-0.078162275 0.031494372 -0.996442974 -41.176429749 -0.008210082 0.999446690 0.032233320 0.482363284 0.996906817 0.010700310 -0.077860452 2.182732105
-0.078045137 0.028803667 -0.996533692 -41.984184265 -0.012465842 0.999476254 0.029865004 0.491043806 0.996871829 0.014753451 -0.077645205 2.110957623
-0.078382984 0.027135437 -0.996553957 -42.826190948 -0.015832484 0.999469578 0.028460119 0.505203187 0.996797562 0.018008711 -0.077911779 2.028208733
-0.079016283 0.025020259 -0.996559322 -43.633979797 -0.013269959 0.999570012 0.026148014 0.515070081 0.996784985 0.015290420 -0.078650288 1.963654995
-0.080164671 0.021627788 -0.996546984 -44.462551117 -0.009984604 0.999697030 0.022499338 0.518342137 0.996731639 0.011753778 -0.079924434 1.898647785
-0.081078865 0.020021666 -0.996506572 -45.282855988 -0.005319828 0.999775231 0.020520177 0.528834939 0.996693492 0.006964998 -0.080954127 1.831298113
-0.083173692 0.023548022 -0.996256948 -46.106487274 -0.005182359 0.999697030 0.024061993 0.533935487 0.996521592 0.007164284 -0.083026461 1.760233641
-0.084550098 0.029811408 -0.995973170 -46.915805817 -0.002975258 0.999540329 0.030170757 0.538081884 0.996414781 0.005514217 -0.084422536 1.684532881
-0.086168677 0.033607204 -0.995713532 -47.713451385 -0.000922850 0.999427736 0.033812422 0.546331406 0.996280134 0.003832467 -0.086088359 1.615034103
-0.087613307 0.032426286 -0.995626628 -48.523857117 -0.000941494 0.999466896 0.032634217 0.559421897 0.996154189 0.003796567 -0.087536074 1.538621902
-0.088828616 0.028676372 -0.995634139 -49.319133759 -0.004211087 0.999565780 0.029165324 0.566030860 0.996038079 0.006783416 -0.088669285 1.460159302
-0.089759767 0.025079925 -0.995647609 -50.108520508 -0.009019217 0.999621451 0.025993124 0.571511447 0.995922565 0.011313099 -0.089499578 1.371028423
-0.091471948 0.023751359 -0.995524406 -50.899826050 -0.012805819 0.999604821 0.025025351 0.579307437 0.995725274 0.015037622 -0.091131665 1.295571327
-0.092446886 0.024800956 -0.995408714 -51.698646545 -0.014530654 0.999549747 0.026253641 0.585241795 0.995611608 0.016891006 -0.092044882 1.212311268
-0.093065470 0.026515089 -0.995306909 -52.485828400 -0.014848012 0.999497235 0.028015075 0.588937581 0.995549321 0.017385561 -0.092624970 1.129801750
-0.094322339 0.026025811 -0.995201468 -53.264606476 -0.016158056 0.999486566 0.027669283 0.596254587 0.995410562 0.018690357 -0.093853377 1.055834293
-0.095140673 0.025908427 -0.995126665 -54.043926239 -0.016860394 0.999475956 0.027633624 0.602764428 0.995321035 0.019407313 -0.094653979 0.976093292
-0.095480897 0.027670933 -0.995046556 -54.824222565 -0.015366254 0.999453604 0.029267967 0.612217605 0.995312691 0.018084671 -0.095003530 0.898346901
-0.095754661 0.030545428 -0.994936168 -55.594097137 -0.014701954 0.999376655 0.032096691 0.623480678 0.995296419 0.017700911 -0.095245898 0.823257923
-0.095897943 0.034818377 -0.994782150 -56.378421783 -0.014615782 0.999231040 0.036383078 0.630679727 0.995283842 0.018028578 -0.095315315 0.740330219
-0.096455030 0.036864303 -0.994654417 -57.140586853 -0.014785974 0.999150515 0.038464792 0.643294692 0.995227516 0.018417059 -0.095828019 0.664485455
-0.097144514 0.036994744 -0.994582534 -57.897201538 -0.014561068 0.999149203 0.038586847 0.653151631 0.995163739 0.018230684 -0.096523188 0.586468220
-0.097292617 0.035184558 -0.994633734 -58.637508392 -0.013712638 0.999232650 0.036688585 0.662127137 0.995161414 0.017208580 -0.096735500 0.510808468
-0.097422138 0.031260252 -0.994752109 -59.367164612 -0.013244395 0.999377370 0.032702707 0.679163933 0.995155036 0.016360858 -0.096947454 0.434182644
-0.097148009 0.028417652 -0.994864285 -60.097362518 -0.013891062 0.999456167 0.029905278 0.686374903 0.995173037 0.016724955 -0.096700445 0.352807522
-0.096080869 0.026083529 -0.995031774 -60.805458069 -0.014400871 0.999515593 0.027591623 0.695682049 0.995269358 0.016980348 -0.095658697 0.282360077
-0.093589462 0.025402857 -0.995286763 -61.499774933 -0.017206959 0.999483883 0.027127994 0.698305666 0.995462179 0.019664751 -0.093104050 0.207777023
-0.088971376 0.026225496 -0.995688796 -62.190849304 -0.017188961 0.999463975 0.027860872 0.704975843 0.995885909 0.019593678 -0.088472895 0.136756420
-0.083459713 0.027989760 -0.996118009 -62.844757080 -0.016652284 0.999426723 0.029477941 0.708089232 0.996371984 0.019047864 -0.082945786 0.084773064
-0.076278903 0.029399374 -0.996653080 -63.497909546 -0.015834477 0.999403358 0.030692402 0.715266347 0.996960819 0.018122658 -0.075767882 0.036780834
-0.067390054 0.030545317 -0.997259021 -64.129402161 -0.016765518 0.999355495 0.031742461 0.721009135 0.997585833 0.018858692 -0.066834509 -0.003439426
-0.055625901 0.032529272 -0.997921705 -64.760810852 -0.018838145 0.999257028 0.033622876 0.724989414 0.998273849 0.020669293 -0.054971788 -0.042785645
-0.040785108 0.033910736 -0.998592377 -65.356414795 -0.021893615 0.999153614 0.034823988 0.732770443 0.998927951 0.023283098 -0.040008157 -0.065740347
-0.022413082 0.035319205 -0.999124765 -65.920227051 -0.023576483 0.999079108 0.035846483 0.738831878 0.999470770 0.024359277 -0.021559739 -0.075568318
-0.000158399 0.036344189 -0.999339461 -66.492492676 -0.024948439 0.999028146 0.036336824 0.744011760 0.999688745 0.024937710 0.000748482 -0.068385199
0.025517734 0.036738306 -0.998999119 -67.037567139 -0.024000483 0.999058962 0.036127456 0.749957800 0.999386251 0.023054570 0.026375452 -0.041245341
0.054502647 0.035794891 -0.997871816 -67.554656982 -0.022377204 0.999149978 0.034618523 0.763115287 0.998262882 0.020442782 0.055257306 0.015002012
0.088597439 0.035892900 -0.995420635 -68.061737061 -0.020885343 0.999197721 0.034170192 0.767461419 0.995848596 0.017762315 0.089275993 0.082526207
0.125525355 0.035899378 -0.991440833 -68.540367126 -0.020997886 0.999217331 0.033522442 0.777471423 0.991868198 0.016610244 0.126180932 0.178538322
0.167072296 0.036236897 -0.985278547 -68.982353210 -0.020893522 0.999230146 0.033207126 0.771134257 0.985723257 0.015037948 0.167700782 0.262040138
0.212902695 0.037380558 -0.976358056 -69.358924866 -0.019619156 0.999230027 0.033978112 0.771073341 0.976876557 0.011921294 0.213472158 0.353564262
0.261528611 0.036047857 -0.964522362 -69.800651550 -0.016490705 0.999323428 0.032877076 0.773507118 0.965054989 0.007307358 0.261946112 0.502670288
0.311470538 0.031312078 -0.949739695 -70.208747864 -0.009080471 0.999509335 0.029974960 0.770163774 0.950212419 -0.000712235 0.311602086 0.684022903
0.362084925 0.025421126 -0.931798518 -70.597564697 -0.003643257 0.999659002 0.025856763 0.779369235 0.932138026 -0.005967567 0.362054080 0.886667252
0.414392203 0.021164056 -0.909852326 -70.981002808 0.001557102 0.999711692 0.023963451 0.777368128 0.910097122 -0.011347000 0.414239764 1.102725983
0.464745492 0.020269338 -0.885212243 -71.351509094 0.001580838 0.999717474 0.023721192 0.786907017 0.885442913 -0.012423696 0.464582145 1.345251083
0.513288081 0.019502748 -0.857994735 -71.745018005 0.002209525 0.999708414 0.024045810 0.793311238 0.858213544 -0.014238192 0.513095260 1.606338501
0.559859216 0.015665200 -0.828439653 -72.071342468 0.009153889 0.999643266 0.025088733 0.793618560 0.828537166 -0.021629600 0.559516132 1.856456757
0.603762329 0.008777044 -0.797116101 -72.393440247 0.019677306 0.999470592 0.025909409 0.799412131 0.796921432 -0.031328220 0.603269994 2.161407471
0.645846009 0.003860933 -0.763458014 -72.701530457 0.021088954 0.999515474 0.022894878 0.800718427 0.763176441 -0.030887097 0.645451546 2.480289459
0.687160671 -0.001324834 -0.726504326 -73.005424500 0.018773587 0.999696791 0.015933886 0.805967689 0.726262867 -0.024588231 0.686977088 2.798778534
0.727472305 -0.007968977 -0.686090946 -73.283386230 0.015281933 0.999872684 0.004590089 0.808852077 0.685966969 -0.013823958 0.727501333 3.139888763
0.766502559 -0.008393798 -0.642186403 -73.518684387 0.008411659 0.999960005 -0.003030123 0.803080142 0.642186165 -0.003079256 0.766542494 3.470893860
0.803490222 -0.009551215 -0.595241189 -73.774879456 0.007383582 0.999954224 -0.006078443 0.801478446 0.595272183 0.000488957 0.803523958 3.869503021
0.837238967 -0.010606834 -0.546734273 -74.021209717 0.007653686 0.999941111 -0.007678768 0.795575798 0.546783686 0.002244431 0.837270856 4.304122925
0.867392361 -0.009333842 -0.497537196 -74.239753723 0.004932531 0.999936283 -0.010159649 0.791961908 0.497600377 0.006358285 0.867383003 4.753786087
0.893436134 -0.007655115 -0.449124873 -74.460609436 0.004022180 0.999951124 -0.009042423 0.778394222 0.449172139 0.006272369 0.893423140 5.225925446
0.914501548 -0.001733707 -0.404578507 -74.655685425 -0.001740477 0.999964654 -0.008219209 0.771688819 0.404578567 0.008220640 0.914466262 5.724689484
0.931835592 0.002648712 -0.362871051 -74.839447021 -0.006650683 0.999930084 -0.009779821 0.762222886 0.362819791 0.011526525 0.931787968 6.241476059
0.945178390 0.007638442 -0.326464772 -75.014610291 -0.010956382 0.999905288 -0.008325601 0.753137469 0.326370269 0.011446052 0.945172668 6.784378052
0.955053389 0.008688578 -0.296306103 -75.174232483 -0.011197673 0.999914348 -0.006771856 0.744868636 0.296221823 0.009785422 0.955068946 7.327239990
0.962240040 0.007978164 -0.272085279 -75.320343018 -0.009804260 0.999937654 -0.005352676 0.734641075 0.272025615 0.007818151 0.962258160 7.909078598
0.967971504 0.008433794 -0.250918508 -75.462295532 -0.009487746 0.999950588 -0.002990972 0.720048904 0.250880957 0.005275824 0.968003511 8.508588791
0.972577810 0.010821467 -0.232325628 -75.610595703 -0.011303188 0.999935865 -0.000742313 0.718125999 0.232302621 0.003347976 0.972637832 9.128528595
0.976081312 0.015612500 -0.216844395 -75.754096985 -0.015844351 0.999874234 0.000669430 0.715032458 0.216827571 0.002782339 0.976205945 9.760491371
0.978886306 0.020242648 -0.203400627 -75.903762817 -0.020240841 0.999792933 0.002089366 0.700519145 0.203400820 0.002071746 0.979093254 10.413642883
0.981533885 0.018561214 -0.190385535 -76.026695251 -0.018552231 0.999826133 0.001829687 0.694631934 0.190386400 0.001736177 0.981707692 11.078831673
0.984115779 0.018646659 -0.176546037 -76.145843506 -0.018669695 0.999824464 0.001530764 0.686003447 0.176543564 0.001789611 0.984291136 11.757845879
0.986642420 0.019106001 -0.161776617 -76.255508423 -0.019027362 0.999816895 0.002035509 0.681384087 0.161785886 0.001069863 0.986825228 12.453665733
0.988768101 0.020177329 -0.148089454 -76.355514526 -0.020004392 0.999796331 0.002657295 0.674422443 0.148112863 0.000334990 0.988970399 13.168803215
0.990607619 0.021191288 -0.135083213 -76.462890625 -0.021414205 0.999770641 -0.000197255 0.659970760 0.135048032 0.003088102 0.990834177 13.891885757
0.992048800 0.021649726 -0.123978183 -76.550415039 -0.022482304 0.999733090 -0.005320273 0.646676540 0.123829924 0.008065285 0.992270708 14.617595673
0.993203938 0.020270191 -0.114608660 -76.633537292 -0.021748997 0.999695420 -0.011667339 0.637630284 0.114337251 0.014080671 0.993342280 15.360445023
0.994107783 0.019741870 -0.106583394 -76.715591431 -0.021125255 0.999706447 -0.011865905 0.628398120 0.106317833 0.014047590 0.994233012 16.119909286
0.994791150 0.021753045 -0.099585898 -76.795471191 -0.022453753 0.999730289 -0.005920675 0.613786519 0.099430233 0.008125912 0.995011389 16.884525299
0.995159626 0.026231976 -0.094705947 -76.888366699 -0.026107354 0.999655902 0.002554940 0.590613008 0.094740376 -0.000070052 0.995501995 17.684980392
0.995564640 0.027152564 -0.090076640 -76.964477539 -0.026689459 0.999623656 0.006341998 0.577638566 0.090214930 -0.003909772 0.995914638 18.451274872
0.995927751 0.025613861 -0.086439759 -77.036766052 -0.025239909 0.999666750 0.005416425 0.566852331 0.086549677 -0.003212637 0.996242344 19.224069595
0.996140361 0.025468480 -0.083998419 -77.097190857 -0.025193201 0.999673247 0.004335640 0.558043242 0.084081389 -0.002202717 0.996456385 19.997335434
0.996417701 0.024262017 -0.081013486 -77.162963867 -0.023799740 0.999694526 0.006667082 0.547698200 0.081150487 -0.004715099 0.996690691 20.768295288
0.996666670 0.022779768 -0.078336589 -77.226821899 -0.022137716 0.999713957 0.009054796 0.538468003 0.078520447 -0.007290422 0.996885836 21.539583206
0.996936262 0.020468656 -0.075491518 -77.283691406 -0.019728087 0.999749839 0.010542671 0.532049239 0.075688437 -0.009021070 0.997090697 22.308023453
0.997144163 0.020057714 -0.072808787 -77.343193054 -0.019600220 0.999783456 0.006992601 0.520843089 0.072933264 -0.005545565 0.997321367 23.067325592
0.997222424 0.022751790 -0.070921436 -77.403152466 -0.022807816 0.999739826 0.000019822 0.508294940 0.070903435 0.001597795 0.997481942 23.815990448
0.997312665 0.023869414 -0.069264531 -77.464050293 -0.024468649 0.999670088 -0.007815826 0.495509565 0.069055110 0.009489628 0.997567713 24.570871353
0.997397840 0.024237774 -0.067896776 -77.524490356 -0.025090355 0.999616325 -0.011732406 0.481308818 0.067586362 0.013405432 0.997623324 25.339942932
0.997516155 0.025761129 -0.065557428 -77.582778931 -0.026495527 0.999595284 -0.010357659 0.463809013 0.065264069 0.012068913 0.997795045 26.100322723
0.997559547 0.029599333 -0.063236058 -77.642692566 -0.030025391 0.999532282 -0.005797745 0.436918437 0.063034870 0.007682282 0.997981787 26.871740341
0.997635424 0.032519598 -0.060547635 -77.700492859 -0.032629356 0.999467134 -0.000824600 0.422451943 0.060488574 0.002798280 0.998164952 27.612792969
0.997858822 0.030205743 -0.058011178 -77.747077942 -0.030220548 0.999542952 0.000622284 0.412341326 0.058003470 0.001132178 0.998315692 28.372306824
0.998014331 0.027457617 -0.056687586 -77.794807434 -0.027454304 0.999622762 0.000837337 0.395624697 0.056689188 0.000720644 0.998391628 29.135293961
0.998155892 0.024861906 -0.055378027 -77.836807251 -0.024864232 0.999690592 0.000647054 0.382674456 0.055376980 0.000731072 0.998465240 29.886262894
0.998180270 0.025397601 -0.054690540 -77.880508423 -0.025496025 0.999674261 -0.001102598 0.368393302 0.054644722 0.002494983 0.998502731 30.639789581
0.998274267 0.023274137 -0.053914394 -77.922210693 -0.023430957 0.999722838 -0.002278311 0.356512964 0.053846423 0.003537646 0.998542905 31.397773743
0.998330474 0.022003120 -0.053404991 -77.962226868 -0.022147629 0.999752522 -0.002115447 0.343384624 0.053345226 0.003294709 0.998570621 32.155204773
0.998293400 0.026363254 -0.052107625 -78.021667480 -0.026464872 0.999648988 -0.001261004 0.331600696 0.052056085 0.002637874 0.998640656 32.938659668
0.998304546 0.025899399 -0.052125871 -78.064552307 -0.026044650 0.999658585 -0.002109151 0.320067436 0.052053455 0.003463176 0.998638213 33.716091156
0.998219252 0.025255956 -0.054040406 -78.105560303 -0.025413077 0.999674618 -0.002222163 0.306410462 0.053966701 0.003591539 0.998536170 34.491336823
0.998194098 0.022877391 -0.055543780 -78.158172607 -0.023006463 0.999733984 -0.001685419 0.294316828 0.055490438 0.002960241 0.998454809 35.279445648
0.997971475 0.024572833 -0.058729909 -78.216415405 -0.024721803 0.999692798 -0.001811182 0.282479495 0.058667358 0.003259418 0.998272240 36.082790375
0.997707725 0.028512457 -0.061369549 -78.274475098 -0.028664118 0.999587834 -0.001592144 0.260333121 0.061298855 0.003347598 0.998113811 36.869361877
0.997516334 0.029806793 -0.063817017 -78.337165833 -0.030317150 0.999515653 -0.007043703 0.257736087 0.063576132 0.008960960 0.997936726 37.663940430
0.997346401 0.030453376 -0.066125475 -78.401298523 -0.031231459 0.999454260 -0.010764898 0.247791618 0.065761536 0.012801526 0.997753203 38.468460083
0.997220159 0.029815525 -0.068285897 -78.459426880 -0.030737625 0.999449432 -0.012492637 0.233267248 0.067875817 0.014556855 0.997587562 39.279216766
0.997060597 0.029839773 -0.070567332 -78.521072388 -0.030659359 0.999474108 -0.010559543 0.208840847 0.070215121 0.012692053 0.997451067 40.110187531
0.996930838 0.028476199 -0.072923385 -78.589981079 -0.029248819 0.999526560 -0.009548901 0.186632663 0.072616927 0.011652516 0.997291803 40.936622620
0.996823967 0.027896145 -0.074592195 -78.652076721 -0.028580569 0.999558508 -0.008123674 0.175700605 0.074332662 0.010229760 0.997180998 41.751045227
0.996766567 0.027409077 -0.075531967 -78.722526550 -0.027832501 0.999602199 -0.004558752 0.161048189 0.075376980 0.006646255 0.997132897 42.589794159
0.996683538 0.026913634 -0.076795518 -78.785202026 -0.026944593 0.999636710 0.000633141 0.145415112 0.076784663 0.001438183 0.997046709 43.434062958
0.996776640 0.027197886 -0.075475402 -78.859748840 -0.027087817 0.999630034 0.002481881 0.132767096 0.075514957 -0.000429417 0.997144580 44.282646179
0.996817052 0.030625110 -0.073606089 -78.936508179 -0.030521236 0.999530911 0.002535886 0.125228941 0.073649213 -0.000281266 0.997284114 45.156150818
0.996974766 0.030660417 -0.071422592 -79.003578186 -0.030665144 0.999529123 0.001030559 0.117471918 0.071420565 0.001162742 0.997445583 46.013938904
0.997129321 0.028165778 -0.070283100 -79.063171387 -0.028333625 0.999597490 -0.001392157 0.107670210 0.070215598 0.003379535 0.997526169 46.881240845
0.997349739 0.024860788 -0.068376787 -79.126449585 -0.025110554 0.999680817 -0.002795554 0.086952195 0.068285458 0.004505124 0.997655630 47.744338989
0.997525990 0.023570767 -0.066229507 -79.189353943 -0.023845922 0.999710023 -0.003366949 0.078618422 0.066130929 0.004937923 0.997798741 48.620265961
0.997638762 0.021407498 -0.065258212 -79.249183655 -0.021491077 0.999768913 -0.000578954 0.059805632 0.065230735 0.001980057 0.997868240 49.489501953
0.997726977 0.018581606 -0.064772874 -79.301162720 -0.018510232 0.999827266 0.001701921 0.045883797 0.064793319 -0.000499091 0.997898579 50.370147705
0.997797072 0.018996794 -0.063561745 -79.363204956 -0.018902728 0.999819100 0.002081026 0.034007393 0.063589782 -0.000874951 0.997975707 51.266654968
0.997849107 0.020354657 -0.062311940 -79.422508240 -0.020446841 0.999790668 -0.000842072 0.014843810 0.062281739 0.002114343 0.998056233 52.135208130
0.997836888 0.023050440 -0.061563361 -79.491676331 -0.023515478 0.999700069 -0.006839840 -0.001044244 0.061387222 0.008272736 0.998079658 52.996730804
0.997826457 0.024388643 -0.061216384 -79.540069580 -0.025188910 0.999606609 -0.012335126 -0.020773590 0.060891468 0.013850288 0.998048246 53.873352051
0.997763395 0.029490074 -0.059988599 -79.609405518 -0.030589666 0.999378920 -0.017494772 -0.055504322 0.059435431 0.019290676 0.998045683 54.725799561
0.997819543 0.030282501 -0.058642786 -79.674736023 -0.031404160 0.999339283 -0.018300533 -0.085136056 0.058049839 0.020102257 0.998111188 55.580219269
0.997933149 0.026490828 -0.058547933 -79.723129272 -0.027274672 0.999548197 -0.012629489 -0.097548306 0.058186922 0.014200259 0.998204708 56.430305481
0.997913957 0.026359847 -0.058933459 -79.780197144 -0.026631314 0.999638081 -0.003825536 -0.119459435 0.058811292 0.005387031 0.998254597 57.287475586
0.997867823 0.025039643 -0.060272485 -79.832160950 -0.024836555 0.999683022 0.004116455 -0.142096400 0.060356449 -0.002610717 0.998173416 58.142837524
0.997789204 0.021813970 -0.062775791 -79.888038635 -0.021739513 0.999761999 0.001868872 -0.153152108 0.062801614 -0.000500023 0.998025835 58.971534729
0.997780323 0.017887820 -0.064142719 -79.951492310 -0.018034572 0.999835908 -0.001709605 -0.171158880 0.064101614 0.002862597 0.997939229 59.820247650
0.997611821 0.016235510 -0.067134731 -80.005279541 -0.016476272 0.999859691 -0.003034050 -0.191386402 0.067076042 0.004132933 0.997739434 60.632587433
0.997380674 0.018221304 -0.069997467 -80.068168640 -0.018639542 0.999812126 -0.005326445 -0.210407525 0.069887258 0.006617214 0.997532964 61.455329895
0.997138143 0.019743064 -0.072977655 -80.142639160 -0.020433661 0.999753118 -0.008728594 -0.232197762 0.072787315 0.010194815 0.997295380 62.269817352
0.996848464 0.020823652 -0.076548167 -80.217643738 -0.021801723 0.999690831 -0.011963625 -0.251421034 0.076275378 0.013594802 0.996994138 63.087451935
0.996560395 0.023015514 -0.079608724 -80.291236877 -0.024319790 0.999584854 -0.015452880 -0.282350302 0.079220019 0.017335795 0.996706426 63.887893677
0.996153414 0.027984023 -0.083037890 -80.376266479 -0.029405624 0.999440491 -0.015946394 -0.301238894 0.082545169 0.018326836 0.996418715 64.674949646
0.995743155 0.031666063 -0.086562335 -80.456993103 -0.033013426 0.999354303 -0.014177908 -0.322687030 0.086057492 0.016975272 0.996145487 65.479621887
0.995336354 0.034649953 -0.090027593 -80.545196533 -0.035524923 0.999335647 -0.008134313 -0.346724272 0.089685954 0.011294603 0.995905995 66.280288696
0.994934916 0.035136126 -0.094180420 -80.628173828 -0.035513259 0.999366522 -0.002330757 -0.368083000 0.094038852 0.005663606 0.995552361 67.094833374
0.994493902 0.034129940 -0.099081039 -80.711006165 -0.034169752 0.999415159 0.001295617 -0.385491014 0.099067323 0.002097092 0.995078504 67.885078430
0.993836403 0.033590738 -0.105645001 -80.800109863 -0.033508852 0.999435186 0.002550510 -0.398621976 0.105670989 0.001005252 0.994400680 68.675918579
0.993339241 0.031071957 -0.110958405 -80.896354675 -0.030546697 0.999512613 0.006431050 -0.411954820 0.111104153 -0.002998801 0.993804216 69.454673767
0.992503881 0.032429263 -0.117832325 -80.988059998 -0.031963982 0.999472022 0.005836833 -0.420637786 0.117959410 -0.002026689 0.993016303 70.238365173
0.991623640 0.037166242 -0.123697907 -81.098770142 -0.036810808 0.999308944 0.005158460 -0.432106167 0.123804152 -0.000561831 0.992306530 71.009094238
0.990836799 0.039470546 -0.129169136 -81.217880249 -0.039570738 0.999215186 0.001791742 -0.444498897 0.129138485 0.003335994 0.991621017 71.770866394
0.990017056 0.037938621 -0.135745883 -81.323829651 -0.038484696 0.999258161 -0.001399902 -0.449449092 0.135592043 0.006610066 0.990742683 72.527893066
0.989220560 0.039291840 -0.141064227 -81.441383362 -0.040016241 0.999196410 -0.002301229 -0.465567172 0.140860438 0.007921282 0.989997745 73.293891907
0.988515198 0.041190036 -0.145399868 -81.565330505 -0.041246772 0.999145627 0.002625741 -0.472419828 0.145383790 0.003401691 0.989369512 74.060852051
0.987585545 0.041965898 -0.151372850 -81.693923950 -0.041422933 0.999118924 0.006739938 -0.482236683 0.151522294 -0.000385958 0.988453746 74.830528259
0.986626625 0.041527603 -0.157618150 -81.820526123 -0.040561747 0.999133408 0.009341015 -0.501411438 0.157869428 -0.002822826 0.987455964 75.587768555
0.985541046 0.039000314 -0.164887339 -81.950767517 -0.038582556 0.999239028 0.005736874 -0.509596050 0.164985597 0.000707849 0.986295640 76.335243225
0.984170437 0.036689330 -0.173385382 -82.089035034 -0.037532166 0.999294102 -0.001583804 -0.514241397 0.173204899 0.008066263 0.984852791 77.079063416
0.982571661 0.034226496 -0.182705909 -82.232688904 -0.035432026 0.999366522 -0.003337006 -0.524472117 0.182475939 0.009752488 0.983161926 77.823791504
0.980518043 0.033672079 -0.193521485 -82.379730225 -0.034363762 0.999409437 -0.000217531 -0.538630426 0.193399861 0.006863423 0.981096089 78.557380676
0.978289247 0.034003742 -0.204435930 -82.548301697 -0.033476606 0.999421239 0.006037434 -0.547580719 0.204522923 0.000937464 0.978861392 79.299064636
0.975804985 0.034907561 -0.215838119 -82.715843201 -0.032665234 0.999368966 0.013948604 -0.557419777 0.216188878 -0.006560714 0.976329505 80.014343262
0.973243177 0.035566632 -0.227008075 -82.896774292 -0.032463562 0.999321580 0.017389568 -0.563802123 0.227472574 -0.009554788 0.973737597 80.740264893
0.970355093 0.038874462 -0.238536701 -83.089179993 -0.036699038 0.999234438 0.013556015 -0.575250506 0.238881052 -0.004400080 0.971038878 81.458198547
0.967352390 0.038725194 -0.250458807 -83.289840698 -0.038873319 0.999234736 0.004357420 -0.581215620 0.250435859 0.005521004 0.968117476 82.157882690
0.964156747 0.036410883 -0.262823105 -83.493438721 -0.037923057 0.999280453 -0.000681399 -0.578467190 0.262609154 0.010624031 0.964843810 82.868789673
0.960860074 0.034833573 -0.274835378 -83.699386597 -0.034925874 0.999379516 0.004559339 -0.584228575 0.274823636 0.005217982 0.961480498 83.588050842
0.957524061 0.036068376 -0.286088884 -83.924385071 -0.034033012 0.999347627 0.012085147 -0.591153979 0.286338121 -0.001835352 0.958126903 84.311935425
0.953940749 0.035905290 -0.297838926 -84.158714294 -0.032169610 0.999330342 0.017436760 -0.594284177 0.298265576 -0.007052269 0.954456925 85.020698547
0.949880481 0.033489961 -0.310814202 -84.395553589 -0.030148763 0.999424458 0.015549371 -0.593901157 0.311156034 -0.005399383 0.950343430 85.733001709
0.946205914 0.031909663 -0.321988225 -84.644302368 -0.029732056 0.999489605 0.011679742 -0.600683570 0.322196662 -0.001478067 0.946671665 86.429100037
0.943195403 0.027294662 -0.331115246 -84.900985718 -0.027234169 0.999617398 0.004823307 -0.607118547 0.331120193 0.004468328 0.943578005 87.133354187
0.940435112 0.023357624 -0.339169770 -85.156372070 -0.025206322 0.999681711 -0.001045867 -0.612472534 0.339037389 0.009532795 0.940724611 87.837303162
0.937871218 0.022788806 -0.346234292 -85.426025391 -0.025500543 0.999669433 -0.003277999 -0.617073774 0.346045196 0.011903503 0.938142359 88.540313721
0.934819281 0.028372835 -0.353988469 -85.713195801 -0.031405274 0.999502718 -0.002823628 -0.634652078 0.353732407 0.013756688 0.935245514 89.248367310
0.931827247 0.028522553 -0.361779720 -85.988075256 -0.030756973 0.999526799 -0.000417721 -0.648431182 0.361596674 0.011516493 0.932263553 89.943710327
0.928797781 0.028748484 -0.369470328 -86.274841309 -0.028467977 0.999575317 0.006212374 -0.650208473 0.369492054 0.004748033 0.929221869 90.650352478
0.925936043 0.030872041 -0.376416743 -86.560287476 -0.027366653 0.999517977 0.014657679 -0.657805562 0.376687795 -0.003270806 0.926334560 91.362243652
0.923419893 0.041109722 -0.381583333 -86.885253906 -0.035622999 0.999135375 0.021434877 -0.665093899 0.382134557 -0.006200252 0.924085915 92.065185547
0.920580447 0.047546964 -0.387647837 -87.185928345 -0.043840550 0.998869002 0.018404432 -0.661731958 0.388084471 0.000051931 0.921623707 92.753692627
0.918299735 0.044086736 -0.393423378 -87.489120483 -0.043265264 0.999003530 0.010961022 -0.661104441 0.393514544 0.006956061 0.919292092 93.441551208
0.916435182 0.036543902 -0.398511082 -87.790519714 -0.038260929 0.999261081 0.003646671 -0.665104032 0.398349822 0.011905465 0.917156279 94.132667542
0.914479792 0.036984392 -0.402937979 -88.096237183 -0.039127242 0.999229968 0.002915703 -0.666279078 0.402735561 0.013099498 0.915222704 94.831634521
0.912493289 0.043300081 -0.406793654 -88.441146851 -0.043798737 0.999007583 0.008090238 -0.672664821 0.406740248 0.010434758 0.913484216 95.528564453
0.910183132 0.045847710 -0.411660939 -88.769699097 -0.044691510 0.998923421 0.012439586 -0.678147435 0.411788076 0.007075447 0.911252141 96.232765198
0.908020556 0.042090476 -0.416805923 -89.092498779 -0.041473426 0.999083936 0.010540154 -0.686573863 0.416867763 0.007715693 0.908934355 96.931373596
0.905749142 0.040594291 -0.421865761 -89.424873352 -0.042684022 0.999078572 0.004494000 -0.696520627 0.421659380 0.013936491 0.906647205 97.619514465
0.903687119 0.037924953 -0.426510572 -89.764266968 -0.042889487 0.999077678 -0.002036766 -0.700792074 0.426039964 0.020133417 0.904480338 98.313568115
