1.000000000 0.000000000 0.000000000 0.000000000 0.000000000 1.000000000 0.000000000 0.000000000 0.000000000 0.000000000 1.000000000 0.000000000
0.999933600 -0.002469299 0.011253354 0.015433183 0.002458268 0.999996483 0.000994008 -0.003641440 -0.011255769 -0.000966278 0.999936163 0.295354396
0.999828875 -0.004518771 0.017940158 0.025960328 0.004497888 0.999989152 0.001204185 -0.008887643 -0.017945405 -0.001123286 0.999838352 0.582357287
0.999777019 -0.007373218 0.019788157 0.038453612 0.007376602 0.999972761 -0.000098016 -0.011418243 -0.019786896 0.000243964 0.999804199 0.886743605
0.999815822 -0.008622503 0.017144216 0.050042577 0.008654218 0.999960959 -0.001776587 -0.010267505 -0.017128229 0.001924630 0.999851465 1.201355577
0.999885619 -0.011315066 0.010036713 0.055140100 0.011348498 0.999930203 -0.003280257 -0.012270860 -0.009998896 0.003393783 0.999944270 1.514080048
0.999910474 -0.013214378 -0.002070170 0.057237715 0.013202347 0.999896467 -0.005721671 -0.008106779 0.002145564 0.005693826 0.999981463 1.856457710
0.999746919 -0.012371809 -0.018790681 0.039584681 0.012259004 0.999906123 -0.006106653 -0.011457773 0.018864473 0.005874752 0.999804795 2.192413092
0.999232769 -0.007748269 -0.038388841 0.007157944 0.007525134 0.999953926 -0.005953553 -0.017818540 0.038433205 0.005660104 0.999245226 2.535742044
0.998290241 -0.004281125 -0.058294788 -0.034446076 0.003850466 0.999964476 -0.007497949 -0.019455889 0.058324825 0.007260667 0.998271346 2.884537220
0.996906281 -0.004126271 -0.078490250 -0.068777800 0.003534702 0.999964297 -0.007674276 -0.027430767 0.078519106 0.007373095 0.996885359 3.250800133
0.994996727 -0.005652790 -0.099747449 -0.116520956 0.004962530 0.999961913 -0.007166835 -0.029005371 0.099784173 0.006635976 0.994987011 3.628280878
0.992768407 -0.007127674 -0.119834155 -0.171884209 0.006410880 0.999959111 -0.006366002 -0.035196930 0.119874649 0.005551724 0.992773533 4.019284725
0.990497947 -0.006134515 -0.137390047 -0.244860291 0.005383316 0.999968469 -0.005838537 -0.038648508 0.137421489 0.005043446 0.990499735 4.413120747
0.988190770 -0.004810674 -0.153152898 -0.321088791 0.004077527 0.999978721 -0.005100762 -0.046603642 0.153174147 0.004416041 0.988189280 4.820901394
0.985943913 -0.004125392 -0.167025536 -0.402689219 0.003275365 0.999980271 -0.005364354 -0.053313632 0.167044342 0.004741882 0.985937953 5.241456509
0.983792007 -0.005793541 -0.179219738 -0.491739571 0.004729358 0.999968588 -0.006364556 -0.058840103 0.179250970 0.005413805 0.983788431 5.672293186
0.982041597 -0.009831791 -0.188408136 -0.580722868 0.008419450 0.999930143 -0.008295046 -0.072473951 0.188476503 0.006559786 0.982055783 6.104443073
0.980458021 -0.008721122 -0.196535200 -0.677627623 0.006847501 0.999924362 -0.010210770 -0.080104910 0.196609437 0.008665457 0.980443656 6.569253445
0.978866994 -0.008517114 -0.204320207 -0.779573679 0.006166370 0.999907315 -0.012139111 -0.083352938 0.204404682 0.010622662 0.978828847 7.039745808
0.977254391 -0.009413625 -0.211861879 -0.893055499 0.006461678 0.999872148 -0.014621421 -0.095442198 0.211972505 0.012919863 0.977190197 7.514994621
0.975478232 -0.013236142 -0.219697714 -1.006563902 0.009910544 0.999819040 -0.016232422 -0.105491363 0.219872862 0.013657050 0.975432932 8.009699821
0.973469734 -0.019875525 -0.227951303 -1.117583752 0.016259987 0.999710500 -0.017728217 -0.116699904 0.228237703 0.013551398 0.973511159 8.523137093
0.971417904 -0.019640828 -0.236561954 -1.248282671 0.015237947 0.999675214 -0.020426080 -0.131650791 0.236886322 0.016237540 0.971401632 9.038751602
0.969332159 -0.016616009 -0.245191723 -1.393092513 0.010908025 0.999637365 -0.024619445 -0.142088488 0.245511904 0.021189865 0.969161928 9.563205719
0.967138886 -0.013642748 -0.253882438 -1.550842404 0.006833074 0.999593318 -0.027684728 -0.159499839 0.254156917 0.025040176 0.966838717 10.107947350
0.964856505 -0.016138084 -0.262281537 -1.706537724 0.008767378 0.999533653 -0.029248333 -0.182513610 0.262631267 0.025920922 0.964547992 10.660353661
0.962448716 -0.019087218 -0.270791471 -1.861985445 0.010967053 0.999444723 -0.031468444 -0.201143324 0.271241754 0.027316980 0.962123513 11.231237411
0.960211217 -0.018641654 -0.278652012 -2.038924217 0.009552494 0.999378204 -0.033940714 -0.223048896 0.279111505 0.029928433 0.959792197 11.807255745
0.957909524 -0.017450821 -0.286539167 -2.231751204 0.006896100 0.999261379 -0.037803192 -0.247409925 0.286987245 0.034236029 0.957322419 12.404022217
0.955631196 -0.018231481 -0.294001073 -2.423077583 0.005952262 0.999074161 -0.042606771 -0.280643880 0.294505686 0.038966384 0.954854965 12.996132851
0.953727961 -0.020531913 -0.299968988 -2.608422756 0.005706663 0.998722076 -0.050215431 -0.313531667 0.300616652 0.046180040 0.952626348 13.592905998
0.952359796 -0.021380376 -0.304226309 -2.814035177 0.003822910 0.998298168 -0.058190901 -0.351289809 0.304952681 0.054255646 0.950820804 14.213872910
0.950995684 -0.021474555 -0.308457553 -3.024186134 0.000795352 0.997751892 -0.067010537 -0.391346276 0.309203178 0.063481390 0.948874950 14.834392548
0.949821413 -0.020347184 -0.312130213 -3.251787901 -0.003527160 0.997121811 -0.075733744 -0.441362798 0.312772810 0.073034480 0.947015882 15.470677376
0.948565483 -0.019793373 -0.315961897 -3.484426022 -0.006784804 0.996543348 -0.082797259 -0.494513869 0.316508621 0.080682352 0.945152223 16.117637634
0.946833968 -0.018031733 -0.321216911 -3.714930058 -0.011360580 0.995931566 -0.089394271 -0.554633975 0.321521938 0.088290751 0.942776978 16.778364182
0.945273519 -0.016911272 -0.325840324 -3.960299253 -0.014960044 0.995359182 -0.095059209 -0.625215650 0.325935692 0.094731532 0.940633655 17.437620163
0.943639517 -0.015504514 -0.330611497 -4.215327263 -0.018783532 0.994783521 -0.100264266 -0.698312163 0.330441386 0.100823380 0.938425779 18.113586426
0.941948175 -0.012181699 -0.335537255 -4.473772526 -0.023927117 0.994365394 -0.103270695 -0.773768187 0.334904671 0.105304070 0.936349273 18.803607941
0.940293550 -0.011156234 -0.340181351 -4.744523525 -0.026133969 0.994145751 -0.104839742 -0.849819303 0.339359432 0.107470438 0.934497356 19.500654221
0.937847078 -0.010949132 -0.346876085 -5.010197639 -0.026893836 0.994203687 -0.104094729 -0.930332422 0.346005231 0.106953755 0.932116568 20.213775635
0.935617089 -0.010559312 -0.352858603 -5.280611992 -0.027292017 0.994397283 -0.102123134 -1.014906287 0.351960003 0.105178356 0.930086911 20.914756775
0.933121860 -0.011053669 -0.359390467 -5.569642067 -0.026885305 0.994584262 -0.100395180 -1.094529629 0.358553857 0.103343241 0.927771151 21.633951187
0.929933786 -0.009997033 -0.367591113 -5.862287998 -0.027755788 0.994870543 -0.097273298 -1.179382563 0.366678059 0.100660503 0.924886227 22.352174759
0.926589310 -0.008177537 -0.375985831 -6.173245430 -0.028426941 0.995380282 -0.091705196 -1.255946517 0.374998897 0.095661186 0.922076344 23.088796616
0.923035562 -0.004849267 -0.384683758 -6.497672558 -0.030785186 0.995782971 -0.086420700 -1.337721825 0.383480608 0.091611952 0.918993950 23.837551117
0.919455409 -0.000173222 -0.393194288 -6.823500633 -0.035089221 0.995973706 -0.082492284 -1.416689515 0.391625524 0.089644872 0.915747285 24.578636169
0.915509701 0.000450450 -0.402295649 -7.163359642 -0.036076557 0.996062100 -0.080984622 -1.486658335 0.400675029 0.088655636 0.911920786 25.342657089
0.911682129 0.000198769 -0.410896301 -7.522275448 -0.036397260 0.996107996 -0.080275081 -1.558591604 0.409281224 0.088140838 0.908141017 26.090358734
0.907658279 0.000367567 -0.419709802 -7.872198105 -0.036821134 0.996213675 -0.078756414 -1.633758664 0.418091685 0.086938106 0.904235065 26.844108582
0.903647304 0.000831606 -0.428276718 -8.250377655 -0.037390493 0.996333063 -0.076957867 -1.700197458 0.426642239 0.085556261 0.900364697 27.622718811
0.899914384 0.000062901 -0.436066777 -8.636611938 -0.036260944 0.996547461 -0.074688241 -1.775759697 0.434556514 0.083025217 0.896809578 28.400123596
0.896072567 0.001144156 -0.443906158 -9.026954651 -0.036173575 0.996859074 -0.070450880 -1.848713398 0.442431301 0.079186775 0.893299520 29.169155121
0.892141998 0.002833437 -0.451746196 -9.431795120 -0.036086272 0.997231781 -0.065011024 -1.910138249 0.450311482 0.074300900 0.889774680 29.966007233
0.888488948 0.003121151 -0.458887458 -9.851406097 -0.034570944 0.997590542 -0.060150407 -1.981032372 0.457594037 0.069307141 0.886456013 30.758003235
0.884740472 0.002720729 -0.466076106 -10.287580490 -0.033990838 0.997696817 -0.058699865 -2.042583466 0.464842886 0.067776464 0.882795215 31.564302444
0.881220996 0.001767154 -0.472701162 -10.728057861 -0.033079498 0.997771978 -0.057937510 -2.095351696 0.471545607 0.066692464 0.879316211 32.390716553
0.878436029 0.002647011 -0.477852702 -11.196469307 -0.033423152 0.997875988 -0.055914119 -2.155358076 0.476689696 0.065088317 0.876658678 33.205154419
0.875358522 0.000573540 -0.483473927 -11.659188271 -0.030852204 0.998027503 -0.054675825 -2.211571932 0.482488841 0.062777184 0.873649538 34.040855408
0.872870982 -0.000301089 -0.487950861 -12.160868645 -0.030174267 0.998052716 -0.054593094 -2.274230480 0.487017095 0.062376291 0.871162176 34.892627716
0.870413721 -0.002297428 -0.492315680 -12.612220764 -0.028496455 0.998077452 -0.055039313 -2.329021454 0.491495609 0.061936233 0.868674815 35.732139587
0.868854642 -0.001849013 -0.495063871 -13.110590935 -0.029415347 0.998033464 -0.055352516 -2.388992786 0.494192660 0.062655777 0.867091537 36.601394653
0.868516386 -0.001806504 -0.495657057 -13.615468979 -0.029068328 0.998086572 -0.054572746 -2.448124886 0.494807273 0.061805248 0.866802096 37.458782196
0.868279457 -0.001799355 -0.496071965 -14.123662949 -0.028142761 0.998204172 -0.052879229 -2.509304047 0.495276332 0.059874780 0.866669655 38.343826294
0.868087053 -0.002653207 -0.496404916 -14.646767616 -0.026892770 0.998265862 -0.052364260 -2.571454525 0.495683014 0.058806438 0.866510332 39.229309082
0.867417932 -0.004962716 -0.497555405 -15.170856476 -0.024771955 0.998279572 -0.053143468 -2.632846832 0.496963114 0.058423020 0.865802765 40.136302948
0.866198838 -0.007666702 -0.499640644 -15.702317238 -0.021996573 0.998328030 -0.053452991 -2.695774078 0.499215066 0.057291303 0.864582002 41.052024841
0.864564776 -0.008074027 -0.502456546 -16.245399475 -0.020675773 0.998452723 -0.051620536 -2.754510641 0.502095878 0.055017967 0.863060117 41.989696503
0.862435877 -0.007688954 -0.506107926 -16.790842056 -0.019097123 0.998678446 -0.047714800 -2.817218542 0.505805910 0.050816163 0.861149251 42.908023834
0.859677315 -0.007629029 -0.510780573 -17.339878082 -0.017133849 0.998895347 -0.043756902 -2.878343582 0.510550082 0.046368465 0.858596742 43.821849823
0.855601728 -0.008202383 -0.517569721 -17.911872864 -0.015536644 0.999017000 -0.041516155 -2.944529295 0.517401457 0.043562584 0.854633272 44.755638123
0.850266755 -0.011632054 -0.526223421 -18.475416183 -0.013691640 0.998928666 -0.044203918 -2.998909473 0.526173890 0.044789985 0.849196613 45.663990021
0.844271302 -0.015249258 -0.535699010 -19.045530319 -0.012091524 0.998798549 -0.047488362 -3.058725357 0.535779476 0.046570472 0.843072593 46.557552338
0.838114262 -0.014994379 -0.545288622 -19.641004562 -0.012437561 0.998836994 -0.046582736 -3.122628450 0.545352936 0.045823716 0.836953044 47.467906952
0.832345188 -0.011560245 -0.554137111 -20.244800568 -0.013627684 0.999053359 -0.041311510 -3.181521893 0.554090083 0.041937038 0.831399739 48.356121063
0.827274799 -0.006579023 -0.561758995 -20.875072479 -0.017199805 0.999166071 -0.037031002 -3.238031387 0.561534166 0.040296961 0.826471746 49.253452301
0.823204041 -0.006847255 -0.567704380 -21.487781525 -0.018403539 0.999079943 -0.038736396 -3.288945675 0.567447364 0.042335730 0.822320759 50.127250671
0.819586813 -0.009300767 -0.572879612 -22.106468201 -0.018384198 0.998926461 -0.042518936 -3.352443933 0.572660089 0.045379888 0.818535984 51.011421204
0.816601157 -0.010839509 -0.577100575 -22.734905243 -0.021922177 0.998519838 -0.049774934 -3.407233000 0.576785922 0.053297568 0.815154850 51.886478424
0.813269854 -0.012357282 -0.581755459 -23.366750717 -0.021574723 0.998446703 -0.051368937 -3.468915701 0.581486583 0.054328021 0.811740041 52.766513824
0.810105801 -0.010424701 -0.586190999 -24.001674652 -0.021296609 0.998658776 -0.047191489 -3.531495571 0.585896790 0.050713979 0.808797300 53.615936279
0.807014644 -0.008049095 -0.590476513 -24.646167755 -0.020854097 0.998894930 -0.042118117 -3.588724136 0.590163052 0.046303798 0.805955052 54.482810974
0.804051340 -0.005780316 -0.594531715 -25.291931152 -0.021602219 0.999008536 -0.038927905 -3.649761677 0.594167292 0.044143248 0.803129315 55.346168518
0.800869048 -0.006160135 -0.598807871 -25.944271088 -0.021779824 0.998985887 -0.039406087 -3.702547550 0.598443329 0.044601046 0.799922705 56.197044373
0.797271848 -0.007343360 -0.603575647 -26.604005814 -0.022100877 0.998900414 -0.041346423 -3.754467964 0.603215516 0.046303894 0.796232998 57.063095093
0.793318331 -0.010241906 -0.608720839 -27.276489258 -0.021085553 0.998796403 -0.044284895 -3.810442209 0.608441591 0.047967236 0.792147696 57.914222717
0.789208412 -0.011475920 -0.614018261 -27.924804688 -0.019851336 0.998826206 -0.044183195 -3.870078087 0.613804519 0.047058839 0.788054228 58.735210419
0.784741879 -0.011480878 -0.619716525 -28.605695724 -0.019452695 0.998879731 -0.043138042 -3.930333853 0.619517446 0.045907386 0.783639312 59.582275391
0.780078590 -0.010516626 -0.625593185 -29.286933899 -0.020472871 0.998894334 -0.042320549 -3.988797903 0.625346482 0.045821041 0.779000759 60.395072937
0.774437428 -0.012905154 -0.632518828 -29.969865799 -0.018832475 0.998878539 -0.043437853 -4.050567627 0.632370114 0.045551796 0.773325980 61.250835419
0.769207716 -0.014194919 -0.638841152 -30.676729202 -0.018426245 0.998844743 -0.044380557 -4.110470772 0.638733149 0.045909319 0.768057525 62.087638855
0.763444066 -0.015450497 -0.645689130 -31.373159409 -0.017830148 0.998828650 -0.044982508 -4.173292160 0.645627856 0.045854364 0.762274265 62.916976929
0.757593036 -0.017638663 -0.652488828 -32.093421936 -0.016281309 0.998813152 -0.045904756 -4.240111828 0.652523994 0.045400493 0.756406844 63.750648499
0.751466274 -0.019171165 -0.659492910 -32.820495605 -0.015561371 0.998784661 -0.046765801 -4.304697990 0.659587920 0.045405529 0.750254571 64.577812195
0.745273709 -0.020568419 -0.666441321 -33.578750610 -0.014379293 0.998795807 -0.046906088 -4.371709347 0.666603565 0.044540837 0.744080484 65.408592224
0.738833845 -0.020535469 -0.673574686 -34.337455750 -0.013315816 0.998895526 -0.045059536 -4.435865879 0.673756063 0.042260706 0.737744331 66.238578796
0.732422590 -0.020904012 -0.680529296 -35.105644226 -0.012642235 0.998938680 -0.044290934 -4.494362354 0.680732906 0.041043092 0.731380999 67.055236816
0.725762546 -0.022673620 -0.687571406 -35.863018036 -0.011542137 0.998914778 -0.045123845 -4.557786942 0.687848330 0.040685244 0.724713266 67.857772827
0.719029367 -0.025227817 -0.694521546 -36.652622223 -0.010237477 0.998848140 -0.046880901 -4.617520332 0.694904149 0.040818904 0.717942774 68.683319092
0.713370621 -0.024480538 -0.700359285 -37.457015991 -0.011740433 0.998831928 -0.046871971 -4.678529739 0.700688601 0.041659605 0.712249815 69.476547241
0.707780540 -0.023849124 -0.706029713 -38.272415161 -0.012005312 0.998879552 -0.045776449 -4.744364738 0.706330359 0.040875785 0.706701219 70.283782959
0.702633619 -0.023681141 -0.711157739 -39.087806702 -0.012629989 0.998873472 -0.045740515 -4.805294037 0.711439729 0.041120738 0.701543152 71.084045410
0.698154449 -0.023986261 -0.715545297 -39.914585114 -0.013483738 0.998820782 -0.046638150 -4.868541241 0.715820193 0.042208858 0.697007835 71.870681763
0.692766249 -0.025992995 -0.720693588 -40.746673584 -0.014290349 0.998659134 -0.049754873 -4.940224648 0.721020460 0.044767469 0.691466033 72.666976929
0.687829673 -0.029124403 -0.725287616 -41.592369080 -0.012707868 0.998558462 -0.052149341 -5.005141258 0.725760818 0.045086727 0.686468065 73.457946777
0.682563961 -0.029053327 -0.730248153 -42.448276520 -0.013759116 0.998521388 -0.052587401 -5.081859589 0.730696261 0.045941830 0.681155086 74.252319336
0.677760184 -0.028868979 -0.734716058 -43.329978943 -0.013425297 0.998576581 -0.051621325 -5.150613785 0.735160351 0.044850666 0.676407874 75.050140381
0.672814131 -0.028814839 -0.739250243 -44.207946777 -0.012692007 0.998644531 -0.050477009 -5.222229004 0.739702821 0.043344203 0.671536446 75.837051392
0.667308390 -0.030289290 -0.744165361 -45.094810486 -0.011918296 0.998610377 -0.051333189 -5.291799545 0.744686186 0.043124247 0.666020155 76.635025024
0.662547946 -0.031553451 -0.748354554 -45.970970154 -0.010921720 0.998598993 -0.051774133 -5.358660221 0.748939872 0.042476162 0.661275148 77.405563354
0.658391178 -0.031968564 -0.751996756 -46.880653381 -0.010178131 0.998628020 -0.051364455 -5.435453415 0.752607107 0.041471820 0.657162547 78.181060791
0.654142320 -0.032912616 -0.755654991 -47.776489258 -0.008635044 0.998662710 -0.050971873 -5.509666443 0.756322086 0.039867975 0.652983427 78.959327698
0.650274515 -0.035881843 -0.758851469 -48.695304871 -0.005859560 0.998617351 -0.052240204 -5.585357666 0.759676754 0.038417004 0.649165154 79.739212036
0.646009684 -0.040227961 -0.762268484 -49.603797913 -0.003562737 0.998440564 -0.055711061 -5.655585289 0.763320923 0.038705643 0.644858956 80.500236511
0.641462505 -0.044671323 -0.765852690 -50.531707764 0.000672060 0.998335540 -0.057668876 -5.726507664 0.767154098 0.036477730 0.640424848 81.273094177
0.634442687 -0.048017796 -0.771476984 -51.462875366 0.005467605 0.998322368 -0.057640556 -5.805272102 0.772950530 0.032351501 0.633640885 82.048278809
0.626338303 -0.051901069 -0.777821720 -52.403377533 0.010600223 0.998256028 -0.058074012 -5.890734673 0.779479325 0.028128896 0.625796080 82.801818848
0.617237806 -0.052729104 -0.785007834 -53.356891632 0.013161328 0.998304069 -0.056707725 -5.972388744 0.786666691 0.024670403 0.616884828 83.544769287
0.608776212 -0.050977342 -0.791702509 -54.318656921 0.013801160 0.998462915 -0.053678203 -6.058277607 0.793221951 0.021751599 0.608543992 84.271453857
0.600252509 -0.050995253 -0.798183203 -55.299629211 0.013380202 0.998465896 -0.053728919 -6.135343552 0.799698532 0.021571066 0.600014031 84.991111755
0.590376556 -0.052351084 -0.805428326 -56.302471161 0.012628496 0.998371303 -0.055635303 -6.211599350 0.807029068 0.022674436 0.590076149 85.723663330
0.580317199 -0.054624252 -0.812556565 -57.308357239 0.013140964 0.998246193 -0.057722162 -6.293613434 0.814284503 0.022819379 0.580017209 86.431312561
0.570772529 -0.056364089 -0.819171548 -58.337860107 0.013455150 0.998149216 -0.059303768 -6.371855259 0.820997953 0.022826882 0.570474625 87.139533997
0.560364425 -0.056756549 -0.826299250 -59.369689941 0.016333502 0.998212516 -0.057488114 -6.464361668 0.828085184 0.018717928 0.560289741 87.851516724
0.550066411 -0.056921165 -0.833178818 -60.402130127 0.017417943 0.998239398 -0.056698430 -6.544923782 0.834939241 0.016675634 0.550089419 88.529754639
0.539974868 -0.057805393 -0.839693785 -61.458961487 0.017696271 0.998197973 -0.057337187 -6.625262737 0.841495037 0.016101193 0.540024757 89.195960999
0.529645562 -0.058626167 -0.846190631 -62.536212921 0.017397888 0.998149514 -0.058264609 -6.717596531 0.848040640 0.016137665 0.529685438 89.863433838
0.519104779 -0.059517935 -0.852635860 -63.601249695 0.016528301 0.998085022 -0.059608132 -6.797229767 0.854550779 0.016850246 0.519094408 90.518821716
0.509280920 -0.060441159 -0.858475327 -64.685455322 0.015972186 0.998022735 -0.060790706 -6.887519360 0.860452056 0.017247820 0.509239316 91.156829834
0.499488831 -0.060306665 -0.864218891 -65.779571533 0.014714948 0.998020828 -0.061138861 -6.976318836 0.866195440 0.017821237 0.499387562 91.786544800
0.490926266 -0.058135599 -0.869259298 -66.901840210 0.013623917 0.998161316 -0.059062194 -7.063121796 0.871094644 0.017152464 0.490815580 92.414260864
0.483104974 -0.056856744 -0.873714507 -68.019241333 0.014054649 0.998264372 -0.057190519 -7.146115303 0.875449657 0.015349272 0.483065546 93.026611328
0.475290954 -0.056944847 -0.877983928 -69.123588562 0.014084504 0.998267770 -0.057121743 -7.235953808 0.879715979 0.014783479 0.475269735 93.625686646
0.467290312 -0.059802689 -0.882079005 -70.227554321 0.015959270 0.998117626 -0.059215236 -7.324390888 0.883959889 0.013593366 0.467365116 94.216346741
0.460173339 -0.062973030 -0.885592937 -71.360565186 0.018884186 0.997949839 -0.061149918 -7.417358875 0.887628198 0.011415858 0.460419118 94.805618286
0.454288870 -0.065959014 -0.888409257 -72.498428345 0.019742141 0.997755766 -0.063982166 -7.512631416 0.890635610 0.011527282 0.454571456 95.381187439
0.448677391 -0.069575302 -0.890981376 -73.637611389 0.021813443 0.997520566 -0.066910036 -7.609856606 0.893427432 0.010585647 0.449082613 95.956954956
0.443797886 -0.070655964 -0.893337131 -74.776588440 0.024993837 0.997474909 -0.066475846 -7.712159157 0.895778298 0.007173913 0.444443196 96.527130127
0.439573586 -0.068063259 -0.895624042 -75.925285339 0.026677528 0.997674227 -0.062725224 -7.812188625 0.897810400 0.003679318 0.440366954 97.092666626
0.435732454 -0.066237517 -0.897635698 -77.059745789 0.030381450 0.997802556 -0.058881097 -7.913248062 0.899563313 -0.001615067 0.436787486 97.645004272
0.432431281 -0.065743521 -0.899266899 -78.203384399 0.030964557 0.997832775 -0.058059521 -7.999979973 0.901135087 -0.002738652 0.433529764 98.193084717
0.429706663 -0.065963194 -0.900555968 -79.331001282 0.032519694 0.997811615 -0.057569914 -8.084063530 0.902382731 -0.004547630 0.430911422 98.727310181
0.427445203 -0.064691491 -0.901723623 -80.472221375 0.034146771 0.997879982 -0.055403307 -8.181582451 0.903396070 -0.007109071 0.428747952 99.253829956
0.424389780 -0.064353958 -0.903189838 -81.601371765 0.036952492 0.997871161 -0.053736988 -8.261643410 0.904725254 -0.010569694 0.425864369 99.799804688
0.421998501 -0.065543413 -0.904224098 -82.731498718 0.039561804 0.997764409 -0.053860385 -8.344269753 0.905732930 -0.013043742 0.423648179 100.331817627
0.419359535 -0.065660797 -0.905442476 -83.819671631 0.041414533 0.997726142 -0.053171698 -8.428918839 0.906875074 -0.015200426 0.421125323 100.849990845
0.416844726 -0.064959675 -0.906653523 -84.927093506 0.044658050 0.997702122 -0.050951038 -8.508117676 0.907880068 -0.019250710 0.418787926 101.372528076
0.415028363 -0.064363047 -0.907528996 -86.035797119 0.046900623 0.997681737 -0.049308360 -8.590435028 0.908598840 -0.022099305 0.417084903 101.870513916
0.413579553 -0.066300653 -0.908050776 -87.134140015 0.049206581 0.997515023 -0.050421275 -8.663609505 0.909137428 -0.023828862 0.415814191 102.369560242
0.411866307 -0.066602990 -0.908806980 -88.206588745 0.050719187 0.997454941 -0.050113980 -8.755498886 0.909831643 -0.025453687 0.414196134 102.861007690
0.411196679 -0.067867532 -0.909016669 -89.274383545 0.050186995 0.997397542 -0.051763806 -8.833038330 0.910163999 -0.024335710 0.413532674 103.342224121
0.411788493 -0.068053938 -0.908734679 -90.315795898 0.049728535 0.997399747 -0.052159712 -8.921442986 0.909921587 -0.023711281 0.414101988 103.823898315
0.414018691 -0.068116188 -0.907716215 -91.367095947 0.047927324 0.997444272 -0.052989360 -9.001070023 0.909005821 -0.021565825 0.416225076 104.293060303
0.418231398 -0.068311490 -0.905768216 -92.397499084 0.045815337 0.997485399 -0.054073762 -9.079582214 0.907184362 -0.018882735 0.420309335 104.769958496
0.423613459 -0.068512566 -0.903248310 -93.439186096 0.044070665 0.997513711 -0.054994054 -9.163982391 0.904770315 -0.016510535 0.425579607 105.241714478
0.429062665 -0.068801343 -0.900650680 -94.450180054 0.044119902 0.997501075 -0.055181455 -9.243530273 0.902196586 -0.016060315 0.431025982 105.730461121
0.435735643 -0.067601703 -0.897532403 -95.455017090 0.042904954 0.997601986 -0.054309305 -9.320528030 0.899051547 -0.014844082 0.437591195 106.221572876
0.444229156 -0.065986469 -0.893479884 -96.470993042 0.041570645 0.997727931 -0.053017039 -9.398757935 0.894948244 -0.013590818 0.445962936 106.710945129
0.453314364 -0.065643460 -0.888930202 -97.446228027 0.041382916 0.997758985 -0.052576553 -9.477142334 0.890389562 -0.012952815 0.455015033 107.200668335
0.462692618 -0.065220550 -0.884116292 -98.429397583 0.040315963 0.997806311 -0.052508440 -9.548375130 0.885601580 -0.011348731 0.464307070 107.709083557
0.472176939 -0.065418355 -0.879073024 -99.403007507 0.038857482 0.997817755 -0.053383496 -9.629881859 0.880646884 -0.008952101 0.473688632 108.234451294
0.482775927 -0.067351058 -0.873150170 -100.366523743 0.038037568 0.997709990 -0.055927612 -9.700642586 0.874917448 -0.006212004 0.484232247 108.759300232
0.494236231 -0.068750352 -0.866604805 -101.322288513 0.036428783 0.997630119 -0.058369175 -9.770234108 0.868564069 -0.002721196 0.495569497 109.298942566
0.506459713 -0.066837437 -0.859669268 -102.264968872 0.034329347 0.997763753 -0.057349436 -9.851413727 0.861579955 -0.000466705 0.507621706 109.852600098
0.519223928 -0.063773915 -0.852255464 -103.200485229 0.032469295 0.997963965 -0.054895803 -9.933656693 0.854021251 0.000831084 0.520237505 110.413635254
0.531724572 -0.061489191 -0.844682217 -104.114250183 0.031905577 0.998107135 -0.052573409 -10.010684967 0.846316218 0.001004498 0.532679915 110.983566284
0.543416798 -0.060809810 -0.837257564 -105.015502930 0.031833932 0.998148203 -0.051833637 -10.082486153 0.838859200 0.001514065 0.544346452 111.565063477
0.554972112 -0.060141716 -0.829692125 -105.891281128 0.031743418 0.998187900 -0.051122598 -10.170467377 0.831263065 0.002034347 0.555875301 112.146186829
0.566511154 -0.061571624 -0.821750700 -106.770500183 0.031685203 0.998094857 -0.052941002 -10.233230591 0.823444664 0.003954336 0.567382872 112.736419678
0.576668084 -0.063307285 -0.814522088 -107.622077942 0.034095708 0.997989535 -0.053427774 -10.306493759 0.816266775 0.003038391 0.577667177 113.355667114
0.588514984 -0.062253185 -0.806085944 -108.476806641 0.034756720 0.998057485 -0.051703431 -10.398778915 0.807738781 0.002411342 0.589535534 113.956901550
0.599253178 -0.060096219 -0.798300743 -109.305984497 0.033893697 0.998188913 -0.049701165 -10.465409279 0.799841762 0.002726218 0.600204766 114.572319031
0.609059215 -0.056912340 -0.791080177 -110.114303589 0.033975407 0.998378754 -0.045667995 -10.537617683 0.792396724 0.000937237 0.610005379 115.193870544
0.619197369 -0.054996230 -0.783307135 -110.917778015 0.032345977 0.998484075 -0.044534665 -10.602957726 0.784568906 0.002238908 0.620037615 115.813819885
0.629120231 -0.054891072 -0.775367558 -111.698516846 0.030620011 0.998479426 -0.045841403 -10.662179947 0.776704729 0.005097988 0.629844248 116.446990967
0.638466716 -0.053916369 -0.767758548 -112.459350586 0.028314082 0.998513520 -0.046575326 -10.728895187 0.769128382 0.007998411 0.639044285 117.082038879
0.648111641 -0.053497855 -0.759663939 -113.239616394 0.028365511 0.998533070 -0.046119548 -10.792665482 0.761016905 0.008342358 0.648678422 117.720436096
0.657243371 -0.050962340 -0.751953483 -113.980285645 0.027724169 0.998670816 -0.043450929 -10.858112335 0.753168404 0.007710548 0.657782614 118.369277954
0.665930808 -0.049221184 -0.744388044 -114.708778381 0.027945474 0.998766541 -0.041041404 -10.918960571 0.745489955 0.006528463 0.666485012 119.016044617
0.674000800 -0.048888776 -0.737111211 -115.423904419 0.028183497 0.998783052 -0.040473647 -10.972455978 0.738192797 0.006504905 0.674558342 119.677001953
0.681920767 -0.048072420 -0.729844511 -116.126312256 0.027002588 0.998812258 -0.040558893 -11.024131775 0.730927527 0.007950262 0.682408929 120.327392578
0.689191699 -0.047116768 -0.723045468 -116.813117981 0.026574520 0.998855829 -0.039759494 -11.079090118 0.724091530 0.008187326 0.689655244 120.984733582
0.696717560 -0.044442851 -0.715967476 -117.492820740 0.025647564 0.998984098 -0.037052792 -11.130567551 0.716886878 0.007452515 0.697149634 121.628746033
0.704086602 -0.041678663 -0.708889902 -118.155921936 0.024583535 0.999108434 -0.034324881 -11.179311752 0.709688425 0.006740671 0.704483390 122.291503906
0.711641908 -0.040322930 -0.701384246 -118.809043884 0.023751551 0.999161720 -0.033343390 -11.228199959 0.702140868 0.007069586 0.712003052 122.944931030
0.718951702 -0.039262902 -0.693950117 -119.440841675 0.023023646 0.999200583 -0.032680485 -11.279153824 0.694678485 0.007518424 0.719281018 123.594947815
0.727102280 -0.036312193 -0.685568154 -120.065948486 0.020218344 0.999299705 -0.031486236 -11.319336891 0.686231375 0.009032657 0.727327287 124.247306824
0.735951006 -0.033554513 -0.676202774 -120.668342590 0.019545382 0.999407768 -0.028320199 -11.366243362 0.676752627 0.007625638 0.736171007 124.901176453
0.745540798 -0.029618483 -0.665801406 -121.255645752 0.017503072 0.999537528 -0.024865564 -11.405242920 0.666230023 0.006884722 0.745714545 125.552352905
0.755540073 -0.027315300 -0.654532790 -121.834365845 0.015538741 0.999596477 -0.023779003 -11.446572304 0.654918134 0.007795373 0.755659699 126.213310242
0.765372455 -0.026324127 -0.643049061 -122.384910583 0.013838790 0.999605238 -0.024449002 -11.481285095 0.643438756 0.009813573 0.765434563 126.870513916
0.775402248 -0.027570859 -0.630865335 -122.935073853 0.014006726 0.999551535 -0.026467837 -11.515397072 0.631312251 0.011686863 0.775440633 127.539360046
0.785444915 -0.026677735 -0.618356168 -123.465370178 0.013628467 0.999573886 -0.025813527 -11.550683975 0.618781447 0.011847858 0.785473943 128.213302612
0.795669556 -0.025032425 -0.605213463 -123.983970642 0.013097448 0.999623120 -0.024126606 -11.583126068 0.605589330 0.011270048 0.795697510 128.894851685
0.805794239 -0.022663474 -0.591761827 -124.487174988 0.012791229 0.999700367 -0.020869184 -11.620733261 0.592057407 0.009246906 0.805842698 129.577697754
0.815432250 -0.021249741 -0.578462362 -124.975685120 0.012937039 0.999745309 -0.018488763 -11.648049355 0.578707933 0.007592738 0.815499485 130.266754150
0.824568689 -0.019877337 -0.565412581 -125.456932068 0.013536610 0.999789715 -0.015406970 -11.677383423 0.565599918 0.005050333 0.824664235 130.975906372
0.832948565 -0.019090958 -0.553020954 -125.932441711 0.014100774 0.999812543 -0.013276456 -11.699547768 0.553170681 0.003260581 0.833061397 131.675018311
0.840162933 -0.019398395 -0.541987002 -126.382423401 0.015482576 0.999810696 -0.011784107 -11.726200104 0.542113066 0.001509214 0.840304136 132.383605957
0.846549869 -0.019133016 -0.531965375 -126.821945190 0.015394758 0.999815822 -0.011461383 -11.744604111 0.532086790 0.001513152 0.846688449 133.098083496
0.853331208 -0.018477054 -0.521041691 -127.260276794 0.014773010 0.999827504 -0.011261277 -11.768465996 0.521159887 0.001912243 0.853456855 133.820983887
0.860137939 -0.016477825 -0.509795308 -127.715965271 0.013064372 0.999861836 -0.010275472 -11.791136742 0.509894192 0.002178167 0.860234380 134.561538696
0.866326451 -0.015423818 -0.499239951 -128.140975952 0.012222010 0.999878407 -0.009682100 -11.810415268 0.499328583 0.002286145 0.866409659 135.304061890
0.872521400 -0.015852774 -0.488318741 -128.569702148 0.012801447 0.999872148 -0.009586381 -11.833425522 0.488408267 0.002113135 0.872612715 136.051239014
0.877496004 -0.017318128 -0.479271084 -128.976013184 0.013905107 0.999846399 -0.010669931 -11.852614403 0.479382306 0.002698505 0.877602041 136.805023193
0.881792784 -0.017946413 -0.471295476 -129.378112793 0.014400363 0.999834299 -0.011129551 -11.867404938 0.471417159 0.003027132 0.881905198 137.573104858
0.885390222 -0.016889261 -0.464541584 -129.785247803 0.013606795 0.999853134 -0.010417706 -11.889205933 0.464649260 0.002902815 0.885490000 138.339797974
0.888611317 -0.014981577 -0.458416194 -130.197998047 0.013205515 0.999887705 -0.007079433 -11.903182983 0.458470762 0.000237243 0.888709426 139.135375977
0.891830206 -0.010889255 -0.452239215 -130.610198975 0.010794934 0.999937832 -0.002789077 -11.921899796 0.452241451 -0.002394510 0.891892254 139.932312012
0.895048738 -0.008161800 -0.445893675 -131.012542725 0.009181066 0.999957860 0.000125696 -11.933614731 0.445873886 -0.004206283 0.895085931 140.744171143
0.898423493 -0.005470335 -0.439096004 -131.424072266 0.007210152 0.999971390 0.002294695 -11.942055702 0.439070880 -0.005227556 0.898437202 141.568984985
0.901674330 -0.003887568 -0.432398260 -131.832733154 0.006501786 0.999968410 0.004567660 -11.946842194 0.432366848 -0.006929903 0.901671290 142.413284302
0.905058503 -0.002443868 -0.425279886 -132.240142822 0.006107091 0.999955118 0.007250558 -11.947283745 0.425243050 -0.009159403 0.905032873 143.267486572
0.908490062 -0.002573426 -0.417898506 -132.633361816 0.007077812 0.999932349 0.009229203 -11.949713707 0.417846471 -0.011342447 0.908446908 144.134674072
0.912075758 -0.003145953 -0.410009682 -133.048904419 0.008054977 0.999915183 0.010246250 -11.947845459 0.409942687 -0.012647976 0.912023604 145.039367676
0.915795386 -0.003688221 -0.401628226 -133.445556641 0.008598419 0.999908745 0.010423840 -11.949405670 0.401553094 -0.012999473 0.915743530 145.938232422
0.919598043 -0.006102563 -0.392812997 -133.818679810 0.010890176 0.999891162 0.009960685 -11.947963715 0.392709404 -0.013437629 0.919564366 146.841918945
0.923635483 -0.007512166 -0.383198500 -134.210632324 0.011722148 0.999893844 0.008652491 -11.949699402 0.383092821 -0.012483656 0.923625469 147.777969360
0.928261936 -0.008306385 -0.371834487 -134.597503662 0.011614329 0.999910355 0.006657525 -11.951698303 0.371745855 -0.010498535 0.928275108 148.728195190
0.933439970 -0.006539934 -0.358674228 -134.966903687 0.009324123 0.999938309 0.006033268 -11.953380585 0.358612627 -0.008976016 0.933443308 149.692001343
0.939429045 -0.002782296 -0.342732102 -135.334289551 0.005617979 0.999957681 0.007281243 -11.955760956 0.342697263 -0.008765673 0.939404964 150.683364868
0.946107507 0.000875076 -0.323851496 -135.688705444 0.002584842 0.999944091 0.010253360 -11.954561234 0.323842317 -0.010537887 0.946052432 151.690048218
0.952613831 0.003792458 -0.304159135 -136.019607544 -0.000100031 0.999926150 0.012154453 -11.956558228 0.304182738 -0.011548071 0.952543676 152.699157715
0.959077060 0.005136719 -0.283098400 -136.335540771 -0.001540228 0.999915361 0.012925141 -11.951630592 0.283140838 -0.011960170 0.959003687 153.740341187
0.965159655 0.006794817 -0.261573374 -136.627777100 -0.003092027 0.999889135 0.014564802 -11.951662064 0.261643410 -0.013248566 0.965073705 154.787246704
0.970757306 0.007771845 -0.239937097 -136.900131226 -0.003718599 0.999842703 0.017341066 -11.943155289 0.240034118 -0.015941737 0.970633507 155.866699219
0.975871444 0.009921404 -0.218120262 -137.144744873 -0.005442387 0.999761999 0.021125836 -11.941880226 0.218277916 -0.019429008 0.975693226 156.945373535
0.980576873 0.012583992 -0.195730820 -137.374465942 -0.007778436 0.999649584 0.025301211 -11.927477837 0.195980668 -0.023287307 0.980331182 158.048583984
0.984774590 0.014234434 -0.173252508 -137.589004517 -0.009402619 0.999544442 0.028677732 -11.909407616 0.173581779 -0.026612069 0.984459758 159.187606812
0.988374412 0.016209297 -0.151173204 -137.767898560 -0.012015493 0.999518394 0.028614081 -11.891007423 0.151564181 -0.026465004 0.988092959 160.332824707
0.991494119 0.015723962 -0.129198492 -137.921279907 -0.012379267 0.999568224 0.026650483 -11.875292778 0.129561722 -0.024824411 0.991260529 161.480270386
0.994032621 0.015857181 -0.107924737 -138.061172485 -0.013173414 0.999587119 0.025534730 -11.850794792 0.108285084 -0.023960622 0.993831098 162.648239136
0.996030092 0.014397774 -0.087845199 -138.160446167 -0.012058410 0.999559879 0.027103340 -11.826920509 0.088196769 -0.025936473 0.995765388 163.844161987
0.997594595 0.015487799 -0.067565709 -138.260040283 -0.013537747 0.999481201 0.029224597 -11.812792778 0.067983277 -0.028239613 0.997286737 165.042205811
0.998747766 0.015901964 -0.047434177 -138.322479248 -0.014476463 0.999437690 0.030245816 -11.789739609 0.047888480 -0.029521260 0.998416364 166.261596680
0.999485731 0.017780671 -0.026683936 -138.368927002 -0.016960027 0.999385595 0.030671740 -11.767948151 0.027212901 -0.030203411 0.999173284 167.503494263
0.999813795 0.018314769 -0.006080254 -138.384078979 -0.018115813 0.999345720 0.031305056 -11.743197441 0.006649620 -0.031189077 0.999491394 168.741165161
0.999687314 0.020382462 0.014485306 -138.377792358 -0.020820592 0.999309719 0.030768400 -11.717313766 -0.013848171 -0.031060368 0.999421597 170.001770020
0.999150336 0.022075625 0.034807239 -138.349243164 -0.023107557 0.999296904 0.029528731 -11.695526123 -0.034130905 -0.030307952 0.998957634 171.272140503
0.998278201 0.022020034 0.054366555 -138.286773682 -0.023520948 0.999355316 0.027123502 -11.670978546 -0.053734250 -0.028355552 0.998152554 172.561141968
0.997027397 0.024330730 0.073105067 -138.198669434 -0.026180288 0.999358237 0.024449045 -11.651666641 -0.072463281 -0.026290277 0.997024536 173.850112915
0.995417058 0.024504967 0.092435509 -138.090225220 -0.026719585 0.999382973 0.022797357 -11.637297630 -0.091819838 -0.025162717 0.995457649 175.150100708
0.993472338 0.024610110 0.111387134 -137.952453613 -0.026994549 0.999436498 0.019949296 -11.623724937 -0.110833429 -0.022825919 0.993576765 176.462921143
0.991192043 0.025697455 0.129914910 -137.787750244 -0.027801285 0.999509633 0.014406044 -11.614805222 -0.129481047 -0.017890958 0.991420507 177.781036377
0.988653183 0.027397413 0.147696584 -137.603149414 -0.028854843 0.999553680 0.007733737 -11.615809441 -0.147418767 -0.011907741 0.989002585 179.093505859
0.985842288 0.029488545 0.165061906 -137.392456055 -0.030341359 0.999536097 0.002647057 -11.620724678 -0.164907277 -0.007617783 0.986279666 180.414794922
0.982713282 0.031820301 0.182379693 -137.151153564 -0.032083604 0.999484003 -0.001507355 -11.632948875 -0.182333574 -0.004370098 0.983227015 181.759063721
0.979137957 0.034059044 0.200321719 -136.894439697 -0.033898737 0.999416292 -0.004231341 -11.653038979 -0.200348884 -0.002647585 0.979721010 183.100799561
0.975458384 0.033236686 0.217660785 -136.602127075 -0.033152644 0.999442101 -0.004039002 -11.672277451 -0.217673570 -0.003276150 0.976016104 184.458312988
0.971488655 0.032695360 0.234820917 -136.289489746 -0.032452039 0.999461293 -0.004901398 -11.690904617 -0.234854624 -0.002858767 0.972026229 185.821624756
0.967197239 0.032734089 0.251908869 -135.950958252 -0.031210946 0.999462485 -0.010040743 -11.716197968 -0.252102107 0.001849064 0.967698812 187.182754517
0.962854981 0.033958718 0.267874956 -135.576171875 -0.031250756 0.999408245 -0.014367458 -11.743874550 -0.268204391 0.005462485 0.963346541 188.538269043
0.958072126 0.036120974 0.284241140 -135.169372559 -0.033337586 0.999337137 -0.014625670 -11.774581909 -0.284581035 0.004536533 0.958641171 189.927062988
0.952556014 0.038520589 0.301915854 -134.749145508 -0.035589404 0.999250770 -0.015205664 -11.812813759 -0.302275389 0.003739242 0.953213334 191.305206299
0.946645737 0.042257983 0.319493443 -134.306869507 -0.038414810 0.999093771 -0.018324228 -11.852758408 -0.319978327 0.005073270 0.947411299 192.686218262
0.940572143 0.042896815 0.336873800 -133.835372925 -0.037539851 0.999044001 -0.022402659 -11.895835876 -0.337512732 0.008425121 0.941283226 194.057891846
0.934213400 0.043793879 0.354016125 -133.329467773 -0.037504751 0.998993337 -0.024610028 -11.948282242 -0.354737550 0.009713730 0.934915423 195.436767578
0.927428186 0.044528060 0.371340901 -132.799987793 -0.035964794 0.998903930 -0.029957624 -12.005119324 -0.372267812 0.014428349 0.928013206 196.811920166
0.919416308 0.047789220 0.390371382 -132.244079590 -0.036611281 0.998679817 -0.036030110 -12.068722725 -0.391577810 0.018834671 0.919952214 198.189941406
0.909898818 0.051451478 0.411626935 -131.651473999 -0.038564153 0.998472929 -0.039558660 -12.140310287 -0.413033694 0.020120332 0.910493433 199.557312012
0.898690045 0.054254606 0.435215533 -131.037384033 -0.040428605 0.998341978 -0.040972497 -12.218638420 -0.436716914 0.019226419 0.899393499 200.896194458
