1.000000000 0.000000000 0.000000000 0.000000000 0.000000000 1.000000000 0.000000000 0.000000000 0.000000000 0.000000000 1.000000000 0.000000000
0.999873698 0.001516148 0.015821207 0.010525973 -0.001501398 0.999998450 -0.000944117 -0.003306366 -0.015822614 0.000920244 0.999874413 0.126160696
0.999292493 0.004330074 0.037360061 0.027608994 -0.004317671 0.999990582 -0.000412675 -0.004507105 -0.037361495 0.000251075 0.999301791 0.272715271
0.997896254 0.005948854 0.064557955 0.056819074 -0.006023841 0.999981403 0.000966959 -0.005297983 -0.064550996 -0.001353812 0.997913480 0.436666667
0.995129764 0.005703460 0.098408528 0.102960065 -0.006047418 0.999976516 0.003197261 -0.003946379 -0.098387994 -0.003776807 0.995140970 0.608732998
0.990627408 0.002592979 0.136567354 0.163734317 -0.003336789 0.999980748 0.005217831 -0.005586172 -0.136551201 -0.005624621 0.990617037 0.791671515
0.984338284 -0.000212295 0.176289961 0.237002864 -0.000759976 0.999984920 0.005447644 -0.004752473 -0.176288471 -0.005496301 0.984323204 0.988202155
0.975553215 -0.000482581 0.219762772 0.319992542 -0.001001310 0.999977410 0.006640805 -0.001246331 -0.219761029 -0.006698509 0.975530744 1.191540003
0.963370025 -0.000260578 0.268175364 0.412284136 -0.002371568 0.999952197 0.009491038 0.002636773 -0.268164992 -0.009779377 0.963323355 1.410154700
0.948919713 -0.003867583 0.315493882 0.528042018 -0.001479637 0.999859333 0.016707443 -0.003527343 -0.315514117 -0.016320840 0.948780537 1.617379427
0.931936383 -0.013269170 0.362379044 0.669451058 0.004670494 0.999686599 0.024594162 -0.005039476 -0.362591773 -0.021227704 0.931706250 1.829781175
0.910560489 -0.018413451 0.412965834 0.824437022 0.007104937 0.999556959 0.028902682 -0.004801944 -0.413315117 -0.023383539 0.910287797 2.051615000
0.885015607 -0.019704141 0.465144277 0.992526650 0.005054201 0.999451756 0.032721661 0.001090027 -0.465533942 -0.026608249 0.884629905 2.284765720
0.856765628 -0.021918919 0.515240014 1.168995500 0.003064616 0.999295115 0.037415206 0.001297608 -0.515696883 -0.030477049 0.856228888 2.486373186
0.824239373 -0.026432615 0.565624237 1.373149514 0.003566959 0.999132335 0.041493367 0.008721687 -0.566230297 -0.032182906 0.823618531 2.703919649
0.788050830 -0.032278042 0.614763200 1.599399090 0.005787135 0.998968780 0.045032281 0.009538740 -0.615582943 -0.031930014 0.787425041 2.916368484
0.749610007 -0.036117330 0.660893619 1.846205235 0.006228372 0.998850763 0.047521982 0.018587291 -0.661850452 -0.031506665 0.748973489 3.131074190
0.709582746 -0.039234184 0.703528941 2.112462044 0.007268357 0.998803139 0.048370034 0.031346783 -0.704584658 -0.029209048 0.709018588 3.331585169
0.667119682 -0.040847715 0.743829787 2.413768768 0.006062668 0.998760164 0.049409889 0.047513738 -0.744925916 -0.028452724 0.666540265 3.555524349
0.624292970 -0.040651489 0.780131876 2.724769115 0.000752729 0.998675883 0.051437125 0.063024595 -0.781189919 -0.031524610 0.623497009 3.767492533
0.582426727 -0.041056018 0.811845660 3.074335098 -0.002482098 0.998629212 0.052282572 0.081264108 -0.812879324 -0.032465849 0.581526518 3.976234913
0.542076170 -0.042329218 0.839262545 3.450100899 -0.003873752 0.998594046 0.052867338 0.102601886 -0.840320349 -0.031909224 0.541150093 4.184649467
0.502821922 -0.044393029 0.863249362 3.857481956 -0.005747675 0.998486459 0.054695562 0.120397836 -0.864371002 -0.032463800 0.501805723 4.395539284
0.465661496 -0.044202637 0.883858323 4.287094116 -0.008870696 0.998468459 0.054607939 0.136565894 -0.884918451 -0.033269253 0.464556217 4.593901634
0.428895533 -0.043126516 0.902324021 4.750100613 -0.010161319 0.998566270 0.052556310 0.160909846 -0.903296828 -0.031709973 0.427842438 4.790180683
0.395137399 -0.041841801 0.917668700 5.242303848 -0.008549987 0.998751402 0.049220353 0.184955984 -0.918582261 -0.027294863 0.394286275 4.973225117
0.366159230 -0.039738920 0.929703295 5.764060020 -0.006484375 0.998954535 0.045252811 0.211210370 -0.930529594 -0.022598280 0.365518808 5.143896103
0.341113001 -0.038076732 0.939250827 6.315100670 -0.005380434 0.999083936 0.042456366 0.233031139 -0.940006912 -0.019535998 0.340595663 5.318992138
0.320772409 -0.037510995 0.946413159 6.882336140 -0.004014604 0.999152660 0.040961996 0.258426785 -0.947147787 -0.016938956 0.320350111 5.497184277
0.305575699 -0.037990451 0.951409578 7.495149612 -0.003385276 0.999154031 0.040984210 0.281456053 -0.952161729 -0.015744559 0.305188537 5.702108860
0.294263095 -0.039209891 0.954919815 8.117847443 -0.002419871 0.999124289 0.041770659 0.308228403 -0.955721378 -0.014602346 0.293910503 5.879537582
0.283565760 -0.040816080 0.958083808 8.785448074 -0.003673357 0.999040186 0.043648105 0.337624788 -0.958945751 -0.015896492 0.283143640 6.069642067
0.272859156 -0.042851925 0.961099088 9.455853462 -0.005303229 0.998925269 0.046044070 0.354532212 -0.962039351 -0.017660476 0.272338718 6.267747402
0.262966573 -0.044465464 0.963779747 10.159018517 -0.006270512 0.998837590 0.047793817 0.383980960 -0.964784563 -0.018611569 0.262382120 6.455698967
0.253040493 -0.046508335 0.966337144 10.877345085 -0.007098194 0.998727739 0.049925938 0.413716406 -0.967429698 -0.019492531 0.252388388 6.634987831
0.242503360 -0.047525346 0.968985796 11.631203651 -0.007604945 0.998675585 0.050884768 0.452015877 -0.970120788 -0.019708812 0.241820753 6.824818134
0.231984630 -0.048727408 0.971498251 12.389699936 -0.007398567 0.998627245 0.051854819 0.486763060 -0.972691298 -0.019217215 0.231305659 7.005388260
0.221694365 -0.051714055 0.973743916 13.171110153 -0.008886408 0.998444140 0.055049021 0.520315170 -0.975075722 -0.020857146 0.220889881 7.183530807
0.209965080 -0.055277962 0.976144969 13.975725174 -0.010436888 0.998216808 0.058772795 0.556357026 -0.977653205 -0.022528151 0.209013745 7.366831779
0.197856128 -0.059239984 0.978439331 14.771888733 -0.011363564 0.997966409 0.062720150 0.590167224 -0.980165303 -0.023528125 0.196780592 7.524231434
0.184819505 -0.061124582 0.980869770 15.570479393 -0.012208745 0.997844219 0.064482786 0.630494177 -0.982696652 -0.023892870 0.183674797 7.674250603
0.170561329 -0.061699800 0.983413458 16.388557434 -0.012631386 0.997818708 0.064794354 0.669318855 -0.985266089 -0.023473289 0.169409916 7.820860863
0.155788288 -0.060713954 0.985922813 17.201328278 -0.014101836 0.997870862 0.063677989 0.708079755 -0.987689793 -0.023823610 0.154600412 7.951519966
0.140035421 -0.059426911 0.988361597 18.022911072 -0.014820460 0.997959614 0.062103845 0.746000409 -0.990035653 -0.023344712 0.138868958 8.055402756
0.118702941 -0.057962269 0.991236508 18.842292786 -0.016991816 0.998029947 0.060394313 0.782001793 -0.992784560 -0.024011893 0.117484204 8.160863876
0.092577785 -0.056400191 0.994106770 19.672164917 -0.021579770 0.998046219 0.058633346 0.820119381 -0.995471597 -0.026880745 0.091179818 8.243532181
0.062499426 -0.056336541 0.996453643 20.506622314 -0.025322653 0.997994661 0.058011945 0.848023057 -0.997723818 -0.028858570 0.060947496 8.290530205
0.029694818 -0.055974919 0.997990489 21.350130081 -0.028080149 0.997990012 0.056810409 0.883571982 -0.999164462 -0.029710703 0.028063349 8.306711197
-0.004802307 -0.055736821 0.998433948 22.199522018 -0.029282043 0.998025179 0.055573158 0.910258710 -0.999559641 -0.028969308 -0.006424909 8.296686172
-0.039017431 -0.054596066 0.997745931 23.049135208 -0.030757453 0.998098671 0.053412586 0.941209137 -0.998765051 -0.028604103 -0.040622480 8.260004997
-0.071776398 -0.052501973 0.996038020 23.901203156 -0.032375142 0.998210073 0.050283451 0.970418096 -0.996895134 -0.028637705 -0.073347688 8.189211845
-0.104261763 -0.049701829 0.993307173 24.743350983 -0.035455007 0.998301327 0.046230212 0.990837932 -0.993917644 -0.030397674 -0.105846845 8.106075287
-0.136572808 -0.044927701 0.989610732 25.582229614 -0.032638829 0.998632729 0.040832922 1.012892723 -0.990092099 -0.026723074 -0.137852430 7.975093365
-0.167911321 -0.039239626 0.985020876 26.418636322 -0.027112991 0.999013245 0.035175227 1.028042674 -0.985429227 -0.020800535 -0.168809563 7.815387726
-0.197805911 -0.032831404 0.979691267 27.248704910 -0.019842319 0.999368191 0.029484533 1.039202213 -0.980040371 -0.013607126 -0.198332399 7.627945900
-0.227244332 -0.027078113 0.973461330 28.064228058 -0.014494079 0.999596655 0.024421616 1.043801785 -0.973729849 -0.008559752 -0.227545202 7.429538727
-0.255177557 -0.021016225 0.966665685 28.883790970 -0.005766558 0.999778926 0.020213900 1.045986772 -0.966877043 -0.000416202 -0.255242288 7.193696022
-0.280885786 -0.010358236 0.959685326 29.680065155 0.000806425 0.999938786 0.011028737 1.039199591 -0.959740877 0.003871730 -0.280860275 6.936179638
-0.306829423 0.005439821 0.951748967 30.470394135 0.005325319 0.999977827 -0.003998675 1.028369665 -0.951749682 0.003841456 -0.306851596 6.673097610
-0.331004083 0.022226529 0.943367541 31.246980667 0.005789827 0.999751508 -0.021523481 1.003133059 -0.943611503 -0.001662424 -0.331050485 6.386221886
-0.356405854 0.037136301 0.933593035 32.015647888 0.006221467 0.999282002 -0.037374184 0.971021414 -0.934310555 -0.007512058 -0.356380939 6.087889671
-0.380878955 0.047437202 0.923407257 32.773757935 0.009737536 0.998833418 -0.047295541 0.928389668 -0.924573600 -0.009022160 -0.380896568 5.764228821
-0.403970569 0.051636443 0.913313389 33.526962280 0.012591292 0.998624861 -0.050890435 0.878930330 -0.914685309 -0.009058444 -0.404065222 5.423565865
-0.426611185 0.051240098 0.902982473 34.280151367 0.016534334 0.998668849 -0.048858255 0.821421027 -0.904283881 -0.005913265 -0.426890582 5.057147980
-0.446586937 0.047080483 0.893500745 35.018886566 0.020189177 0.998890638 -0.042542815 0.767915487 -0.894512415 -0.000960022 -0.447042018 4.672199249
-0.464569807 0.046180308 0.884331584 35.747024536 0.028487513 0.998901784 -0.037197754 0.718545437 -0.885078192 0.007911455 -0.465375155 4.274371147
-0.478028744 0.046086129 0.877134323 36.457088470 0.029616004 0.998900414 -0.036343534 0.671913743 -0.877844751 0.008603960 -0.478868008 3.877289772
-0.488795757 0.050447330 0.870938480 37.153537750 0.033774566 0.998672605 -0.038890805 0.626219273 -0.871744215 0.010405905 -0.489850760 3.470970154
-0.498853594 0.052610599 0.865087986 37.847770691 0.034015596 0.998575270 -0.041113552 0.581578732 -0.866018414 0.008916846 -0.499932498 3.067494392
-0.509871364 0.051750604 0.858692706 38.536197662 0.027840111 0.998658657 -0.043655097 0.530646324 -0.859800160 0.001647622 -0.510628104 2.670530319
-0.520960093 0.050287485 0.852098465 39.242401123 0.026864354 0.998734534 -0.042516910 0.483659148 -0.853158176 0.000741455 -0.521651745 2.242948532
-0.529444873 0.051510930 0.846779048 39.917781830 0.028921502 0.998670638 -0.042667702 0.438816071 -0.847851217 0.001899921 -0.530230820 1.811717987
-0.536635280 0.054765653 0.842035234 40.595405579 0.032248728 0.998493671 -0.044389300 0.390756130 -0.843197763 0.003333700 -0.537593126 1.377105713
-0.539994895 0.057553038 0.839698255 41.297512054 0.033712510 0.998337865 -0.046746287 0.342143178 -0.840992868 0.003065582 -0.541037560 0.916666031
-0.540116131 0.059739687 0.839467525 42.005119324 0.033340618 0.998213232 -0.049585167 0.294505954 -0.840929747 0.001206614 -0.541142881 0.470470428
-0.536289632 0.060245309 0.841881335 42.728084564 0.035428658 0.998177052 -0.048861358 0.249981523 -0.843290150 0.003622885 -0.537446320 0.000791550
-0.530593872 0.059063178 0.845565975 43.464309692 0.034190416 0.998248756 -0.048273604 0.189494371 -0.846936405 0.003296569 -0.531684220 -0.451759338
-0.523746490 0.057391625 0.849938631 44.215744019 0.031487182 0.998350441 -0.048010115 0.140631795 -0.851291955 0.001617046 -0.524689734 -0.903446198
-0.516471207 0.056908652 0.854411364 44.987457275 0.029825825 0.998379290 -0.048468735 0.089825869 -0.855784953 0.000450819 -0.517331600 -1.365602493
-0.510676622 0.055435948 0.857983768 45.778961182 0.026783140 0.998460650 -0.048570946 0.036246657 -0.859355688 -0.001824539 -0.511375129 -1.820144653
-0.505794048 0.053141702 0.861015856 46.593807220 0.022457413 0.998573601 -0.048439395 -0.017297506 -0.862361908 -0.005164169 -0.506265998 -2.301412582
-0.504545033 0.050269775 0.861920714 47.419395447 0.018231938 0.998701274 -0.047574751 -0.072766185 -0.863192916 -0.008289116 -0.504806280 -2.772357941
-0.505006909 0.047775380 0.861791968 48.253913879 0.015287913 0.998805344 -0.046412364 -0.130370259 -0.862979889 -0.010263564 -0.505133986 -3.247032166
-0.505691230 0.046721671 0.861448467 49.112586975 0.014556806 0.998852372 -0.045628738 -0.192863464 -0.862591684 -0.010534115 -0.505791068 -3.753543854
-0.506052613 0.046232790 0.861262619 49.968002319 0.014068032 0.998871922 -0.045353733 -0.242745161 -0.862387896 -0.010835102 -0.506132185 -4.249010086
-0.506333590 0.045615505 0.861130476 50.850219727 0.014461800 0.998908639 -0.044410501 -0.303473473 -0.862216413 -0.010033028 -0.506440580 -4.769346237
-0.506365240 0.044615529 0.861164153 51.730117798 0.014780508 0.998962998 -0.043063715 -0.362401605 -0.862192571 -0.009077522 -0.506499529 -5.283590317
-0.506509483 0.044344082 0.861093342 52.617927551 0.014443408 0.998972893 -0.042948660 -0.420804858 -0.862113416 -0.009316782 -0.506629705 -5.801298141
-0.506759763 0.042876035 0.861020505 53.512626648 0.012111400 0.999017894 -0.042619616 -0.474527478 -0.862002194 -0.011169737 -0.506781280 -6.321767807
-0.507150114 0.042206954 0.860823691 54.398815155 0.011564674 0.999043465 -0.042170726 -0.533731341 -0.861780167 -0.011431739 -0.507153094 -6.831933975
-0.506297946 0.041212004 0.861373246 55.291313171 0.010285344 0.999074936 -0.041754756 -0.595516205 -0.862297118 -0.012280831 -0.506253541 -7.356224060
-0.505030394 0.039684966 0.862188637 56.182624817 0.009675165 0.999139905 -0.040321320 -0.653725982 -0.863047242 -0.012021672 -0.504980028 -7.873065948
-0.503039360 0.037582878 0.863445938 57.068229675 0.010319022 0.999244034 -0.037481885 -0.715747833 -0.864201903 -0.009944947 -0.503046870 -8.381538391
-0.500542045 0.036121227 0.864958286 57.948890686 0.010736207 0.999311388 -0.035518959 -0.773858905 -0.865645707 -0.008492361 -0.500585198 -8.888433456
-0.498143762 0.035962578 0.866348386 58.849060059 0.010904436 0.999320388 -0.035212349 -0.825811625 -0.867025912 -0.008093770 -0.498197317 -9.400598526
-0.496199042 0.036104284 0.867457807 59.734981537 0.010692518 0.999313354 -0.035475932 -0.879313469 -0.868143022 -0.008327815 -0.496244341 -9.901725769
-0.495580167 0.036603361 0.867790639 60.613487244 0.011023270 0.999296248 -0.035855070 -0.935790181 -0.868492186 -0.008203171 -0.495634943 -10.392633438
-0.495980740 0.038079441 0.867498159 61.504665375 0.010666853 0.999229789 -0.037763264 -0.994420648 -0.868268013 -0.009476372 -0.496004850 -10.906534195
-0.498872727 0.039806068 0.865760565 62.377941132 0.009489113 0.999135733 -0.040470541 -1.051511526 -0.866623342 -0.011974345 -0.498819202 -11.403182983
-0.503688812 0.040299997 0.862944543 63.247119904 0.008202555 0.999089360 -0.041870318 -1.111381769 -0.863846123 -0.014011262 -0.503560722 -11.902132034
-0.508768559 0.039149936 0.860012710 64.127357483 0.009085657 0.999153972 -0.040109079 -1.161201954 -0.860855401 -0.012592458 -0.508693814 -12.422384262
-0.514360011 0.036655553 0.856790602 64.982742310 0.010421390 0.999279439 -0.036495261 -1.223161936 -0.857511044 -0.009842757 -0.514371395 -12.934394836
-0.520474911 0.034307089 0.853187621 65.823211670 0.007647603 0.999339759 -0.035518631 -1.276342869 -0.853842735 -0.011961713 -0.520393610 -13.422861099
-0.524526179 0.037920777 0.850549519 66.705146790 0.009704983 0.999209166 -0.038563617 -1.326269031 -0.851338983 -0.011973058 -0.524479151 -13.975278854
-0.529989541 0.039767958 0.847071171 67.545463562 0.010190445 0.999126375 -0.040530693 -1.375940442 -0.847942889 -0.012848812 -0.529931724 -14.493040085
-0.534736574 0.040573992 0.844044149 68.367187500 0.009280055 0.999068439 -0.042146850 -1.440211415 -0.844967902 -0.014704687 -0.534614801 -15.003438950
-0.537879825 0.040514626 0.842047453 69.180694580 0.008342090 0.999051392 -0.042740043 -1.499612451 -0.842980266 -0.015964575 -0.537707567 -15.530109406
-0.541664958 0.039992858 0.839642584 70.005226135 0.009018525 0.999086618 -0.041769329 -1.554279923 -0.840546191 -0.015052643 -0.541530907 -16.048898697
-0.543675482 0.033045672 0.838644803 70.827102661 0.009749559 0.999405742 -0.033059817 -1.603355885 -0.839238942 -0.009797392 -0.543674529 -16.584701538
-0.546002984 0.024070228 0.837437451 71.655731201 0.008653755 0.999695897 -0.023091795 -1.656122327 -0.837738395 -0.005361211 -0.546045184 -17.121702194
-0.547942996 0.022630172 0.836209595 72.471641541 0.009670276 0.999738574 -0.020719087 -1.697566748 -0.836459816 -0.003266502 -0.548018575 -17.648694992
-0.548641801 0.027291039 0.835611939 73.264785767 0.010120796 0.999610662 -0.026002167 -1.742367744 -0.835996211 -0.005808822 -0.548704505 -18.168954849
-0.550547421 0.032826055 0.834158242 74.067497253 0.011081660 0.999425948 -0.032015786 -1.787497282 -0.834730268 -0.008382355 -0.550595224 -18.680315018
-0.549954891 0.037308618 0.834360659 74.858032227 0.017051799 0.999295056 -0.033444297 -1.829415798 -0.835020304 -0.004165501 -0.550203383 -19.233381271
-0.549468160 0.038922362 0.834607601 75.648788452 0.020778401 0.999241948 -0.032920618 -1.877939701 -0.835256338 -0.000747017 -0.549860358 -19.769268036
-0.549461007 0.035323068 0.834772348 76.450897217 0.018824345 0.999375701 -0.029897697 -1.919528008 -0.835307240 -0.000713573 -0.549782932 -20.283863068
-0.548829913 0.030644046 0.835372150 77.244636536 0.017147541 0.999530256 -0.025400143 -1.954430580 -0.835758209 0.000384221 -0.549097538 -20.804981232
-0.548534572 0.023352096 0.835801721 78.032653809 0.015157838 0.999723375 -0.017983977 -2.011729717 -0.835990489 0.002804114 -0.548736751 -21.300611496
-0.548119903 0.018096903 0.836203992 78.853141785 0.005858495 0.999824405 -0.017797776 -2.034703732 -0.836379230 -0.004856418 -0.548129678 -21.816810608
-0.546580255 0.013192120 0.837302923 79.650032043 -0.001833159 0.999854624 -0.016949866 -2.058762074 -0.837404788 -0.010799371 -0.546476543 -22.317541122
-0.544454813 0.013982547 0.838673711 80.433807373 0.001788980 0.999878109 -0.015508804 -2.095637321 -0.838788331 -0.006943472 -0.544413447 -22.829906464
-0.541523874 0.017008098 0.840513349 81.214889526 0.006513111 0.999850214 -0.016036086 -2.139704704 -0.840660155 -0.003209568 -0.541553557 -23.326791763
-0.536144495 0.020110669 0.843886673 82.021347046 0.007836077 0.999791622 -0.018847564 -2.160461903 -0.844089925 -0.003492257 -0.536190271 -23.835344315
-0.527708709 0.023113593 0.849110842 82.811126709 0.014376720 0.999729574 -0.018278673 -2.195518494 -0.849303722 0.002561615 -0.527898192 -24.349697113
-0.519422054 0.026465032 0.854107976 83.602340698 0.021899607 0.999604285 -0.017655168 -2.233223438 -0.854237080 0.009534147 -0.519796014 -24.841936111
-0.510451257 0.025650084 0.859524190 84.403167725 0.018673036 0.999650002 -0.018742273 -2.256942749 -0.859703898 0.006482911 -0.510751426 -25.298089981
-0.499295086 0.023125783 0.866123319 85.227401733 0.015811687 0.999720454 -0.017577892 -2.284887791 -0.866287708 0.004918315 -0.499521077 -25.765361786
-0.488047898 0.019642511 0.872595787 86.034545898 0.016549641 0.999775231 -0.013249067 -2.322799206 -0.872659922 0.007974967 -0.488263309 -26.209611893
-0.476915598 0.018743612 0.878749251 86.846618652 0.016076833 0.999791324 -0.012600192 -2.354116440 -0.878802061 0.008118271 -0.477117479 -26.646015167
-0.465096027 0.018111372 0.885074914 87.662338257 0.016324738 0.999796152 -0.011880473 -2.377126932 -0.885109663 0.008923055 -0.465296984 -27.066123962
-0.453434825 0.018860996 0.891089916 88.500267029 0.017685546 0.999769568 -0.012161975 -2.409657478 -0.891113937 0.010244746 -0.453663975 -27.485853195
-0.440850973 0.022869833 0.897288918 89.337890625 0.016888173 0.999709725 -0.017182900 -2.439090252 -0.897421360 0.007578475 -0.441109270 -27.904752731
-0.429747880 0.032146338 0.902376533 90.160614014 0.019493375 0.999463439 -0.026321443 -2.471139908 -0.902738512 0.006278781 -0.430143952 -28.288124084
-0.416639358 0.036957301 0.908320248 90.997817993 0.018769313 0.999310017 -0.032050107 -2.501687050 -0.908878028 0.003695210 -0.417045534 -28.673675537
-0.405514717 0.032864034 0.913497567 91.848892212 0.016239088 0.999454796 -0.028747676 -2.546736717 -0.913944244 0.003176765 -0.405827343 -29.047439575
-0.393586397 0.029024618 0.918829322 92.678710938 0.014601316 0.999572754 -0.025320629 -2.587624788 -0.919171631 0.003450262 -0.393842041 -29.395410538
-0.383807212 0.029724117 0.922934711 93.515808105 0.012062461 0.999557912 -0.027175611 -2.631758690 -0.923334420 0.000702669 -0.383996099 -29.733356476
-0.377177715 0.034090705 0.925513268 94.364303589 0.006928662 0.999398232 -0.033988547 -2.676590204 -0.926115036 -0.006407153 -0.377186894 -30.064483643
-0.372145563 0.038757943 0.927364826 95.192016602 -0.000076705 0.999126494 -0.041787907 -2.718404531 -0.928174317 -0.015622318 -0.371817529 -30.383644104
-0.368928164 0.040921878 0.928556681 96.031494141 -0.002295017 0.998987138 -0.044937626 -2.768497705 -0.929455042 -0.018709809 -0.368460625 -30.702732086
-0.364871770 0.040613346 0.930171549 96.871528625 -0.002704738 0.998997688 -0.044679414 -2.826430798 -0.931053758 -0.018818129 -0.364396214 -31.026960373
-0.360453397 0.040733460 0.931887388 97.707260132 -0.004423217 0.998960197 -0.045376156 -2.878790379 -0.932766736 -0.020477934 -0.359898418 -31.340307236
-0.354327559 0.036622956 0.934403956 98.555244446 -0.006210934 0.999118686 -0.041514572 -2.932958126 -0.935100734 -0.020513279 -0.353787810 -31.657787323
-0.349301636 0.032542691 0.936445057 99.403587341 -0.007214452 0.999273598 -0.037417121 -2.985368252 -0.936982572 -0.019825801 -0.348813176 -31.965187073
-0.343603969 0.029472688 0.938652039 100.245262146 -0.009520715 0.999346793 -0.034863599 -3.033824444 -0.939066350 -0.020915911 -0.343098998 -32.263458252
-0.337659478 0.027374825 0.940870225 101.109748840 -0.017049087 0.999235213 -0.035191536 -3.089489222 -0.941113889 -0.027923735 -0.336934507 -32.558879852
-0.331520438 0.027937056 0.943034291 101.958297729 -0.024209486 0.998980403 -0.038105197 -3.131343603 -0.943137407 -0.035463031 -0.330505997 -32.839859009
-0.324833184 0.031946138 0.945231616 102.801078796 -0.022123432 0.998899221 -0.041362762 -3.182964325 -0.945512533 -0.034347773 -0.323768884 -33.122993469
-0.317844748 0.035214134 0.947488606 103.653038025 -0.020823112 0.998809755 -0.044106849 -3.231018066 -0.947914124 -0.033748791 -0.316733152 -33.405044556
-0.311422795 0.033575479 0.949678123 104.513809204 -0.022128701 0.998848438 -0.042570412 -3.279193640 -0.950013816 -0.034272548 -0.310321093 -33.677021027
-0.304285079 0.028565614 0.952152550 105.361846924 -0.023040900 0.999037087 -0.037335519 -3.329446793 -0.952302337 -0.033299100 -0.303333938 -33.944606781
-0.297395051 0.025720321 0.954408050 106.222091675 -0.023867957 0.999124408 -0.034362677 -3.381595135 -0.954456091 -0.032999065 -0.296520829 -34.203681946
-0.290957153 0.029128218 0.956292510 107.079025269 -0.026555298 0.998905480 -0.038505774 -3.422680378 -0.956367433 -0.036598161 -0.289865077 -34.453094482
-0.284615219 0.031840105 0.958112836 107.933509827 -0.026028562 0.998823166 -0.040924992 -3.473540306 -0.958288431 -0.036586177 -0.283451527 -34.700611115
-0.277977765 0.032254491 0.960045755 108.790275574 -0.028013013 0.998738825 -0.041665521 -3.522434711 -0.960178971 -0.038475860 -0.276723593 -34.936527252
-0.270978928 0.031856667 0.962058008 109.650611877 -0.028354667 0.998754323 -0.041058343 -3.575016022 -0.962167561 -0.038404781 -0.269738019 -35.175483704
-0.262571335 0.031597685 0.964395046 110.510513306 -0.024271930 0.998931110 -0.039337639 -3.626310587 -0.964607239 -0.033736661 -0.261523783 -35.412639618
-0.254929036 0.032906808 0.966399670 111.367523193 -0.021517321 0.998980165 -0.039692316 -3.675191402 -0.966720283 -0.030913051 -0.253960997 -35.638450623
-0.248292774 0.033482265 0.968106151 112.227722168 -0.019994961 0.999012411 -0.039679330 -3.723422527 -0.968478680 -0.029209338 -0.247378051 -35.853668213
-0.241815314 0.032243386 0.969786465 113.096359253 -0.026079431 0.998870730 -0.039713264 -3.771797657 -0.969971776 -0.034894753 -0.240701333 -36.051727295
-0.235953629 0.030268772 0.971292675 113.963050842 -0.031096304 0.998767734 -0.038679130 -3.820809364 -0.971266568 -0.039330099 -0.234721601 -36.252441406
-0.231675267 0.030283857 0.972321630 114.840476990 -0.028652357 0.998869181 -0.037937708 -3.869547844 -0.972371101 -0.036648538 -0.230545610 -36.453186035
-0.227320448 0.030423699 0.973344743 115.707015991 -0.027053546 0.998928785 -0.037541624 -3.920105934 -0.973444045 -0.034866400 -0.226253897 -36.645042419
-0.221939459 0.032351337 0.974523604 116.577804565 -0.025739489 0.998906732 -0.039022740 -3.965729713 -0.974720657 -0.033744425 -0.220864117 -36.850265503
-0.216076121 0.031122332 0.975880384 117.434280396 -0.019500090 0.999154925 -0.036182243 -4.013854504 -0.976181686 -0.026847877 -0.215286672 -37.038452148
-0.210831016 0.030304402 0.977052689 118.310417175 -0.012497226 0.999354124 -0.033692788 -4.054121494 -0.977442563 -0.019313933 -0.210316107 -37.233535767
-0.205712676 0.029696010 0.978161812 119.177749634 -0.010519378 0.999414623 -0.032553513 -4.101461411 -0.978555918 -0.016986325 -0.205279857 -37.411727905
-0.201538712 0.031023238 0.978989124 120.054939270 -0.012567069 0.999334037 -0.034255058 -4.145939350 -0.979399979 -0.019206747 -0.201014638 -37.589229584
-0.198100463 0.032601949 0.979639411 120.940673828 -0.014252793 0.999245226 -0.036136582 -4.192506790 -0.980078101 -0.021121273 -0.197486266 -37.764366150
-0.196150661 0.032191839 0.980045259 121.809951782 -0.016953371 0.999200284 -0.036214154 -4.235859394 -0.980427206 -0.023718502 -0.195448056 -37.930534363
-0.195712715 0.031077053 0.980168760 122.682991028 -0.017224915 0.999234617 -0.035120901 -4.279270172 -0.980509937 -0.023756932 -0.195027649 -38.089290619
-0.194524512 0.026480939 0.980540216 123.556320190 -0.016104884 0.999414563 -0.030185644 -4.323412418 -0.980765462 -0.021663332 -0.193984166 -38.264160156
-0.193550617 0.021164130 0.980861902 124.428123474 -0.017527064 0.999533176 -0.025025561 -4.367714405 -0.980933726 -0.022035347 -0.193089262 -38.432441711
-0.192836732 0.019404534 0.981038868 125.296493530 -0.017020883 0.999587953 -0.023117110 -4.405947208 -0.981083214 -0.021155978 -0.192426950 -38.597888947
-0.191395238 0.023656763 0.981227934 126.150604248 -0.017374186 0.999471247 -0.027485548 -4.449108601 -0.981359243 -0.022308640 -0.190882996 -38.763134003
-0.191380411 0.027527034 0.981129825 127.032577515 -0.016926050 0.999365509 -0.031340271 -4.488101006 -0.981370032 -0.022604572 -0.190793008 -38.932262421
-0.191259220 0.026675634 0.981177032 127.869728088 -0.020313952 0.999308944 -0.031128358 -4.525017262 -0.981329322 -0.025885165 -0.190585166 -39.087852478
-0.191277429 0.025535453 0.981203854 128.721145630 -0.022398083 0.999287665 -0.030372396 -4.569873333 -0.981280506 -0.027786637 -0.190569207 -39.239860535
-0.190246567 0.026828170 0.981369793 129.562591553 -0.017718866 0.999369800 -0.030755196 -4.610371590 -0.981576443 -0.023239827 -0.189651340 -39.408836365
-0.188646227 0.028770011 0.981623650 130.415237427 -0.019852100 0.999254763 -0.033101890 -4.653185844 -0.981844366 -0.025731837 -0.187934533 -39.578182220
-0.189207301 0.029913651 0.981481373 131.255477905 -0.026587684 0.999013305 -0.035573490 -4.699799538 -0.981577158 -0.032826085 -0.188225269 -39.720798492
-0.188457742 0.031471830 0.981576920 132.091979980 -0.032374021 0.998744071 -0.038237903 -4.744625568 -0.981547534 -0.038983826 -0.187202200 -39.868743896
-0.187988505 0.035116289 0.981543303 132.917495728 -0.028909732 0.998729765 -0.041268054 -4.792535782 -0.981745720 -0.036134068 -0.186734512 -40.024227142
-0.187672824 0.036092170 0.981568277 133.738403320 -0.027125148 0.998753011 -0.041910309 -4.844462872 -0.981857002 -0.034490608 -0.186459780 -40.178028107
-0.185817152 0.037051499 0.981885612 134.560150146 -0.028476611 0.998665929 -0.043073777 -4.890873432 -0.982171595 -0.035964627 -0.184514195 -40.328842163
-0.183940053 0.036816958 0.982247710 135.384490967 -0.019114733 0.998975337 -0.041023459 -4.938704014 -0.982751727 -0.026321258 -0.183047816 -40.488037109
-0.180190742 0.033552475 0.983059287 136.200790405 -0.012909945 0.999251306 -0.036471453 -4.988941193 -0.983546853 -0.019263059 -0.179622725 -40.648822784
-0.178351179 0.028457168 0.983555317 137.015533447 -0.009763628 0.999481380 -0.030688422 -5.035175323 -0.983918428 -0.015076387 -0.177980825 -40.796936035
-0.174529895 0.028189458 0.984248281 137.827880859 -0.007274802 0.999525845 -0.029917005 -5.077062607 -0.984624982 -0.012381623 -0.174242079 -40.941825867
-0.169345707 0.033148982 0.984999001 138.629226685 -0.005888914 0.999382257 -0.034645483 -5.122181892 -0.985539079 -0.011667638 -0.169045925 -41.082870483
-0.162947267 0.036247551 0.985968709 139.423736572 -0.005279663 0.999278486 -0.037609413 -5.163846970 -0.986620665 -0.011333938 -0.162638336 -41.208683014
-0.154935569 0.037271880 0.987221181 140.222808838 -0.005178737 0.999243677 -0.038538538 -5.199414730 -0.987910926 -0.011083549 -0.154625371 -41.326942444
-0.145369560 0.032878108 0.988830984 141.026351929 -0.004012678 0.999419868 -0.033820085 -5.239087105 -0.989369273 -0.008884270 -0.145153299 -41.441947937
-0.133285835 0.031481307 0.990577519 141.820510864 -0.000569450 0.999492705 -0.031841263 -5.281517029 -0.991077423 -0.004808073 -0.133200303 -41.549377441
-0.119601749 0.034099564 0.992236197 142.609893799 0.003479482 0.999418378 -0.033926979 -5.319686890 -0.992815793 -0.000605258 -0.119650841 -41.644729614
-0.105359003 0.035216413 0.993810475 143.397232056 0.002903499 0.999379277 -0.035105940 -5.358211994 -0.994430006 -0.000813199 -0.105395861 -41.723930359
-0.091534294 0.035205003 0.995179534 144.181823730 0.003920994 0.999379873 -0.034992948 -5.398746967 -0.995794177 0.000699037 -0.091615573 -41.791488647
-0.078129113 0.036755327 0.996265471 144.963699341 0.004886779 0.999322176 -0.036484867 -5.442581177 -0.996931195 0.002017998 -0.078255765 -41.846527100
-0.064345434 0.042847082 0.997007370 145.733978271 0.002065678 0.999081492 -0.042802881 -5.493534088 -0.997925520 -0.000694674 -0.064374842 -41.887592316
-0.051590245 0.052168749 0.997304857 146.498489380 -0.004989189 0.998608649 -0.052495040 -5.538294792 -0.998655856 -0.007683975 -0.051258191 -41.911575317
-0.038071651 0.060029041 0.997470260 147.263946533 -0.009220379 0.998130560 -0.060420688 -5.587094784 -0.999232471 -0.011497374 -0.037446983 -41.924160004
-0.024948504 0.060717743 0.997843206 148.028961182 -0.009980259 0.998089015 -0.060982227 -5.638742924 -0.999638915 -0.011480148 -0.024294849 -41.935039520
-0.012865272 0.057052437 0.998288214 148.802658081 -0.013670665 0.998267531 -0.057227440 -5.692799091 -0.999823749 -0.014383508 -0.012063038 -41.936454773
-0.002350885 0.054465126 0.998512924 149.566436768 -0.017611867 0.998358488 -0.054498173 -5.752563477 -0.999842167 -0.017713796 -0.001387793 -41.923259735
0.006460797 0.061013769 0.998116016 150.322341919 -0.021681657 0.997910738 -0.060860883 -5.813086033 -0.999743998 -0.021247597 0.007770178 -41.905776978
0.013365200 0.068991415 0.997527719 151.068191528 -0.024816353 0.997332394 -0.068645410 -5.867982864 -0.999602675 -0.023837538 0.015041663 -41.886550903
0.016400458 0.071652316 0.997294784 151.823928833 -0.027528135 0.997083247 -0.071184412 -5.925359249 -0.999486506 -0.026286213 0.018325079 -41.868019104
0.016274616 0.067097448 0.997613609 152.578018188 -0.029896863 0.997332394 -0.066590793 -5.985280991 -0.999420464 -0.028741781 0.018237200 -41.847812653
0.014642308 0.062648647 0.997928262 153.333679199 -0.031842571 0.997558236 -0.062158201 -6.053785324 -0.999385655 -0.030866459 0.016601447 -41.831367493
0.011223503 0.059838943 0.998144865 154.090393066 -0.031460609 0.997734785 -0.059460595 -6.104809761 -0.999441981 -0.030734893 0.013080650 -41.816989899
0.008810068 0.060253363 0.998144150 154.834243774 -0.029533250 0.997763276 -0.059969690 -6.156727791 -0.999524891 -0.028950110 0.010569838 -41.814212799
0.004627218 0.060234860 0.998173475 155.575134277 -0.028175715 0.997795820 -0.060081448 -6.214089394 -0.999592245 -0.027846247 0.006314179 -41.803787231
0.000500126 0.059282340 0.998241127 156.320663452 -0.027685137 0.997859538 -0.059245810 -6.266895294 -0.999616563 -0.027606817 0.002140295 -41.805130005
-0.004660397 0.059613422 0.998210609 157.058853149 -0.028442867 0.997809768 -0.059722263 -6.316820621 -0.999584615 -0.028670305 -0.002954614 -41.806320190
-0.010679835 0.057695214 0.998277128 157.797958374 -0.029687909 0.997875631 -0.057989620 -6.369865417 -0.999502122 -0.030256081 -0.008944298 -41.806175232
-0.016222570 0.054992750 0.998354971 158.547958374 -0.026956171 0.998099387 -0.055416699 -6.431912899 -0.999504983 -0.027810831 -0.014709346 -41.827362061
-0.021604799 0.054875918 0.998259425 159.282043457 -0.027654586 0.998077631 -0.055464443 -6.482573509 -0.999384105 -0.028804749 -0.020045694 -41.841640472
-0.027220286 0.056431953 0.998035312 160.001541138 -0.029768057 0.997916758 -0.057237137 -6.531164169 -0.999186158 -0.031267587 -0.025483709 -41.848751068
-0.031152686 0.058429915 0.997805297 160.725265503 -0.029749947 0.997793317 -0.059358049 -6.590775490 -0.999071777 -0.031533815 -0.029345656 -41.866313934
-0.033707496 0.060412463 0.997604191 161.443542480 -0.029459268 0.997677624 -0.061412297 -6.647228241 -0.998997390 -0.031458739 -0.031849511 -41.889141083
-0.034474775 0.061630834 0.997503400 162.161163330 -0.026384827 0.997692764 -0.062554412 -6.702601433 -0.999057174 -0.028475506 -0.032769110 -41.921520233
-0.034301430 0.060502026 0.997578442 162.889343262 -0.023770358 0.997834206 -0.061334871 -6.755281925 -0.999128759 -0.025816675 -0.032788984 -41.943199158
-0.030180976 0.056289807 0.997958183 163.606262207 -0.020264035 0.998173296 -0.056914788 -6.813424110 -0.999339044 -0.021940403 -0.028985191 -41.967258453
-0.022542287 0.056158729 0.998167276 164.308074951 -0.019516464 0.998206019 -0.056601658 -6.868232250 -0.999555409 -0.020756628 -0.021405827 -41.981021881
-0.011476353 0.057321794 0.998289764 165.003631592 -0.017024782 0.998199642 -0.057512332 -6.917304993 -0.999789238 -0.017655699 -0.010479802 -41.981147766
0.002707534 0.057291348 0.998353839 165.695175171 -0.015054490 0.998246670 -0.057244375 -6.968353748 -0.999883056 -0.014874718 0.003565280 -41.973434448
0.018215982 0.055283308 0.998304546 166.377960205 -0.015478166 0.998366117 -0.055004284 -7.015493870 -0.999714196 -0.014449971 0.019041901 -41.957683563
0.033961006 0.050191585 0.998162031 167.060485840 -0.020339947 0.998566031 -0.049519856 -7.063470364 -0.999216199 -0.018620824 0.034933195 -41.914653778
0.050734684 0.043533862 0.997762918 167.745697021 -0.021651188 0.998862565 -0.042480927 -7.107865334 -0.998477459 -0.019447494 0.051619545 -41.870048523
0.067532636 0.036718935 0.997041166 168.420654297 -0.022526160 0.999123871 -0.035269879 -7.141820908 -0.997462690 -0.020077642 0.068300612 -41.808422089
0.085366584 0.029231165 0.995920658 169.100509644 -0.022362446 0.999373913 -0.027415698 -7.179374695 -0.996098578 -0.019930838 0.085966825 -41.747756958
0.102313176 0.023421422 0.994476497 169.762039185 -0.024177760 0.999486029 -0.021051958 -7.211572647 -0.994458437 -0.021890318 0.102826856 -41.665466309
0.120100655 0.020918919 0.992541194 170.415161133 -0.025485089 0.999513388 -0.017982086 -7.242248535 -0.992434561 -0.023135340 0.120575339 -41.571891785
0.138270244 0.020210255 0.990188301 171.057189941 -0.024634730 0.999552548 -0.016961385 -7.260664940 -0.990088046 -0.022047771 0.138706267 -41.476020813
0.155389696 0.019798778 0.987654805 171.694610596 -0.025352430 0.999549747 -0.016048478 -7.278940201 -0.987527907 -0.022545680 0.155821666 -41.359958649
0.170767620 0.018614139 0.985135496 172.323669434 -0.030716129 0.999436140 -0.013559883 -7.299801826 -0.984832466 -0.027943959 0.171243101 -41.224678040
0.186064273 0.014849666 0.982425332 172.943832397 -0.031979311 0.999447584 -0.009050312 -7.320193768 -0.982017040 -0.029733349 0.186436325 -41.103813171
0.197926402 0.011025979 0.980154932 173.569213867 -0.028815467 0.999570072 -0.005425569 -7.336050034 -0.979793251 -0.027169757 0.198159009 -40.969913483
0.208940983 0.009941122 0.977877736 174.187133789 -0.026412902 0.999640882 -0.004518779 -7.353005409 -0.977571487 -0.024884431 0.209128559 -40.836147308
0.218873218 0.013901170 0.975654244 174.790054321 -0.031309463 0.999483645 -0.007216889 -7.371648312 -0.975250840 -0.028967626 0.219195470 -40.687194824
0.227611303 0.020985559 0.973525941 175.379425049 -0.036048401 0.999263942 -0.013112225 -7.393745422 -0.973084688 -0.032109562 0.228200257 -40.527965546
0.236688212 0.030421965 0.971109271 175.955352783 -0.035739545 0.999105811 -0.022588218 -7.413772106 -0.970928073 -0.029360633 0.237563848 -40.385234833
0.245332688 0.036405943 0.968755126 176.549636841 -0.030722480 0.999084651 -0.029765410 -7.429328442 -0.968951941 -0.022460125 0.246226609 -40.240879059
0.251481563 0.034305647 0.967253923 177.149261475 -0.029744426 0.999173522 -0.027704325 -7.449806213 -0.967404842 -0.021803282 0.252294183 -40.077220917
0.257334560 0.026928255 0.965947151 177.748046875 -0.032532044 0.999286354 -0.019190928 -7.467475414 -0.965774536 -0.026485745 0.258026958 -39.906009674
0.261325836 0.016478900 0.965110123 178.365554810 -0.036449887 0.999309540 -0.007193198 -7.487513542 -0.964562178 -0.033298384 0.261746049 -39.720897675
0.263806283 0.008440251 0.964538813 178.970901489 -0.036929499 0.999316931 0.001355826 -7.507819176 -0.963868499 -0.035977606 0.263937801 -39.554916382
0.264453948 0.007559930 0.964368701 179.573074341 -0.034294683 0.999410570 0.001569826 -7.526615620 -0.963788331 -0.033487871 0.264557332 -39.384994507
0.265558720 0.010043423 0.964042366 180.171829224 -0.030179393 0.999542296 -0.002099932 -7.529530048 -0.963622153 -0.028536560 0.265740305 -39.225093842
0.267818391 0.009470908 0.963422835 180.778396606 -0.026712440 0.999640286 -0.002401249 -7.537538052 -0.963099003 -0.025092278 0.267975003 -39.064563751
0.269197434 0.007380820 0.963056684 181.386703491 -0.028892500 0.999582469 0.000415396 -7.539582253 -0.962651610 -0.027936943 0.269298285 -38.884292603
0.272078216 0.003860902 0.962267399 181.995971680 -0.029351395 0.999559939 0.004288489 -7.549431324 -0.961827397 -0.029410698 0.272071809 -38.707927704
0.274591029 -0.001272667 0.961560249 182.596923828 -0.029503936 0.999517143 0.009748290 -7.562790394 -0.961108387 -0.031046605 0.274420887 -38.521755219
0.279281825 -0.004248688 0.960199773 183.218078613 -0.027917167 0.999531567 0.012542657 -7.565690994 -0.959803283 -0.030308997 0.279032439 -38.342388153
0.285296172 -0.006347990 0.958418429 183.829528809 -0.026136244 0.999554694 0.014400529 -7.562887192 -0.958082974 -0.029157870 0.285003185 -38.151809692
0.293059289 -0.009508891 0.956046999 184.452270508 -0.024851911 0.999536932 0.017559357 -7.567519665 -0.955771208 -0.028905528 0.292687297 -37.953056335
0.303326994 -0.011382615 0.952818453 185.078430176 -0.021943845 0.999579966 0.018926999 -7.569571495 -0.952633798 -0.026649574 0.302949846 -37.764778137
0.314441323 -0.009366425 0.949230671 185.693466187 -0.023468746 0.999568999 0.017637366 -7.571290970 -0.948986650 -0.027823173 0.314085931 -37.550773621
0.325931132 -0.005650608 0.945376635 186.306030273 -0.024778998 0.999587476 0.014517520 -7.572903156 -0.945068717 -0.028157195 0.325656652 -37.326839447
0.337457418 -0.002603109 0.941337168 186.910522461 -0.025628893 0.999600053 0.011951857 -7.571847916 -0.940991819 -0.028158672 0.337255746 -37.099597931
0.348967105 -0.002608664 0.937131286 187.525833130 -0.024065506 0.999641359 0.011744138 -7.570773602 -0.936825931 -0.026650861 0.348779142 -36.863063812
0.360543311 -0.005403135 0.932726800 188.158264160 -0.022959312 0.999628901 0.014665555 -7.565093040 -0.932459831 -0.026702333 0.360285431 -36.617099762
