1.000000000 0.000000000 0.000000000 0.000000000 0.000000000 0.999999940 -0.000000000 0.000000030 0.000000000 -0.000000000 0.999999940 -0.000000002
0.999991238 -0.002499045 -0.003363667 -0.002824721 0.002491718 0.999994457 -0.002180530 -0.005470120 0.003369097 0.002172130 0.999991894 0.666731477
0.999971569 -0.001474800 -0.007388082 -0.011487107 0.001448251 0.999992430 -0.003597617 -0.009849884 0.007393332 0.003586815 0.999966145 1.366310596
0.999935329 -0.001168700 -0.011312479 -0.025715355 0.001111092 0.999986351 -0.005097325 -0.010939700 0.011318286 0.005084427 0.999922931 2.067875147
0.999869943 0.000148339 -0.016127400 -0.047064565 -0.000242157 0.999983013 -0.005815519 -0.014081358 0.016126264 0.005818668 0.999853015 2.794880152
0.999787033 -0.000617154 -0.020627135 -0.061814997 0.000496510 0.999982595 -0.005853389 -0.027784601 0.020630393 0.005841899 0.999770045 3.537819147
0.999683499 0.001142485 -0.025128709 -0.087689981 -0.001323625 0.999973178 -0.007193041 -0.031957351 0.025119817 0.007224026 0.999658287 4.290583134
0.999552071 0.003623711 -0.029706318 -0.122480340 -0.003855570 0.999962449 -0.007751483 -0.043761894 0.029677115 0.007862546 0.999528587 5.051958084
0.999417722 0.003919537 -0.033894740 -0.155641228 -0.004124498 0.999973595 -0.005979177 -0.053249583 0.033870399 0.006115494 0.999407470 5.847005367
0.999253809 0.003389948 -0.038473856 -0.190090999 -0.003526961 0.999987662 -0.003493889 -0.058424830 0.038461536 0.003626979 0.999253511 6.648449421
0.999130964 0.002987454 -0.041575253 -0.231954291 -0.003017922 0.999995172 -0.000670061 -0.066951998 0.041573055 0.000794950 0.999135137 7.454314232
0.999018252 0.004915328 -0.044027388 -0.284769654 -0.004992810 0.999986112 -0.001650074 -0.075680934 0.044018660 0.001868274 0.999028921 8.273458481
0.998927414 0.004431051 -0.046092615 -0.330219507 -0.004523085 0.999987960 -0.001892622 -0.080750197 0.046083670 0.002099073 0.998935342 9.094532967
0.998852134 0.001835709 -0.047865145 -0.370357275 -0.001963925 0.999994636 -0.002631813 -0.086301222 0.047860049 0.002722795 0.998850346 9.928154945
0.998746276 0.001103187 -0.050046232 -0.408375233 -0.001173548 0.999998271 -0.001376566 -0.098476343 0.050044630 0.001433572 0.998745918 10.768418312
0.998663664 -0.000531196 -0.051678859 -0.453610837 0.000445007 0.999998450 -0.001679270 -0.106790483 0.051679675 0.001654028 0.998662353 11.619512558
0.998577118 0.001688143 -0.053297818 -0.506702125 -0.001881697 0.999991775 -0.003581574 -0.120409347 0.053291336 0.003676769 0.998572230 12.477005959
0.998510957 0.002324776 -0.054501954 -0.560598850 -0.002681705 0.999975383 -0.006476695 -0.129377723 0.054485541 0.006613209 0.998492718 13.338243484
0.998403490 0.006152359 -0.056148093 -0.619846821 -0.006613637 0.999945939 -0.008033257 -0.142111316 0.056095619 0.008391775 0.998390079 14.213088989
0.998332679 0.007316031 -0.057255827 -0.672908187 -0.007761035 0.999941349 -0.007553693 -0.154887706 0.057197206 0.007985464 0.998330891 15.109698296
0.998259544 0.006221049 -0.058647569 -0.729307413 -0.006589884 0.999959707 -0.006097683 -0.166660398 0.058607269 0.006473549 0.998260081 15.996608734
0.998186290 0.006919720 -0.059803337 -0.791534066 -0.007216629 0.999962687 -0.004750193 -0.176971316 0.059768230 0.005173155 0.998198807 16.893594742
0.998151600 0.006693354 -0.060404830 -0.854193091 -0.006981727 0.999965310 -0.004564196 -0.194691509 0.060372181 0.004977489 0.998163462 17.798503876
0.998014331 0.006495538 -0.062651545 -0.906128049 -0.006833646 0.999963224 -0.005183846 -0.209985167 0.062615544 0.005601691 0.998022079 18.701583862
0.997978330 0.004976324 -0.063360438 -0.972857118 -0.005341860 0.999969959 -0.005601048 -0.224470317 0.063330665 0.005928186 0.997974992 19.614940643
0.997926950 0.004673541 -0.064185947 -1.027674198 -0.004958318 0.999978662 -0.004278194 -0.231886953 0.064164564 0.004587581 0.997928798 20.531011581
0.997924924 0.006599831 -0.064049236 -1.090371728 -0.006674824 0.999977231 -0.000956967 -0.242732599 0.064041458 0.001382498 0.997946262 21.458536148
0.997973204 0.007728026 -0.063165031 -1.151135325 -0.007565401 0.999967456 0.002813361 -0.252009571 0.063184723 -0.002329790 0.997999132 22.387321472
0.998098254 0.006843771 -0.061262757 -1.219620228 -0.006524608 0.999963999 0.005408256 -0.254889250 0.061297581 -0.004998255 0.998107016 23.322059631
0.998183846 0.006647349 -0.059874170 -1.273184657 -0.006269846 0.999959290 0.006490647 -0.264114350 0.059914876 -0.006103456 0.998184800 24.263879776
0.998263121 0.007017452 -0.058494382 -1.328246593 -0.006816636 0.999970198 0.003631906 -0.270536929 0.058518115 -0.003226862 0.998281062 25.207292557
0.998313725 0.007490177 -0.057565164 -1.389787793 -0.007565345 0.999970675 -0.001087950 -0.276072323 0.057555333 0.001521617 0.998341203 26.146640778
0.998375237 0.007376370 -0.056502499 -1.440580368 -0.007611655 0.999963224 -0.003950072 -0.289867073 0.056471281 0.004373732 0.998394608 27.097747803
0.998432577 0.004663236 -0.055773079 -1.494559884 -0.004843001 0.999983490 -0.003088433 -0.297844619 0.055757754 0.003353701 0.998438597 28.056419373
0.998441756 0.003128551 -0.055717159 -1.553132534 -0.003027686 0.999993622 0.001894599 -0.309184790 0.055722725 -0.001722952 0.998444796 29.027189255
0.998403013 -0.000745284 -0.056487966 -1.603770852 0.001067626 0.999983370 0.005676421 -0.322413802 0.056482792 -0.005727664 0.998387098 29.984088898
0.998296142 -0.008244510 -0.057765700 -1.649825215 0.008555026 0.999950290 0.005130179 -0.329332948 0.057720527 -0.005615624 0.998317003 30.959609985
0.998203874 -0.010648379 -0.058953539 -1.706065297 0.010738252 0.999941587 0.001207867 -0.333184719 0.058937240 -0.001838756 0.998259962 31.927373886
0.998126566 -0.010271023 -0.060314335 -1.769482851 0.010115883 0.999944627 -0.002876995 -0.339491367 0.060340546 0.002261472 0.998175323 32.901607513
0.998033106 -0.008668232 -0.062086403 -1.843997359 0.008461523 0.999957681 -0.003591523 -0.349430025 0.062114906 0.003059113 0.998064160 33.882495880
0.997965813 -0.009199443 -0.063083209 -1.896291137 0.009097281 0.999956787 -0.001906518 -0.365787208 0.063098021 0.001328754 0.998006463 34.863990784
0.997907758 -0.006346265 -0.064340539 -1.965767860 0.006423542 0.999978840 0.000994295 -0.378992289 0.064332880 -0.001405510 0.997927547 35.861488342
0.997837842 -0.005866381 -0.065461747 -2.036532640 0.006028020 0.999979198 0.002271941 -0.390463054 0.065447070 -0.002661634 0.997852445 36.842994690
0.997797370 -0.004696650 -0.066169880 -2.110097885 0.005036808 0.999974847 0.004974776 -0.400213778 0.066144861 -0.005297103 0.997795939 37.817798615
0.997789383 -0.004924427 -0.066275299 -2.169904232 0.005468376 0.999952912 0.008028480 -0.407720238 0.066232651 -0.008373150 0.997769058 38.812149048
0.997766733 0.000829346 -0.066791087 -2.247028112 -0.000151520 0.999948442 0.010152857 -0.406924784 0.066796079 -0.010120061 0.997715294 39.799789429
0.997768342 0.000833058 -0.066766419 -2.324820518 -0.000192591 0.999953985 0.009598492 -0.414053172 0.066771343 -0.009564213 0.997722447 40.780128479
0.997753143 0.000958215 -0.066990539 -2.385612249 -0.000426152 0.999968231 0.007956194 -0.415894747 0.066996045 -0.007909767 0.997721851 41.781806946
0.997761428 0.003188434 -0.066797800 -2.466884136 -0.002823031 0.999980569 0.005563966 -0.418509454 0.066814244 -0.005362937 0.997750998 42.776302338
0.997721195 0.002893496 -0.067409500 -2.543740034 -0.002516114 0.999980688 0.005682573 -0.423972994 0.067424670 -0.005500014 0.997709155 43.752624512
0.997626305 0.000646627 -0.068857722 -2.605620384 -0.000159309 0.999975026 0.007082421 -0.435396880 0.068860576 -0.007054640 0.997601271 44.740253448
0.997571707 0.001020803 -0.069639601 -2.673948526 -0.000448633 0.999966085 0.008231317 -0.442635447 0.069645636 -0.008180086 0.997538209 45.722358704
0.997579396 0.003836680 -0.069431551 -2.754928112 -0.003509677 0.999982178 0.004831101 -0.457964897 0.069448851 -0.004575723 0.997574925 46.682697296
0.997490525 0.004305813 -0.070669129 -2.829604149 -0.004288288 0.999990702 0.000399692 -0.461827487 0.070670195 -0.000095638 0.997499645 47.655529022
0.997416139 0.004503810 -0.071698800 -2.889021635 -0.004570490 0.999989271 -0.000765960 -0.466402918 0.071694575 0.001091679 0.997425914 48.627567291
0.997408569 0.003464331 -0.071862154 -2.960715294 -0.003256317 0.999990225 0.003011575 -0.480149031 0.071871892 -0.002769764 0.997409940 49.608348846
0.997415006 0.001285619 -0.071845420 -3.034986973 -0.000857279 0.999981761 0.005992470 -0.488451868 0.071851805 -0.005915387 0.997397661 50.580513000
0.997379482 -0.001367372 -0.072334453 -3.095850706 0.001851744 0.999976337 0.006629652 -0.496919274 0.072323672 -0.006746224 0.997358322 51.529674530
0.997343481 -0.004517618 -0.072702631 -3.164102554 0.004917908 0.999973714 0.005327790 -0.504130185 0.072676651 -0.005671181 0.997339368 52.488639832
0.997295499 -0.007614533 -0.073099852 -3.229224682 0.007947545 0.999959230 0.004265793 -0.515364468 0.073064387 -0.004835221 0.997315466 53.439994812
0.997205973 -0.008990935 -0.074158013 -3.300928354 0.009405505 0.999941885 0.005243035 -0.522254944 0.074106582 -0.005925879 0.997232735 54.395637512
0.997075617 -0.012187509 -0.075443186 -3.369843006 0.012929098 0.999872744 0.009349175 -0.527119040 0.075319640 -0.010297248 0.997106194 55.342967987
0.997023940 -0.012645736 -0.076048963 -3.435001135 0.013803005 0.999796510 0.014711078 -0.535381913 0.075847454 -0.015717002 0.996995509 56.289642334
0.997031629 -0.010947087 -0.076211244 -3.519143105 0.012259370 0.999784231 0.016772509 -0.533699930 0.076011203 -0.017657023 0.996950567 57.235027313
0.996920347 -0.009413862 -0.077853158 -3.593685627 0.010407825 0.999869227 0.012371239 -0.531504869 0.077726528 -0.013143422 0.996887982 58.165939331
0.996833622 -0.007772767 -0.079136059 -3.668955803 0.008191302 0.999954045 0.004965525 -0.539204359 0.079093829 -0.005598030 0.996851385 59.068157196
0.996756494 -0.006595717 -0.080205649 -3.747000694 0.006639911 0.999977946 0.000284300 -0.548680961 0.080201983 -0.000815937 0.996778250 60.005607605
0.996732056 -0.001359115 -0.080767982 -3.834763527 0.001441000 0.999998569 0.000955552 -0.557127595 0.080766551 -0.001068816 0.996732414 60.904914856
0.996596754 0.001276508 -0.082421765 -3.915380239 -0.000981404 0.999992967 0.003620818 -0.572403252 0.082425810 -0.003527606 0.996590853 61.805286407
0.996524274 0.003551630 -0.083227947 -3.988990307 -0.003151668 0.999982834 0.004936520 -0.584490001 0.083244048 -0.004657053 0.996518433 62.678447723
0.996423364 0.003978658 -0.084407523 -4.066341400 -0.003601050 0.999982774 0.004625410 -0.591331720 0.084424473 -0.004304911 0.996420562 63.544940948
0.996286571 0.005936645 -0.085893549 -4.146547794 -0.005457526 0.999968171 0.005811796 -0.605352044 0.085925311 -0.005321447 0.996287346 64.394424438
0.996152222 0.006888934 -0.087368429 -4.223119259 -0.006348676 0.999958992 0.006460049 -0.617098689 0.087409355 -0.005880518 0.996155083 65.234848022
0.996034503 0.006823982 -0.088705920 -4.296483994 -0.006244966 0.999957383 0.006803248 -0.625398636 0.088748537 -0.006222304 0.996034622 66.042617798
0.995934546 0.006297065 -0.089860469 -4.369589806 -0.005620943 0.999953985 0.007775221 -0.629763365 0.089905284 -0.007238509 0.995923996 66.848449707
0.995790541 0.008940356 -0.091220640 -4.445698738 -0.008015364 0.999912798 0.010501473 -0.636276841 0.091306537 -0.009726100 0.995775342 67.642944336
0.995645225 0.010864737 -0.092587627 -4.529055595 -0.009529330 0.999844253 0.014853096 -0.645411491 0.092734590 -0.013906117 0.995593727 68.434883118
0.995444953 0.013780316 -0.094336219 -4.609314442 -0.012287855 0.999790251 0.016383303 -0.643697262 0.094542198 -0.015149490 0.995405495 69.210830688
0.995315611 0.016911512 -0.095187873 -4.695156574 -0.015804404 0.999798536 0.012372752 -0.653660595 0.095377952 -0.010810405 0.995382369 69.952194214
0.995205522 0.017029461 -0.096311212 -4.770994186 -0.016609052 0.999848664 0.005165153 -0.660809338 0.096384622 -0.003540751 0.995337844 70.675750732
0.995041192 0.016092408 -0.098154128 -4.839271545 -0.016235659 0.999867976 -0.000660802 -0.668151498 0.098130547 0.002251122 0.995171010 71.382591248
0.994999886 0.016581835 -0.098489746 -4.912028790 -0.016864376 0.999855757 -0.002036807 -0.670239508 0.098441757 0.003687591 0.995135963 72.071434021
0.994875014 0.019567817 -0.099200286 -4.991153240 -0.019494055 0.999808490 0.001712890 -0.683760285 0.099214785 0.000229705 0.995065928 72.751464844
0.994779408 0.020077644 -0.100053191 -5.068088055 -0.019768622 0.999796331 0.004079108 -0.699009001 0.100114688 -0.002079899 0.994973660 73.411064148
0.994745553 0.016711934 -0.101003341 -5.129938602 -0.016724585 0.999859869 0.000721548 -0.708156943 0.101001225 0.000971483 0.994885802 74.038391113
0.994775832 0.008507907 -0.101727888 -5.172784805 -0.008985299 0.999950528 -0.004235539 -0.726658106 0.101686813 0.005127467 0.994803250 74.647842407
0.994899094 0.004674355 -0.100766636 -5.226909161 -0.005624884 0.999942183 -0.009150915 -0.732798517 0.100718051 0.009671037 0.994867980 75.245223999
0.995187819 0.006645702 -0.097760059 -5.286158562 -0.007619747 0.999924839 -0.009593652 -0.740612984 0.097688958 0.010292392 0.995163739 75.830955505
0.995553017 0.011822685 -0.093458571 -5.347987652 -0.012457306 0.999903083 -0.006209913 -0.759285212 0.093376093 0.007346539 0.995603740 76.392356873
0.995977461 0.010176274 -0.089024678 -5.395001411 -0.010495078 0.999939978 -0.003113715 -0.768780947 0.088987663 0.004035511 0.996024489 76.949752808
0.996510148 0.006640309 -0.083207369 -5.432876587 -0.006609000 0.999977946 0.000651704 -0.773013592 0.083209857 -0.000099511 0.996531963 77.497123718
0.997192025 0.001977389 -0.074860521 -5.463445187 -0.001646180 0.999988437 0.004485806 -0.790477753 0.074868515 -0.004349977 0.997183800 78.023979187
0.997910142 0.005753042 -0.064360678 -5.489059448 -0.005497556 0.999976277 0.004145992 -0.797438025 0.064383045 -0.003783502 0.997918069 78.539566040
0.998727500 0.011017026 -0.049213763 -5.517354965 -0.010853359 0.999934673 0.003591625 -0.803300560 0.049250133 -0.003052919 0.998781741 79.043258667
0.999390006 0.016023559 -0.031031344 -5.532402039 -0.015903292 0.999864995 0.004118758 -0.807888567 0.031093176 -0.003622744 0.999509931 79.541458130
0.999856472 0.014581107 -0.008632522 -5.524889946 -0.014537927 0.999881566 0.005043919 -0.818548083 0.008705050 -0.004917695 0.999949932 80.018852234
0.999789357 0.011143808 0.017235681 -5.488565445 -0.011246642 0.999919415 0.005881072 -0.823636830 -0.017168753 -0.006073677 0.999834120 80.470726013
0.998867452 0.010017872 0.046514504 -5.441146851 -0.010381181 0.999917388 0.007575670 -0.832608283 -0.046434771 -0.008049965 0.998888850 80.927917480
0.996759295 0.009478662 0.079881288 -5.388683796 -0.010262083 0.999903083 0.009402495 -0.843168020 -0.079784423 -0.010191773 0.996759892 81.379577637
0.993049324 0.009728755 0.117296264 -5.310641289 -0.010936570 0.999893486 0.009657885 -0.844135582 -0.117189825 -0.010873575 0.993049979 81.819671631
0.987208486 0.009456470 0.159153730 -5.226396561 -0.011094351 0.999894142 0.009405803 -0.848847091 -0.159047961 -0.011051196 0.987208962 82.220207214
0.978847444 0.009083067 0.204389483 -5.111814499 -0.011210241 0.999894261 0.009251990 -0.853440404 -0.204283834 -0.011347543 0.978845894 82.637550354
0.967320621 0.011307895 0.253304154 -4.979259491 -0.013574766 0.999881804 0.007203157 -0.861303806 -0.253192782 -0.010406304 0.967359841 83.035858154
0.951753557 0.012355510 0.306614578 -4.826650620 -0.014442995 0.999885261 0.004540152 -0.869572639 -0.306523323 -0.008749539 0.951822937 83.423774719
0.932001650 0.012820625 0.362227082 -4.643371582 -0.014528280 0.999892473 0.001990843 -0.869976401 -0.362162560 -0.007118007 0.932087779 83.792839050
0.907826662 0.012406464 0.419162124 -4.448486328 -0.013848071 0.999903977 0.000396916 -0.880608439 -0.419117004 -0.006164916 0.907911241 84.127349854
0.878960729 0.013226933 0.476710647 -4.237785339 -0.013967083 0.999900460 -0.001990930 -0.881890059 -0.476689577 -0.004908309 0.879057944 84.424415588
0.845402777 0.012172857 0.533990562 -3.997138977 -0.011730142 0.999922276 -0.004223324 -0.886570811 -0.534000456 -0.002693378 0.845479846 84.727729797
0.808423758 0.011592337 0.588486671 -3.736648560 -0.010525461 0.999930859 -0.005238012 -0.898970962 -0.588506639 -0.001959560 0.808489919 85.016052246
0.768252671 0.010530508 0.640060008 -3.461563110 -0.009810833 0.999940991 -0.004675633 -0.905137181 -0.640071511 -0.002687456 0.768310547 85.289230347
0.726169527 0.010242560 0.687439322 -3.165088654 -0.011118423 0.999933243 -0.003153751 -0.906224310 -0.687425673 -0.005353084 0.726234972 85.527252197
0.681621611 0.008993638 0.731649399 -2.860309601 -0.009596952 0.999948263 -0.003350894 -0.910827935 -0.731641769 -0.004737562 0.681672812 85.740585327
0.635690331 0.007288246 0.771909714 -2.531433105 -0.006326149 0.999971032 -0.004231793 -0.922782779 -0.771918178 -0.002193106 0.635717988 85.939773560
0.589436293 0.004264278 0.807803512 -2.202377319 -0.000079028 0.999986351 -0.005221117 -0.929892659 -0.807814777 0.003013677 0.589428604 86.112808228
0.542934597 0.005980492 0.839753509 -1.868232727 -0.002305447 0.999981523 -0.005631025 -0.943481445 -0.839771628 0.001121272 0.542938411 86.278686523
0.496127099 0.009439345 0.868198514 -1.529537201 -0.005608656 0.999954879 -0.007666809 -0.943786621 -0.868231773 -0.001065715 0.496157706 86.432228088
0.450799465 0.010950215 0.892557979 -1.189079285 -0.006164063 0.999939084 -0.009154353 -0.957581520 -0.892603815 -0.001375006 0.450839460 86.564315796
0.408323288 0.008995546 0.912793040 -0.834997177 0.000769504 0.999947667 -0.010198677 -0.959990263 -0.912836969 0.004866755 0.408295035 86.675735474
0.367411762 0.001503381 0.930057168 -0.462053299 0.014762352 0.999863267 -0.007447971 -0.968548715 -0.929941237 0.016466305 0.367339313 86.791091919
0.332345426 -0.003553376 0.943150997 -0.094980240 0.018921670 0.999816716 -0.002900709 -0.987732530 -0.942968011 0.018810028 0.332351714 86.877975464
0.298711002 0.001720970 0.954342067 0.268648148 0.016290903 0.999843478 -0.006902107 -0.980835319 -0.954204619 0.017608825 0.298636198 86.977287292
0.267807961 0.009310871 0.963427365 0.639928818 0.005760676 0.999919891 -0.011264870 -0.993989825 -0.963455081 0.008566815 0.267732918 87.077346802
0.239487112 0.013906969 0.970800042 1.018039703 0.000309232 0.999896228 -0.014400068 -1.011969805 -0.970899463 0.003748833 0.239457995 87.162101746
0.213709980 0.015520248 0.976773918 1.408382416 0.001699675 0.999866366 -0.016259048 -1.025666237 -0.976895690 0.005134919 0.213655010 87.227478027
0.190153450 0.016931316 0.981608391 1.818759918 0.008819799 0.999781430 -0.018953316 -1.034837842 -0.981714725 0.012261625 0.189962566 87.285438538
0.170275733 0.022969186 0.985128760 2.231269836 0.015786869 0.999536276 -0.026033817 -1.037581563 -0.985270023 0.019985024 0.169834197 87.325195312
0.150432959 0.030240428 0.988157570 2.654803276 0.018047052 0.999281466 -0.033328246 -1.029847503 -0.988455355 0.022846997 0.149779126 87.380111694
0.132672176 0.030876581 0.990678906 3.095993042 0.015941089 0.999318838 -0.033280697 -1.042706370 -0.991031706 0.020207915 0.132089585 87.437141418
0.117527008 0.026595017 0.992713571 3.557614326 0.013640044 0.999503732 -0.028391769 -1.066692114 -0.992975950 0.016877454 0.117105931 87.484367371
0.102960490 0.023340173 0.994411528 4.023341179 0.014111928 0.999589920 -0.024922844 -1.084984303 -0.994585335 0.016599135 0.102588855 87.524902344
0.089796267 0.020785978 0.995743275 4.503409863 0.016454298 0.999614835 -0.022350645 -1.100638628 -0.995824218 0.018391263 0.089419641 87.554084778
0.078142114 0.019870037 0.996744215 4.999082088 0.020081572 0.999567151 -0.021500656 -1.116771579 -0.996739924 0.021696297 0.077709235 87.581123352
0.067965351 0.020539051 0.997476399 5.516639233 0.023333905 0.999481976 -0.022170261 -1.131425142 -0.997414827 0.024781827 0.067450851 87.610778809
0.060197204 0.021235019 0.997960508 6.037265778 0.025330234 0.999419332 -0.022793978 -1.143600583 -0.997865021 0.026650716 0.059624359 87.632896423
0.054579355 0.021482421 0.998278320 6.587090015 0.027031858 0.999370277 -0.022983843 -1.159024477 -0.998143435 0.028239759 0.053964268 87.658821106
0.048955187 0.022457724 0.998548508 7.149348259 0.028413294 0.999311328 -0.023867881 -1.176220775 -0.998396695 0.029540509 0.048283365 87.683212280
0.043108664 0.023300171 0.998798668 7.734717369 0.029053185 0.999275982 -0.024565255 -1.189236164 -0.998647809 0.030077256 0.042400509 87.703201294
0.038719736 0.023057254 0.998984098 8.336323738 0.031680748 0.999202847 -0.024290219 -1.207424283 -0.998747706 0.032589067 0.037958398 87.720916748
0.035746917 0.023308398 0.999089062 8.957449913 0.032879233 0.999159336 -0.024486445 -1.224027395 -0.998819828 0.033724591 0.034950502 87.741279602
0.032635145 0.022740427 0.999208629 9.595878601 0.033818658 0.999143541 -0.023843497 -1.242403269 -0.998894870 0.034570035 0.031838141 87.758918762
0.030188382 0.022091545 0.999300063 10.252461433 0.035722949 0.999093115 -0.023166148 -1.262687206 -0.998905599 0.036397297 0.029371832 87.778549194
0.029528148 0.021745736 0.999327362 10.928316116 0.040522862 0.998915315 -0.022934139 -1.281201720 -0.998742163 0.041172814 0.028614923 87.791107178
0.030706553 0.021387562 0.999299586 11.622234344 0.043824017 0.998780668 -0.022723092 -1.298853517 -0.998567224 0.044491079 0.029731825 87.805160522
0.033001870 0.021401625 0.999226093 12.326113701 0.045410667 0.998706102 -0.022890283 -1.315675020 -0.998423219 0.046130948 0.031987306 87.827880859
0.036728386 0.021216203 0.999100029 13.048705101 0.048019677 0.998582125 -0.022970477 -1.337829590 -0.998170912 0.048820131 0.035657518 87.855979919
0.041367300 0.020636505 0.998930931 13.791568756 0.048478499 0.998567641 -0.022636577 -1.360147476 -0.997967243 0.049363080 0.040307622 87.882919312
0.045014210 0.019195603 0.998802066 14.545350075 0.049895383 0.998524249 -0.021438971 -1.377126098 -0.997739553 0.050800666 0.043990016 87.924179077
0.048967928 0.017446425 0.998647988 15.318464279 0.049779430 0.998562217 -0.019885827 -1.399011135 -0.997559130 0.050685901 0.048029047 87.967720032
0.053448446 0.015397972 0.998451948 16.102691650 0.046793018 0.998744071 -0.017907374 -1.417793751 -0.997473717 0.047677696 0.052660801 88.013671875
0.057148069 0.014327134 0.998262823 16.888710022 0.045810442 0.998806179 -0.016957467 -1.438922048 -0.997314155 0.046699956 0.056423519 88.060844421
0.061063655 0.015521588 0.998013139 17.689670563 0.043103945 0.998905241 -0.018172784 -1.457306862 -0.997202754 0.044127990 0.060327776 88.122703552
0.064288266 0.019116728 0.997748256 18.486024857 0.040928315 0.998924673 -0.021776417 -1.488609552 -0.997091651 0.042236123 0.063436724 88.173454285
0.065738842 0.024526842 0.997535408 19.277050018 0.034901049 0.999029636 -0.026863607 -1.512671471 -0.997226298 0.036581010 0.064819038 88.236801147
0.065495275 0.027686557 0.997468710 20.118045807 0.032173019 0.999036670 -0.029842604 -1.542539477 -0.997334063 0.034046132 0.064541414 88.302650452
0.065345764 0.027790530 0.997475624 20.928285599 0.029972907 0.999106407 -0.029799519 -1.565267563 -0.997412384 0.031844519 0.064454414 88.369682312
0.065336145 0.026238946 0.997518301 21.740116119 0.027205814 0.999235749 -0.028066067 -1.594791412 -0.997492373 0.028972028 0.064572364 88.428962708
0.064908653 0.024666511 0.997586250 22.578155518 0.027600188 0.999267697 -0.026503900 -1.635177374 -0.997509360 0.029253904 0.064180322 88.494308472
0.065728299 0.023455869 0.997561693 23.400938034 0.025206616 0.999365568 -0.025159117 -1.674460411 -0.997519016 0.026798826 0.065095335 88.546302795
0.065955751 0.023935402 0.997535348 24.214134216 0.023553070 0.999396384 -0.025537349 -1.703505993 -0.997544467 0.025179356 0.065352172 88.605705261
0.066169865 0.024496134 0.997507572 25.032314301 0.020506367 0.999454081 -0.025904221 -1.735619307 -0.997597516 0.022169342 0.065631382 88.665824890
0.064946070 0.025664248 0.997558653 25.835054398 0.017491654 0.999486268 -0.026852628 -1.771521807 -0.997735441 0.019192927 0.064463802 88.724327087
0.061828602 0.025606476 0.997758269 26.667947769 0.015370335 0.999527931 -0.026604353 -1.797418594 -0.997968376 0.016980790 0.061405826 88.783935547
0.058308907 0.024306927 0.998002648 27.479749680 0.012853216 0.999602318 -0.025096847 -1.828827620 -0.998215795 0.014290911 0.057973292 88.834175110
0.052980427 0.021483582 0.998364389 28.293985367 0.011035808 0.999694765 -0.022097852 -1.862973213 -0.998534560 0.012188510 0.052727170 88.887084961
0.047428250 0.019846847 0.998677492 29.112434387 0.009238669 0.999751091 -0.020306943 -1.886230707 -0.998831987 0.010189573 0.047233082 88.920372009
0.039774515 0.020274537 0.999002993 29.916387558 0.008867852 0.999747574 -0.020642718 -1.912816048 -0.999169350 0.009680063 0.039584696 88.955276489
0.031159632 0.021100922 0.999291658 30.720899582 0.008321977 0.999737024 -0.021369815 -1.942395687 -0.999479771 0.008981956 0.030975835 88.979293823
0.021042166 0.021480100 0.999547839 31.526603699 0.008647829 0.999727845 -0.021666022 -1.970599651 -0.999741197 0.009099818 0.020850683 88.998672485
0.010943540 0.020580806 0.999728322 32.326004028 0.010116736 0.999734640 -0.020691684 -1.995587826 -0.999888957 0.010340425 0.010732426 89.004249573
0.000017427 0.019628365 0.999807358 33.119037628 0.008873725 0.999767959 -0.019627748 -2.025480032 -0.999960661 0.008872357 -0.000156758 89.006271362
-0.011188979 0.018840063 0.999759853 33.913391113 0.010724420 0.999767244 -0.018720178 -2.049080849 -0.999879837 0.010512385 -0.011388428 88.995193481
-0.022026176 0.019005753 0.999576688 34.695682526 0.010728891 0.999766231 -0.018772939 -2.076037884 -0.999699831 0.010310855 -0.022224937 88.974205017
-0.032993212 0.019776538 0.999260008 35.469814301 0.011301903 0.999747634 -0.019413034 -2.101447344 -0.999391615 0.010653039 -0.033208400 88.946022034
-0.043437500 0.020720698 0.998841226 36.241901398 0.010679891 0.999737322 -0.020274844 -2.130186558 -0.998999000 0.009786827 -0.043647382 88.908340454
-0.054145973 0.021895485 0.998292923 37.023433685 0.011376050 0.999708116 -0.021309510 -2.153687000 -0.998468161 0.010202806 -0.054379247 88.875625610
-0.063630901 0.022700263 0.997715354 37.784744263 0.012510817 0.999680877 -0.021947086 -2.179086447 -0.997895062 0.011085719 -0.063894592 88.823730469
-0.073174343 0.022971950 0.997054636 38.546810150 0.012705852 0.999675035 -0.022099836 -2.207190990 -0.997238278 0.011051288 -0.073442437 88.761367798
-0.082689151 0.023593120 0.996296108 39.294372559 0.013539051 0.999653995 -0.022548949 -2.228865862 -0.996483386 0.011624346 -0.082979962 88.708930969
-0.091221035 0.022900764 0.995567322 40.026496887 0.014712808 0.999657393 -0.021646759 -2.255677938 -0.995721877 0.012672952 -0.091526709 88.637474060
-0.098632149 0.021673303 0.994887948 40.762290955 0.016146753 0.999665976 -0.020176621 -2.283757448 -0.994992971 0.014074146 -0.098949149 88.565414429
-0.103676684 0.020241661 0.994405150 41.480567932 0.019628562 0.999639690 -0.018301746 -2.308492661 -0.994417310 0.017621279 -0.104036644 88.480247498
-0.107295625 0.018792704 0.994049489 42.199287415 0.022187378 0.999617755 -0.016503111 -2.329732418 -0.993979514 0.020284645 -0.107671544 88.392631531
-0.109882109 0.017643398 0.993788004 42.898479462 0.023967404 0.999598801 -0.015096510 -2.351190329 -0.993655562 0.022159684 -0.110260881 88.312805176
-0.111886330 0.016925994 0.993576944 43.591960907 0.023512881 0.999620080 -0.014381168 -2.371606588 -0.993442774 0.021752797 -0.112241834 88.236984253
-0.112608992 0.017656391 0.993482530 44.257755280 0.024713360 0.999582648 -0.014963603 -2.388297558 -0.993332028 0.022867253 -0.112998351 88.162315369
-0.111506931 0.018475117 0.993591964 44.915031433 0.025396148 0.999553561 -0.015735859 -2.412772655 -0.993439078 0.023478750 -0.111926362 88.083572388
-0.108639702 0.020398278 0.993871987 45.549156189 0.026335357 0.999497533 -0.017635034 -2.431044817 -0.993732214 0.024258103 -0.109122314 88.020263672
-0.103349254 0.020757750 0.994428635 46.174400330 0.026296688 0.999489725 -0.018130429 -2.453527212 -0.994297445 0.024276406 -0.103842378 87.958961487
-0.095613487 0.021146111 0.995193958 46.762321472 0.026008643 0.999486089 -0.018738525 -2.478911400 -0.995078623 0.024091985 -0.096114330 87.904724121
-0.084211461 0.021133173 0.996223807 47.343147278 0.025012318 0.999504864 -0.019088466 -2.500362873 -0.996133745 0.023310393 -0.084698357 87.862014771
-0.070906058 0.021205129 0.997257650 47.890869141 0.024235275 0.999515533 -0.019529983 -2.526229858 -0.997188568 0.022784015 -0.071385615 87.834495544
-0.053771496 0.022292683 0.998304427 48.432552338 0.022681534 0.999520063 -0.021098137 -2.551547050 -0.998295546 0.021508593 -0.054251328 87.821838379
-0.032394890 0.024922997 0.999164402 48.966838837 0.020689292 0.999491572 -0.024260370 -2.573049784 -0.999260962 0.019886089 -0.032894053 87.817398071
-0.007583348 0.028031951 0.999578297 49.490291595 0.018758751 0.999435127 -0.027885621 -2.595078945 -0.999795258 0.018539373 -0.008104911 87.831260681
0.020855922 0.029583406 0.999344766 50.007499695 0.016776139 0.999411047 -0.029935479 -2.616565228 -0.999641716 0.017389478 0.020347338 87.859329224
0.053565886 0.028978078 0.998143733 50.510227203 0.013996074 0.999458849 -0.029767364 -2.640419245 -0.998466194 0.015564616 0.053131312 87.913642883
0.092715919 0.026602253 0.995337188 50.979465485 0.013688626 0.999514461 -0.027989000 -2.661797523 -0.995598435 0.016219825 0.092306748 87.954429626
0.134604126 0.023145221 0.990629077 51.512283325 0.011974341 0.999616086 -0.024982236 -2.677337646 -0.990827024 0.015224844 0.134275287 88.056205750
0.179837763 0.018810300 0.983516395 52.000682831 0.009312850 0.999739766 -0.020823451 -2.697656631 -0.983652115 0.012904185 0.179615781 88.173332214
0.228593618 0.015335601 0.973401129 52.486923218 0.004946027 0.999844670 -0.016913734 -2.716120243 -0.973509371 0.008680841 0.228482246 88.312942505
0.280600578 0.014337998 0.959717512 52.947921753 0.001368254 0.999881446 -0.015338085 -2.728381634 -0.959823549 0.005617015 0.280547678 88.476890564
0.335137010 0.013906732 0.942066789 53.398582458 0.000144185 0.999890387 -0.014811612 -2.746070862 -0.942169249 0.005099753 0.335098207 88.671836853
0.392094672 0.014219993 0.919815004 53.823886871 0.002532819 0.999859989 -0.016537135 -2.760535240 -0.919921339 0.008813846 0.392003745 88.888534546
0.452829689 0.016881540 0.891437173 54.240852356 0.003567969 0.999778450 -0.020745689 -2.782762527 -0.891589820 0.012574886 0.452669084 89.124832153
0.512893975 0.020754987 0.858201087 54.639839172 0.004412377 0.999630749 -0.026812373 -2.793914557 -0.858440578 0.017538611 0.512612998 89.391250610
0.572021961 0.025405206 0.819844842 54.997051239 0.000948621 0.999499083 -0.031634171 -2.797227383 -0.820237815 0.018873163 0.571711183 89.671401978
0.624515891 0.028288085 0.780499697 55.308197021 -0.003544889 0.999436200 -0.033386700 -2.818108082 -0.781004071 0.018083731 0.624264061 90.023315430
0.677711606 0.028815590 0.734763086 55.633026123 -0.005107441 0.999392271 -0.034482833 -2.838130474 -0.735310078 0.019616654 0.677446842 90.367584229
0.726703227 0.025997570 0.686459541 55.928604126 -0.004868984 0.999453485 -0.032696847 -2.862864971 -0.686934352 0.020418540 0.726432562 90.728759766
0.770786107 0.023716433 0.636652470 56.166839600 -0.007711541 0.999580920 -0.027899925 -2.871482372 -0.637047291 0.016595300 0.770645976 91.108787537
0.812841952 0.019377468 0.582161844 56.430065155 -0.008193184 0.999727964 -0.021836597 -2.872688770 -0.582426548 0.012979942 0.812779546 91.516738892
0.849503577 0.017275589 0.527299881 56.648941040 -0.010638318 0.999821424 -0.015617710 -2.880899429 -0.527475476 0.007657716 0.849535763 91.939781189
0.880268097 0.014224275 0.474263370 56.828338623 -0.011656183 0.999897182 -0.008354527 -2.888902903 -0.474333376 0.001826124 0.880343318 92.372940063
0.905894220 0.015267908 0.423228890 56.987617493 -0.015621573 0.999874532 -0.002633335 -2.903011799 -0.423215985 -0.004225980 0.906018913 92.801994324
0.925598025 0.016751232 0.378137231 57.094802856 -0.018754845 0.999822795 0.001616297 -2.924718618 -0.378043145 -0.008587949 0.925747991 93.196800232
0.940696537 0.022232383 0.338519931 57.217727661 -0.025103170 0.999676406 0.004103979 -2.929841042 -0.338319063 -0.012358523 0.940950274 93.647163391
0.952582955 0.026426114 0.303129464 57.329940796 -0.028784124 0.999580145 0.003312936 -2.931783676 -0.302914619 -0.011881164 0.952943563 94.107772827
0.961666167 0.028884923 0.272697508 57.432327271 -0.030968530 0.999514878 0.003338788 -2.930479527 -0.272468746 -0.011655842 0.962094069 94.572601318
0.967721224 0.023515882 0.250923812 57.541191101 -0.025202593 0.999676228 0.003510300 -2.934089422 -0.250760019 -0.009720925 0.968000412 95.040641785
0.971656084 0.020720085 0.235489517 57.647567749 -0.022385603 0.999739707 0.004401114 -2.944612980 -0.235337034 -0.009547946 0.971866965 95.523651123
0.974538982 0.025093649 0.222809628 57.738922119 -0.026727600 0.999633372 0.004320459 -2.951094389 -0.222619504 -0.010165622 0.974852443 96.022911072
0.976546586 0.030584237 0.213123515 57.829200745 -0.032434255 0.999460399 0.005188634 -2.951481581 -0.212849796 -0.011979446 0.977011502 96.534561157
0.977539122 0.037241425 0.207438096 57.919609070 -0.038701408 0.999246359 0.002982931 -2.939110994 -0.207170680 -0.010944078 0.978243589 97.027282715
0.978006124 0.043492876 0.203991309 58.021350861 -0.044318326 0.999017358 -0.000522269 -2.942821264 -0.203813523 -0.008529770 0.978972554 97.515014648
0.978133380 0.045103699 0.203028813 58.129302979 -0.045439370 0.998962581 -0.003010132 -2.953138828 -0.202953935 -0.006281188 0.979168117 98.045303345
0.977600515 0.043620642 0.205899253 58.238521576 -0.043136273 0.999045730 -0.006843056 -2.956138611 -0.206001282 -0.002191950 0.978549302 98.589523315
0.976902485 0.042807925 0.209354237 58.363067627 -0.041043840 0.999075770 -0.012765655 -2.972181559 -0.209707215 0.003878099 0.977756560 99.143684387
0.975945354 0.042423423 0.213848144 58.479133606 -0.039518002 0.999059558 -0.017844981 -2.970410824 -0.214404091 0.008964870 0.976703882 99.705009460
0.974812329 0.047020372 0.218013957 58.607975006 -0.044246618 0.998865724 -0.017590143 -2.976961374 -0.218593776 0.007500710 0.975787103 100.272109985
0.973352432 0.050356921 0.223716944 58.733253479 -0.048491947 0.998727858 -0.013825987 -2.986564159 -0.224128574 0.002609089 0.974556088 100.862228394
0.972428679 0.047018953 0.228411481 58.879142761 -0.046086408 0.998893023 -0.009417949 -2.993103027 -0.228601471 -0.001368382 0.973519206 101.463340759
0.971704066 0.042857997 0.232281178 59.027648926 -0.043179955 0.999060512 -0.003700674 -3.006855726 -0.232221544 -0.006433931 0.972641766 102.089042664
0.970774770 0.040770195 0.236504287 59.171218872 -0.042194761 0.999108970 0.000962939 -3.015860081 -0.236254320 -0.010914037 0.971629977 102.715095520
0.970384598 0.035513889 0.238940388 59.343688965 -0.037032843 0.999312282 0.001869236 -3.026216984 -0.238709688 -0.010662520 0.971032441 103.342338562
0.970372379 0.032160383 0.239464715 59.502967834 -0.032802939 0.999460995 -0.001302834 -3.032787323 -0.239377528 -0.006590913 0.970904231 103.987373352
0.970589936 0.031258401 0.238701046 59.668067932 -0.030163577 0.999511063 -0.008238962 -3.042058706 -0.238841832 0.000796575 0.971058190 104.631164551
0.970713973 0.033475410 0.237894893 59.821243286 -0.030849632 0.999415100 -0.014753034 -3.052081108 -0.238249645 0.006982004 0.971178830 105.284385681
0.971270502 0.036268659 0.235198349 59.975585938 -0.032771777 0.999286830 -0.018760877 -3.062194109 -0.235711053 0.010514019 0.971766353 105.963546753
0.971896589 0.035112195 0.232775301 60.145595551 -0.032676827 0.999363422 -0.014311414 -3.068390131 -0.233129635 0.006302853 0.972425222 106.647491455
0.972357869 0.031000847 0.231428921 60.313301086 -0.030249499 0.999519229 -0.006795205 -3.082691431 -0.231528357 -0.000393238 0.972828090 107.356933594
0.972960413 0.031289551 0.228843063 60.477691650 -0.031949420 0.999489009 -0.000821733 -3.097846985 -0.228751868 -0.006511890 0.973462999 108.078651428
0.973189056 0.035128705 0.227308586 60.635185242 -0.035769355 0.999359131 -0.001301556 -3.110054255 -0.227208614 -0.006864023 0.973821938 108.800468445
0.973448217 0.040441852 0.225306854 60.789108276 -0.040088154 0.999177217 -0.006146432 -3.112350941 -0.225370035 -0.003048903 0.974268556 109.529777527
0.974303007 0.041395076 0.221405208 60.950157166 -0.039835904 0.999139905 -0.011504878 -3.120694637 -0.221691027 0.002389360 0.975113988 110.266716003
0.975257397 0.039672069 0.217483744 61.117061615 -0.037452858 0.999195635 -0.014318320 -3.134350061 -0.217876881 0.005818660 0.975958943 111.022140503
0.976236999 0.037516791 0.213433474 61.285316467 -0.035640802 0.999284685 -0.012632039 -3.148535252 -0.213754743 0.004724924 0.976875961 111.790748596
0.977067173 0.034092542 0.210184216 61.448699951 -0.032567628 0.999412060 -0.010713169 -3.162390232 -0.210425854 0.003622286 0.977603197 112.569412231
0.977454424 0.032700893 0.208599046 61.615432739 -0.031788114 0.999464869 -0.007727576 -3.180319309 -0.208740145 0.000922383 0.977970719 113.361717224
0.977827609 0.029230647 0.207361415 61.784835815 -0.028695606 0.999572575 -0.005588335 -3.188329697 -0.207436159 -0.000485933 0.978248358 114.162155151
0.978043497 0.024341261 0.206974790 61.954772949 -0.023984335 0.999703348 -0.004233987 -3.200497627 -0.207016483 -0.000823129 0.978337169 114.956497192
0.978139579 0.025415037 0.206390649 62.123443604 -0.025378233 0.999673963 -0.002826180 -3.209177256 -0.206395179 -0.002473431 0.978465617 115.770492554
0.977947652 0.030573342 0.206600055 62.289535522 -0.030260278 0.999531150 -0.004675864 -3.219806433 -0.206646129 -0.001679024 0.978414357 116.590789795
0.977629185 0.036473360 0.207149640 62.448230743 -0.035567533 0.999334514 -0.008096710 -3.229513884 -0.207307100 0.000547779 0.978275776 117.404174805
0.977051914 0.044918675 0.208211586 62.606220245 -0.043902494 0.998990655 -0.009501506 -3.243314981 -0.208428204 0.000142457 0.978037715 118.220214844
0.976153672 0.050873704 0.211035103 62.770828247 -0.050115976 0.998703361 -0.008940876 -3.261000633 -0.211216286 -0.001848562 0.977437615 119.037124634
0.975330651 0.053637423 0.214133307 62.939239502 -0.053331580 0.998550773 -0.007209336 -3.273483515 -0.214209646 -0.004388581 0.976777852 119.872184753
0.974725366 0.054655716 0.216617629 63.117439270 -0.054244287 0.998496771 -0.007849176 -3.292938471 -0.216721013 -0.004099478 0.976224959 120.700531006
0.974400222 0.052675869 0.218562469 63.297637939 -0.051559109 0.998611271 -0.010813912 -3.300833225 -0.218828589 -0.000731809 0.975763142 121.546363831
0.974425793 0.046461452 0.219853461 63.496726990 -0.045501936 0.998919725 -0.009428983 -3.320986509 -0.220054001 -0.000815913 0.975487351 122.379486084
0.974636793 0.039836913 0.220218360 63.688034058 -0.038374316 0.999203801 -0.010917231 -3.339689732 -0.220477909 0.002189608 0.975389481 123.211860657
0.974400997 0.039354458 0.221345499 63.875740051 -0.037879813 0.999222875 -0.010904833 -3.361044884 -0.221602589 0.002241155 0.975134432 124.038803101
0.973863184 0.041705627 0.223273814 64.062438965 -0.040949043 0.999128997 -0.008019485 -3.374586344 -0.223413765 -0.001332968 0.974722803 124.876335144
0.973463714 0.043857902 0.224599048 64.248748779 -0.044490431 0.999007285 -0.002246398 -3.394292116 -0.224474624 -0.007805721 0.974448681 125.713233948
0.973091662 0.047473662 0.225474820 64.428504944 -0.049094088 0.998792887 0.001581947 -3.407390833 -0.225127578 -0.012608860 0.974247694 126.541122437
0.972912729 0.046591725 0.226428807 64.615432739 -0.046768095 0.998895168 -0.004588555 -3.427817345 -0.226392418 -0.006125379 0.974016964 127.365310669
0.973184109 0.042176105 0.226127550 64.809226990 -0.038851872 0.999061763 -0.019133078 -3.443319321 -0.226722375 0.009834532 0.973909795 128.172164917
