1.000000000 0.000000000 0.000000000 0.000000000 0.000000000 1.000000000 0.000000000 -0.000000000 0.000000000 0.000000000 0.999999940 -0.000000000
0.999991238 -0.002499045 -0.003363667 -0.002824721 0.002491718 0.999994516 -0.002180530 -0.005470151 0.003369097 0.002172130 0.999991894 0.666731477
0.999971271 -0.001593601 -0.007411530 -0.010677311 0.001566752 0.999992192 -0.003627040 -0.008899394 0.007417252 0.003615324 0.999965906 1.368351340
0.999936938 -0.001393460 -0.011144302 -0.026699889 0.001338067 0.999986768 -0.004976494 -0.011495354 0.011151088 0.004961269 0.999925494 2.068223953
0.999871016 -0.000174130 -0.016060174 -0.045972943 0.000082872 0.999983907 -0.005682760 -0.013949418 0.016060906 0.005680697 0.999854863 2.798708200
0.999800205 -0.000835378 -0.019970017 -0.069772579 0.000722552 0.999983728 -0.005656301 -0.029733945 0.019974411 0.005640741 0.999784589 3.540228367
0.999699354 0.001020252 -0.024497194 -0.094806008 -0.001192279 0.999974787 -0.007008745 -0.032899410 0.024489425 0.007035845 0.999675333 4.296167850
0.999572098 0.003778096 -0.029005595 -0.129395351 -0.004001343 0.999962807 -0.007642517 -0.043068070 0.028975636 0.007755308 0.999550104 5.055984974
0.999410987 0.003978320 -0.034085911 -0.148797393 -0.004190858 0.999972343 -0.006166200 -0.046979886 0.034060419 0.006305418 0.999399781 5.864265442
0.999247909 0.003274300 -0.038637042 -0.182844609 -0.003420237 0.999987245 -0.003711648 -0.051104054 0.038624380 0.003841004 0.999246418 6.668693542
0.999118149 0.002897423 -0.041886665 -0.224456176 -0.002928430 0.999995470 -0.000678940 -0.063540749 0.041884504 0.000801004 0.999122024 7.471712112
0.999009550 0.004278374 -0.044290975 -0.271120787 -0.004352776 0.999989212 -0.001583532 -0.069782592 0.044283718 0.001774752 0.999017358 8.281599045
0.998934329 0.005219400 -0.045857549 -0.338084757 -0.005323082 0.999983549 -0.002139125 -0.081197999 0.045845635 0.002380949 0.998945653 9.086113930
0.998872399 0.002415668 -0.047412433 -0.380574286 -0.002546142 0.999993145 -0.002691681 -0.086651713 0.047405608 0.002809365 0.998871803 9.920678139
0.998760283 0.001914164 -0.049740274 -0.420795500 -0.002002858 0.999996483 -0.001733373 -0.096431702 0.049736787 0.001830847 0.998760641 10.770120621
0.998659730 0.000161569 -0.051758565 -0.462123990 -0.000279859 0.999997377 -0.002278175 -0.102536164 0.051758062 0.002289607 0.998656988 11.624399185
0.998580277 0.002682175 -0.053198773 -0.509854436 -0.002899676 0.999987781 -0.004011707 -0.124045268 0.053187348 0.004160271 0.998575866 12.472175598
0.998511016 0.003085737 -0.054461427 -0.565602601 -0.003471869 0.999969542 -0.006996830 -0.129037887 0.054438170 0.007175496 0.998491287 13.336523056
0.998423696 0.006851914 -0.055704921 -0.631255150 -0.007339728 0.999936521 -0.008557230 -0.144080400 0.055642739 0.008952601 0.998410583 14.209857941
0.998332918 0.007632371 -0.057209816 -0.679379225 -0.008095889 0.999936283 -0.007874683 -0.158871055 0.057146054 0.008324720 0.998331130 15.114384651
0.998246014 0.007005556 -0.058786117 -0.729183793 -0.007388753 0.999952912 -0.006303670 -0.174513310 0.058739174 0.006726969 0.998250723 16.007221222
0.998168349 0.007828569 -0.059988964 -0.789971411 -0.008154480 0.999953330 -0.005189955 -0.182998955 0.059945535 0.005669627 0.998185515 16.905227661
0.998111844 0.007488852 -0.060965039 -0.848995805 -0.007804255 0.999957442 -0.004937049 -0.200762719 0.060925465 0.005403513 0.998127699 17.814615250
0.997981787 0.006778107 -0.063137829 -0.899094164 -0.007155138 0.999957919 -0.005747349 -0.210830599 0.063096240 0.006187509 0.997988164 18.717163086
0.997914732 0.005203336 -0.064335771 -0.960661054 -0.005613630 0.999965072 -0.006198252 -0.225029171 0.064301282 0.006546484 0.997909009 19.632944107
0.997883439 0.004883872 -0.064844705 -1.017292500 -0.005190009 0.999976158 -0.004553454 -0.235904574 0.064820915 0.004880360 0.997884929 20.552045822
0.997892857 0.006753468 -0.064531200 -1.085067868 -0.006845317 0.999975860 -0.001202327 -0.248965099 0.064521529 0.001641530 0.997914910 21.473056793
0.997952878 0.007702281 -0.063489348 -1.148018956 -0.007551489 0.999968052 0.002614700 -0.259178966 0.063507460 -0.002129908 0.997979105 22.400531769
0.998060226 0.007054021 -0.061854456 -1.212466598 -0.006731179 0.999962568 0.005426200 -0.265141308 0.061890416 -0.004999321 0.998070419 23.338388443
0.998144031 0.006624188 -0.060535196 -1.265518546 -0.006247129 0.999959946 0.006415881 -0.273817062 0.060575265 -0.006025802 0.998145401 24.280036926
0.998234987 0.007109077 -0.058959045 -1.323180079 -0.006902186 0.999969304 0.003711994 -0.281902134 0.058983613 -0.003298495 0.998253465 25.220855713
0.998265147 0.007533705 -0.058394186 -1.380737901 -0.007611386 0.999970436 -0.001107974 -0.285989225 0.058384109 0.001550514 0.998292983 26.162324905
0.998336971 0.007561045 -0.057149190 -1.434681892 -0.007819049 0.999960244 -0.004292343 -0.295858383 0.057114452 0.004732056 0.998356402 27.117786407
0.998370290 0.004799236 -0.056864887 -1.482154369 -0.005007186 0.999981344 -0.003515024 -0.303510100 0.056846950 0.003794029 0.998375714 28.076538086
0.998399496 0.003249035 -0.056461059 -1.547194958 -0.003160485 0.999993682 0.001657550 -0.317281693 0.056466088 -0.001476453 0.998403370 29.048135757
0.998361528 -0.000367497 -0.057217967 -1.601350784 0.000661962 0.999986649 0.005127503 -0.326962054 0.057215318 -0.005156979 0.998348415 30.015451431
0.998259902 -0.007836196 -0.058444500 -1.648530602 0.008119329 0.999956429 0.004608582 -0.335346341 0.058405843 -0.005075093 0.998279870 30.991090775
0.998165131 -0.010060101 -0.059708446 -1.705518842 0.010110879 0.999948800 0.000548314 -0.337962031 0.059699871 -0.001151013 0.998215675 31.960353851
0.998073339 -0.010002757 -0.061233979 -1.765586734 0.009805861 0.999945760 -0.003515160 -0.343891084 0.061265826 0.002907935 0.998117208 32.939533234
0.997974038 -0.008432860 -0.063060701 -1.841773868 0.008186240 0.999957860 -0.004168221 -0.354183733 0.063093200 0.003643546 0.998000920 33.931266785
0.997907996 -0.008866150 -0.064037748 -1.894839644 0.008733930 0.999959111 -0.002344363 -0.373668730 0.064055905 0.001780157 0.997944593 34.907264709
0.997839272 -0.005905748 -0.065434232 -1.963744283 0.005945659 0.999982297 0.000415219 -0.386081874 0.065430619 -0.000803370 0.997856677 35.906654358
0.997765541 -0.005646600 -0.066572577 -2.034361601 0.005770036 0.999981999 0.001662029 -0.397186846 0.066561989 -0.002042442 0.997780144 36.889312744
0.997715175 -0.004427253 -0.067414671 -2.107113600 0.004739314 0.999978840 0.004469763 -0.408721805 0.067393444 -0.004779049 0.997714996 37.867141724
0.997718275 -0.004756050 -0.067346558 -2.170602083 0.005262854 0.999959111 0.007349876 -0.412983268 0.067308843 -0.007687541 0.997702539 38.861812592
0.997694135 0.000904377 -0.067864172 -2.249639988 -0.000262108 0.999955058 0.009472354 -0.412691534 0.067869671 -0.009432725 0.997649550 39.849857330
0.997674286 0.001287055 -0.068150587 -2.325656652 -0.000694261 0.999961734 0.008721267 -0.418836415 0.068159208 -0.008653669 0.997636914 40.841205597
0.997675836 0.001092761 -0.068130583 -2.387531042 -0.000594462 0.999972880 0.007333728 -0.424001426 0.068136744 -0.007276182 0.997649431 41.838138580
0.997680902 0.003352567 -0.067982443 -2.468050003 -0.003006083 0.999981940 0.005198312 -0.430031717 0.067998648 -0.004981896 0.997672975 42.828910828
0.997632444 0.002953134 -0.068707719 -2.544903755 -0.002603843 0.999983191 0.005172711 -0.434886217 0.068721846 -0.004981560 0.997623444 43.809482574
0.997543514 0.001140423 -0.070038840 -2.606607914 -0.000708599 0.999980628 0.006190022 -0.443513989 0.070044547 -0.006125188 0.997524977 44.796928406
0.997481167 0.001359735 -0.070917636 -2.678188324 -0.000837947 0.999972403 0.007386886 -0.452065498 0.070925720 -0.007308854 0.997454762 45.783851624
0.997469366 0.004417092 -0.070959441 -2.762680292 -0.004168957 0.999984741 0.003644574 -0.463499546 0.070974439 -0.003339524 0.997472405 46.762157440
0.997391045 0.004489064 -0.072048031 -2.828951359 -0.004517230 0.999989748 -0.000228009 -0.471635878 0.072046265 0.000552872 0.997401237 47.715427399
0.997340560 0.005644633 -0.072662488 -2.906416416 -0.005786038 0.999981701 -0.001735692 -0.476065785 0.072651364 0.002151504 0.997355103 48.688453674
0.997344494 0.004144278 -0.072710082 -2.982367039 -0.003983796 0.999989331 0.002352026 -0.498517692 0.072719067 -0.002056118 0.997350276 49.660602570
0.997333765 0.002160195 -0.072943203 -3.043633699 -0.001776028 0.999984324 0.005331120 -0.504944086 0.072953574 -0.005187355 0.997321725 50.621173859
0.997322023 0.000476856 -0.073133864 -3.116682529 -0.000037233 0.999981999 0.006012456 -0.516378284 0.073135406 -0.005993630 0.997303903 51.585498810
0.997297704 -0.002833336 -0.073412858 -3.186444283 0.003188649 0.999983668 0.004723183 -0.524009764 0.073398292 -0.004944505 0.997290373 52.540397644
0.997235537 -0.006557345 -0.074015476 -3.246289253 0.006851634 0.999969721 0.003722819 -0.533683538 0.073988818 -0.004219655 0.997250080 53.485237122
0.997168005 -0.007908585 -0.074789301 -3.322095394 0.008280414 0.999954879 0.004662912 -0.540571332 0.074749053 -0.005268994 0.997188330 54.439079285
0.997010231 -0.011598916 -0.076393306 -3.384808540 0.012311945 0.999884963 0.008869307 -0.544966340 0.076281630 -0.009783341 0.997038186 55.388336182
0.996977389 -0.011839974 -0.076784752 -3.458435059 0.012932769 0.999821723 0.013750278 -0.547232807 0.076608256 -0.014701756 0.996952832 56.335968018
0.996955514 -0.010060536 -0.077320702 -3.538279295 0.011326441 0.999808609 0.015951043 -0.547243774 0.077145413 -0.016778249 0.996878624 57.284809113
0.996869266 -0.008665772 -0.078590252 -3.618034601 0.009605293 0.999886870 0.011584533 -0.545382977 0.078480944 -0.012303149 0.996839702 58.214141846
0.996767104 -0.007152252 -0.080026440 -3.692387819 0.007511877 0.999962986 0.004193664 -0.555716932 0.079993472 -0.004781255 0.996783972 59.119655609
0.996690691 -0.005788080 -0.081080511 -3.770820141 0.005761954 0.999983191 -0.000556201 -0.566404641 0.081082374 0.000087178 0.996707320 60.044101715
0.996657372 -0.000520311 -0.081692688 -3.858100176 0.000535716 0.999999881 0.000166667 -0.576205790 0.081692606 -0.000209873 0.996657491 60.944526672
0.996532261 0.002205942 -0.083176941 -3.941832542 -0.001988570 0.999994397 0.002696128 -0.591372252 0.083182395 -0.002521375 0.996531069 61.841697693
0.996446669 0.004845194 -0.084086820 -4.018228531 -0.004533477 0.999982178 0.003897634 -0.601961136 0.084104203 -0.003502579 0.996450782 62.714244843
0.996331692 0.005363219 -0.085407175 -4.094652176 -0.005082691 0.999981046 0.003501715 -0.609004080 0.085424334 -0.003054771 0.996339977 63.582748413
0.996189475 0.007255163 -0.086912483 -4.176804066 -0.006913728 0.999967217 0.004228855 -0.617241621 0.086940296 -0.003611852 0.996206880 64.435295105
0.996095955 0.008087765 -0.087905072 -4.258677006 -0.007653425 0.999956846 0.005276939 -0.635758877 0.087943941 -0.004583564 0.996114790 65.266670227
0.995982409 0.007740580 -0.089213856 -4.335360050 -0.007240926 0.999956310 0.005922921 -0.645642102 0.089255795 -0.005253134 0.995994866 66.084243774
0.995875061 0.007460003 -0.090428159 -4.412521839 -0.006877280 0.999953568 0.006753937 -0.650204539 0.090474345 -0.006104176 0.995880067 66.894660950
0.995732307 0.010121600 -0.091732331 -4.494084358 -0.009298521 0.999912679 0.009395584 -0.655054569 0.091819398 -0.008502511 0.995739400 67.693603516
0.995577633 0.011847856 -0.093192115 -4.568922043 -0.010613325 0.999849379 0.013731682 -0.663855672 0.093340777 -0.012681878 0.995553374 68.476600647
0.995397806 0.015119832 -0.094627902 -4.651409149 -0.013744763 0.999790549 0.015166309 -0.665213108 0.094837390 -0.013795874 0.995397091 69.253135681
0.995220482 0.017984089 -0.095982611 -4.730800629 -0.016977703 0.999792159 0.011291550 -0.675803185 0.096165724 -0.009608018 0.995319068 69.989227295
0.995072544 0.017995391 -0.097502783 -4.804472923 -0.017696887 0.999835789 0.003925491 -0.681844652 0.097557411 -0.002180652 0.995227456 70.712112427
0.994929910 0.017021542 -0.099118531 -4.873375416 -0.017275861 0.999849319 -0.001708014 -0.691410720 0.099074513 0.003411713 0.995074153 71.424331665
0.994871795 0.017545676 -0.099609740 -4.945477486 -0.017932905 0.999834776 -0.002993328 -0.695546627 0.099540748 0.004764269 0.995022058 72.113906860
0.994759917 0.020584028 -0.100144148 -5.025570393 -0.020611698 0.999787331 0.000758477 -0.710243464 0.100138448 0.001309639 0.994972587 72.789634705
0.994633019 0.020836838 -0.101345234 -5.098770142 -0.020627411 0.999782383 0.003114122 -0.724749506 0.101388060 -0.001006919 0.994846344 73.446693420
0.994606078 0.017502798 -0.102236234 -5.163162231 -0.017633425 0.999844491 -0.000373978 -0.733931065 0.102213778 0.002174736 0.994760036 74.072509766
0.994714022 0.009460704 -0.102246933 -5.212928772 -0.010033847 0.999936700 -0.005092574 -0.755537748 0.102192275 0.006091585 0.994746029 74.669097900
0.994819283 0.005711387 -0.101499602 -5.270204067 -0.006775582 0.999925613 -0.010143043 -0.761104047 0.101434126 0.010778215 0.994783759 75.277687073
0.995101571 0.007952917 -0.098537810 -5.327860832 -0.009060988 0.999900579 -0.010802722 -0.766189218 0.098442093 0.011642655 0.995074570 75.862007141
0.995469391 0.012793391 -0.094217971 -5.395090103 -0.013601330 0.999875903 -0.007937999 -0.778144002 0.094104730 0.009183523 0.995519936 76.433006287
0.995906293 0.011556645 -0.089649014 -5.440458298 -0.011986050 0.999919116 -0.004252949 -0.796962023 0.089592621 0.005310078 0.995964289 76.982673645
0.996432841 0.007921495 -0.084017061 -5.474788666 -0.007993636 0.999967933 -0.000522274 -0.800580859 0.084010214 0.001192013 0.996464074 77.524902344
0.997126520 0.003410792 -0.075676858 -5.508102417 -0.003195691 0.999990582 0.002963262 -0.814387083 0.075686224 -0.002712907 0.997127891 78.051353455
0.997844338 0.007156995 -0.065234505 -5.539158821 -0.006989810 0.999971688 0.002790698 -0.823401392 0.065252624 -0.002328705 0.997866035 78.567718506
0.998680651 0.012353929 -0.049844287 -5.565758228 -0.012243961 0.999921858 0.002510967 -0.833791792 0.049871404 -0.001897362 0.998753786 79.063018799
0.999347746 0.017212998 -0.031746652 -5.579710007 -0.017130522 0.999849260 0.002868174 -0.837558866 0.031791225 -0.002322466 0.999491811 79.553680420
0.999825001 0.015815565 -0.009992518 -5.565419197 -0.015782379 0.999869645 0.003391252 -0.842294693 0.010044850 -0.003232952 0.999944329 80.033195496
0.999787807 0.012358901 0.016486738 -5.538180351 -0.012431096 0.999913573 0.004283609 -0.849168241 -0.016432375 -0.004487648 0.999854863 80.500938416
0.998905540 0.010997181 0.045462847 -5.487335682 -0.011271473 0.999919772 0.005781338 -0.857269883 -0.045395628 -0.006287443 0.998949289 80.959724426
0.996839941 0.010832139 0.078694604 -5.436574936 -0.011429890 0.999909043 0.007149369 -0.863742590 -0.078610018 -0.008026248 0.996873200 81.405860901
0.993153274 0.010594257 0.116337061 -5.361133575 -0.011531904 0.999906123 0.007389599 -0.867265344 -0.116247855 -0.008680592 0.993182242 81.842994690
0.987367809 0.010474137 0.158098251 -5.279196739 -0.011818441 0.999901593 0.007565183 -0.877483368 -0.158003435 -0.009338094 0.987394512 82.239654541
0.979025543 0.010057771 0.203489155 -5.166658401 -0.011830167 0.999902010 0.007495479 -0.883953393 -0.203393817 -0.009745575 0.979048550 82.657600403
0.967420697 0.012333411 0.252873421 -5.043188095 -0.014240135 0.999882340 0.005711326 -0.896452665 -0.252773225 -0.009126206 0.967482567 83.055717468
0.952006519 0.013248743 0.305790842 -4.884260178 -0.014814422 0.999886453 0.002799916 -0.904914141 -0.305718958 -0.007195653 0.952094615 83.440010071
0.932330132 0.014114072 0.361332536 -4.699371338 -0.015199207 0.999884486 0.000161173 -0.905131400 -0.361288488 -0.005642235 0.932437062 83.811744690
0.908158183 0.013839329 0.418398380 -4.506252289 -0.014540059 0.999893188 -0.001513334 -0.914054334 -0.418374568 -0.004709192 0.908262432 84.148376465
0.879625738 0.013771275 0.475466996 -4.284847260 -0.013684434 0.999899685 -0.003644242 -0.919689536 -0.475469500 -0.003300926 0.879725993 84.450668335
0.846297503 0.012781140 0.532557130 -4.042976379 -0.011292981 0.999917924 -0.006051691 -0.923403263 -0.532590747 -0.000892626 0.846372426 84.751823425
0.809074283 0.012254694 0.587578714 -3.786659241 -0.010111424 0.999924839 -0.006931638 -0.937164664 -0.587619424 -0.000333045 0.809137285 85.046966553
0.769287229 0.011111012 0.638806403 -3.510078430 -0.009231958 0.999937713 -0.006274660 -0.944257438 -0.638836265 -0.001070418 0.769341946 85.314132690
0.727064252 0.010921705 0.686482549 -3.213741302 -0.010376136 0.999934137 -0.004919087 -0.944474936 -0.686490893 -0.003546544 0.727129698 85.557723999
0.682437897 0.009892475 0.730876625 -2.912475586 -0.009085744 0.999945939 -0.005050764 -0.948702693 -0.730886996 -0.003193724 0.682490945 85.770767212
0.636707067 0.007773424 0.771066666 -2.582881927 -0.005884180 0.999969065 -0.005222229 -0.968982697 -0.771083236 -0.001212064 0.636733115 85.970306396
0.590359330 0.004625951 0.807127297 -2.258602142 0.000707485 0.999980211 -0.006248741 -0.973981440 -0.807140231 0.004260033 0.590344369 86.139251709
0.544036329 0.006341243 0.839037716 -1.923938751 -0.001313605 0.999976635 -0.006705832 -0.987212658 -0.839060605 0.002546052 0.544031918 86.303588867
0.496864676 0.009737112 0.867773414 -1.586898804 -0.004516697 0.999952555 -0.008634125 -0.988131642 -0.867816269 0.000370522 0.496885121 86.462371826
0.451476395 0.011400512 0.892210245 -1.246982574 -0.005088345 0.999935031 -0.010202197 -1.000552654 -0.892268538 0.000066177 0.451505065 86.594985962
0.408399642 0.009132704 0.912757516 -0.891656876 0.001229921 0.999943554 -0.010555365 -1.010177970 -0.912802339 0.005433426 0.408365369 86.719108582
0.368805885 0.000665775 0.929506123 -0.524044037 0.016137516 0.999844491 -0.007119137 -1.022110939 -0.929366350 0.017625500 0.368737817 86.809745789
0.333025187 -0.002048056 0.942915559 -0.157642365 0.020194819 0.999783754 -0.004960965 -1.019522667 -0.942701578 0.020694138 0.332994521 86.910591125
0.299641907 0.002259147 0.954049051 0.206314087 0.017451251 0.999816954 -0.007848506 -1.025068521 -0.953892112 0.019001093 0.299547583 87.007080078
0.268767923 0.009536021 0.963157713 0.578189850 0.006840550 0.999906898 -0.011808713 -1.041664720 -0.963180661 0.009762332 0.268677652 87.105224609
0.240205586 0.014062030 0.970620096 0.961271286 0.001931702 0.999886155 -0.014964078 -1.056774855 -0.970720172 0.005469400 0.240151092 87.194900513
0.214474484 0.015504721 0.976606488 1.356731415 0.003039749 0.999858558 -0.016541438 -1.075315952 -0.976724863 0.006516356 0.214397013 87.264907837
0.191047996 0.017186334 0.981430292 1.757486343 0.009643883 0.999765515 -0.019384721 -1.084467888 -0.981533170 0.013168209 0.190837428 87.319046021
0.171049178 0.023277327 0.984987557 2.169233322 0.016465515 0.999513686 -0.026479950 -1.086332917 -0.985124767 0.020747699 0.170582727 87.361648560
0.151285172 0.030242987 0.988027394 2.592160225 0.018408142 0.999272346 -0.033405814 -1.084503889 -0.988318622 0.023241552 0.150618345 87.413314819
0.133715108 0.030976452 0.990535557 3.033924103 0.016659116 0.999299884 -0.033499390 -1.096235752 -0.990879595 0.020980822 0.133105427 87.466217041
0.118206300 0.026742078 0.992628813 3.491766930 0.014457693 0.999484956 -0.028648466 -1.117373705 -0.992883801 0.017737554 0.117758781 87.520935059
0.103669740 0.023625651 0.994331181 3.963629723 0.014402972 0.999577403 -0.025251966 -1.137489080 -0.994507551 0.016939187 0.103285648 87.562973022
0.090577640 0.021302003 0.995661557 4.447892189 0.017297287 0.999586821 -0.022959553 -1.150732398 -0.995739222 0.019301863 0.090171717 87.593193054
0.078989774 0.020211222 0.996670544 4.938437462 0.020939298 0.999540150 -0.021928934 -1.167357206 -0.996655524 0.022601742 0.078530237 87.618339539
0.068758473 0.020787852 0.997416675 5.455541611 0.024242200 0.999452889 -0.022501465 -1.180507421 -0.997338653 0.025726747 0.068216912 87.645881653
0.060968786 0.021467797 0.997908831 5.983463287 0.026512612 0.999381125 -0.023119302 -1.192851186 -0.997787416 0.027866721 0.060361885 87.671989441
0.055279650 0.021448759 0.998240471 6.533263206 0.028141664 0.999338627 -0.023030758 -1.212690830 -0.998074174 0.029365281 0.054639488 87.699302673
0.049880620 0.022787275 0.998495340 7.095698357 0.029601069 0.999266863 -0.024283629 -1.222604156 -0.998316407 0.030767804 0.049169526 87.719566345
0.044295631 0.023371084 0.998745143 7.670273781 0.030454589 0.999230087 -0.024733132 -1.237184286 -0.998554111 0.031511940 0.043549772 87.735893250
0.039726898 0.023239005 0.998940289 8.275532722 0.032621246 0.999166489 -0.024541579 -1.257013798 -0.998677969 0.033561639 0.038935702 87.758880615
0.036673322 0.023393992 0.999053419 8.899824142 0.034058355 0.999115944 -0.024645677 -1.273122311 -0.998746753 0.034929954 0.035844132 87.778617859
0.033598524 0.022966167 0.999171495 9.538478851 0.035194006 0.999088705 -0.024147714 -1.290482163 -0.998815656 0.035976175 0.032759625 87.796951294
0.031236071 0.022056725 0.999268591 10.190254211 0.037151609 0.999039948 -0.023213003 -1.312257051 -0.998821318 0.037849508 0.030386643 87.815765381
0.030494820 0.021651255 0.999300361 10.867067337 0.041794755 0.998863399 -0.022917204 -1.330951095 -0.998660684 0.042464375 0.029555254 87.830207825
0.031618204 0.021572372 0.999267220 11.553982735 0.044964477 0.998724163 -0.022983389 -1.346618414 -0.998488069 0.045658223 0.030607877 87.845748901
0.034100655 0.021503188 0.999187112 12.256443024 0.046839651 0.998635590 -0.023089882 -1.364394903 -0.998320222 0.047588948 0.033046924 87.867149353
0.037794173 0.021541094 0.999053359 12.986926079 0.049014457 0.998524368 -0.023383904 -1.383157492 -0.998082697 0.049851827 0.036682580 87.897148132
0.042279005 0.020974297 0.998885632 13.727795601 0.049653467 0.998500049 -0.023067839 -1.405904770 -0.997871220 0.050573427 0.041174147 87.925933838
0.046151057 0.019288123 0.998748243 14.480437279 0.051201049 0.998453736 -0.021648379 -1.426152945 -0.997621417 0.052136056 0.045092121 87.965011597
0.049893193 0.017647386 0.998598695 15.251443863 0.051076267 0.998490453 -0.020197410 -1.447608948 -0.997447670 0.052012403 0.048916522 88.011619568
0.054391325 0.015656605 0.998396933 16.042295456 0.048113987 0.998674452 -0.018282143 -1.464701056 -0.997359872 0.049031243 0.053565916 88.055458069
0.057900943 0.014473508 0.998217404 16.833829880 0.047229391 0.998735547 -0.017220533 -1.485538721 -0.997204423 0.048142288 0.057144154 88.118362427
0.062315162 0.015313790 0.997938991 17.646678925 0.044782415 0.998832285 -0.018123884 -1.509795547 -0.997051299 0.045819510 0.061556615 88.172203064
0.065338962 0.019341599 0.997675657 18.448368073 0.042175744 0.998865128 -0.022126801 -1.538259506 -0.996971369 0.043523453 0.064449064 88.225166321
0.066549219 0.024735799 0.997476518 19.247953415 0.036488838 0.998963714 -0.027207125 -1.560897589 -0.997115672 0.038207382 0.065577656 88.291900635
0.066434935 0.027918745 0.997400045 20.056373596 0.033613957 0.998978496 -0.030201886 -1.587760448 -0.997224271 0.035533026 0.065428600 88.351028442
0.066591598 0.027522698 0.997400641 20.876770020 0.031292684 0.999070108 -0.029658027 -1.617018819 -0.997289479 0.033186320 0.065668434 88.414802551
0.066600390 0.025896309 0.997443557 21.689531326 0.028429620 0.999207973 -0.027840395 -1.647484064 -0.997374594 0.030211130 0.065811418 88.477523804
0.066586360 0.024501557 0.997479796 22.507040024 0.029537186 0.999211848 -0.026515845 -1.681966305 -0.997343361 0.031228337 0.065810181 88.530548096
0.066566765 0.023695596 0.997500539 23.330688477 0.027048584 0.999307752 -0.025543572 -1.719885945 -0.997415245 0.028681330 0.065879747 88.600112915
0.066869244 0.023904769 0.997475326 24.145462036 0.025396930 0.999348342 -0.025652228 -1.752545953 -0.997438490 0.027048156 0.066218548 88.658180237
0.066727854 0.024574565 0.997468531 24.959045410 0.022204684 0.999412596 -0.026107889 -1.783967972 -0.997524142 0.023890600 0.066142976 88.723831177
0.065590955 0.026077006 0.997505784 25.770877838 0.020012336 0.999423027 -0.027443040 -1.813133955 -0.997645795 0.021762436 0.065031260 88.783348083
0.062667228 0.025786538 0.997701347 26.584411621 0.016777283 0.999497652 -0.026886776 -1.844420433 -0.997893333 0.018423637 0.062203135 88.843170166
0.058553305 0.024615729 0.997980654 27.397834778 0.014256177 0.999573410 -0.025491443 -1.875958323 -0.998182476 0.015719995 0.058177393 88.901771545
0.053889025 0.022131585 0.998301685 28.219156265 0.012838495 0.999656379 -0.022854645 -1.905036926 -0.998464286 0.014048306 0.053586379 88.948921204
0.047971059 0.019952476 0.998649478 29.031595230 0.010609885 0.999733925 -0.020483792 -1.935284138 -0.998792350 0.011578185 0.047746591 88.989356995
0.040165789 0.020658512 0.998979568 29.840232849 0.009998224 0.999727905 -0.021075984 -1.960844636 -0.999143004 0.010834555 0.039948314 89.025917053
0.031786706 0.021033671 0.999273300 30.633552551 0.009175921 0.999730229 -0.021335179 -1.995635509 -0.999452472 0.009847429 0.031585123 89.045066833
0.021742932 0.021574561 0.999530852 31.435817719 0.009717742 0.999715328 -0.021789940 -2.018955708 -0.999716282 0.010186961 0.021527082 89.063049316
0.011435086 0.020512031 0.999724150 32.236873627 0.011546630 0.999720216 -0.020644022 -2.048350573 -0.999867916 0.011779514 0.011195030 89.071937561
0.000679667 0.019826470 0.999803185 33.035072327 0.010775941 0.999745309 -0.019832648 -2.070975304 -0.999941707 0.010787301 0.000465845 89.071502686
-0.010474090 0.019205904 0.999760747 33.822525024 0.012182412 0.999743879 -0.019077949 -2.095374107 -0.999870896 0.011979672 -0.010705381 89.061203003
-0.021400210 0.019486891 0.999581158 34.604393005 0.012221173 0.999740541 -0.019228354 -2.122817993 -0.999696314 0.011804564 -0.021632809 89.042739868
-0.032644596 0.020171456 0.999263406 35.383338928 0.012503077 0.999726295 -0.019772336 -2.147155523 -0.999388874 0.011848407 -0.032887869 89.017799377
-0.042875540 0.021044109 0.998858869 36.160690308 0.012070481 0.999716043 -0.020544056 -2.177178144 -0.999007463 0.011175866 -0.043117382 88.977264404
-0.053000007 0.022224110 0.998347223 36.925621033 0.012867570 0.999684453 -0.021570772 -2.200141430 -0.998511553 0.011703048 -0.053269248 88.935707092
-0.062201910 0.022661762 0.997806311 37.682838440 0.013928888 0.999664545 -0.021835659 -2.232466459 -0.997966290 0.012540111 -0.062496699 88.876609802
-0.072599195 0.023360085 0.997087598 38.449272156 0.013972616 0.999651372 -0.022402788 -2.257802486 -0.997263312 0.012305497 -0.072900295 88.833084106
-0.082082920 0.023653580 0.996344805 39.189800262 0.014588968 0.999639630 -0.022529906 -2.285995483 -0.996518672 0.012686320 -0.082398437 88.774513245
-0.090710744 0.023163784 0.995607853 39.927806854 0.016043788 0.999633729 -0.021795686 -2.309205532 -0.995748043 0.013996221 -0.091049157 88.705047607
-0.098176412 0.021947721 0.994926989 40.650485992 0.017210402 0.999644637 -0.020353522 -2.338408709 -0.995020211 0.015124856 -0.098519266 88.631851196
-0.102935739 0.020591484 0.994474769 41.380054474 0.020779574 0.999612033 -0.018547013 -2.363025188 -0.994470894 0.018755607 -0.103323683 88.540756226
-0.106401764 0.019219346 0.994137406 42.087585449 0.024094209 0.999569476 -0.016745578 -2.383644342 -0.994031250 0.022171192 -0.106819019 88.453720093
-0.109227970 0.017972589 0.993854225 42.793102264 0.025284465 0.999563217 -0.015296984 -2.407206535 -0.993695080 0.023458213 -0.109634697 88.377532959
-0.110771738 0.016787274 0.993704081 43.479045868 0.025149845 0.999584496 -0.014083071 -2.432702780 -0.993527532 0.023431500 -0.111147918 88.297836304
-0.112097450 0.017475788 0.993543565 44.141300201 0.026539925 0.999541223 -0.014586898 -2.451223850 -0.993342698 0.024733413 -0.112509839 88.232254028
-0.111078374 0.018336440 0.993642449 44.797466278 0.027034322 0.999515474 -0.015422680 -2.474253178 -0.993443906 0.025149319 -0.111520268 88.159652710
-0.107785597 0.020107014 0.993970692 45.416076660 0.028204979 0.999454796 -0.017159419 -2.494028807 -0.993773937 0.026185390 -0.108293958 88.087867737
-0.102502771 0.020568276 0.994520009 46.038467407 0.028805442 0.999428332 -0.017700879 -2.513379574 -0.994315505 0.026833197 -0.103036642 88.022232056
-0.094481781 0.021495419 0.995294452 46.632938385 0.028331982 0.999419987 -0.018895006 -2.529987812 -0.995123386 0.026413430 -0.095035970 87.969596863
-0.083233945 0.021154154 0.996305466 47.215507507 0.026888235 0.999458373 -0.018974785 -2.558508158 -0.996167243 0.025209554 -0.083757646 87.931297302
-0.069574311 0.021349208 0.997348249 47.771434784 0.026208706 0.999464989 -0.019566217 -2.580830097 -0.997232378 0.024777900 -0.070096627 87.900833130
-0.052841764 0.022547502 0.998348236 48.312126160 0.025130762 0.999458492 -0.021242423 -2.606647491 -0.998286605 0.023966767 -0.053379774 87.896781921
-0.031446982 0.025066640 0.999190986 48.848674774 0.023004051 0.999438822 -0.024348866 -2.632142544 -0.999240637 0.022219740 -0.032005969 87.887756348
-0.006761696 0.028151203 0.999580741 49.372478485 0.020934917 0.999388576 -0.028004179 -2.654887199 -0.999758005 0.020736786 -0.007346904 87.903709412
0.021414164 0.029940506 0.999322236 49.879814148 0.019130513 0.999356210 -0.030351467 -2.675055742 -0.999587655 0.019767499 0.020827603 87.937110901
0.054253932 0.029166505 0.998101115 50.388896942 0.016488072 0.999410868 -0.030101027 -2.701347589 -0.998391032 0.018089864 0.053741053 87.988952637
0.093788005 0.026592478 0.995236993 50.870651245 0.015475689 0.999483526 -0.028164327 -2.723547459 -0.995471835 0.018043458 0.093328044 88.025024414
0.135102659 0.023046972 0.990563393 51.409755707 0.013551960 0.999592960 -0.025105404 -2.743039608 -0.990738928 0.016815884 0.134735331 88.138877869
0.180813044 0.018904325 0.983335733 51.899814606 0.010897560 0.999715388 -0.021223029 -2.761492729 -0.983457148 0.014553359 0.180555567 88.249496460
0.229264423 0.015536162 0.973240077 52.385055542 0.006563311 0.999825180 -0.017506657 -2.779658318 -0.973342061 0.010401330 0.229122400 88.392318726
0.281179249 0.014147130 0.959550977 52.855735779 0.002854890 0.999874592 -0.015578220 -2.795372009 -0.959651053 0.007119684 0.281103611 88.560943604
0.335901141 0.013636915 0.941798389 53.299751282 0.001264960 0.999887824 -0.014929186 -2.814358711 -0.941896379 0.006206069 0.335846245 88.753677368
0.392148793 0.014236134 0.919791639 53.728111267 0.004013875 0.999844193 -0.017186450 -2.827491760 -0.919893026 0.010431575 0.392030537 88.982192993
0.452489555 0.016826760 0.891610920 54.144092560 0.005125084 0.999756396 -0.021468677 -2.850250244 -0.891754985 0.014283934 0.452293038 89.222465515
0.513026834 0.020242210 0.858133912 54.545478821 0.005835122 0.999616563 -0.027068069 -2.866813421 -0.858352661 0.018893959 0.512712061 89.484924316
0.571328402 0.025436200 0.820327282 54.897842407 0.002545805 0.999459982 -0.032763697 -2.863127708 -0.820717514 0.020807225 0.570955038 89.774841309
0.624890745 0.028383482 0.780196071 55.221931458 -0.001668600 0.999385178 -0.035021119 -2.879158020 -0.780710459 0.020582534 0.624553859 90.114913940
0.678193331 0.028614363 0.734326243 55.545928955 -0.003303572 0.999350309 -0.035890456 -2.903361559 -0.734876215 0.021914769 0.677847087 90.456878662
0.726998687 0.026020033 0.686145604 55.840110779 -0.003183479 0.999398649 -0.034526203 -2.925214291 -0.686631441 0.022916175 0.726644456 90.819427490
0.771393180 0.023580391 0.635921717 56.086177826 -0.005996726 0.999538243 -0.029789302 -2.936281204 -0.636330545 0.019165821 0.771178365 91.198921204
0.813050330 0.020778297 0.581822455 56.341125488 -0.008177286 0.999671876 -0.024273621 -2.933447361 -0.582135916 0.014977941 0.812953472 91.607330322
0.849659681 0.018821573 0.526995480 56.559646606 -0.010918661 0.999776423 -0.018103046 -2.942336559 -0.527218401 0.009627342 0.849675238 92.031585693
0.880489230 0.015623600 0.473808706 56.741710663 -0.011964269 0.999870777 -0.010736765 -2.951661110 -0.473915309 0.003784832 0.880562365 92.465438843
0.906017840 0.016895158 0.422902107 56.899780273 -0.016268756 0.999854684 -0.005090822 -2.965404749 -0.422926724 -0.002267717 0.906161070 92.900779724
0.925750256 0.018201005 0.377697229 57.008029938 -0.019266874 0.999813914 -0.000956597 -2.987218142 -0.377644360 -0.006391474 0.925928652 93.289466858
0.940835238 0.024066053 0.338008314 57.132820129 -0.026118465 0.999657691 0.001524701 -2.992854834 -0.337855875 -0.010262751 0.941141784 93.745834351
0.952701449 0.028189963 0.302597493 57.245101929 -0.029840905 0.999554336 0.000833031 -2.996470690 -0.302439123 -0.009823411 0.953118026 94.206291199
0.961789787 0.030657984 0.272067159 57.348117828 -0.032109622 0.999484003 0.000884134 -2.996121168 -0.271899611 -0.009586323 0.962277889 94.671508789
0.967703223 0.025561243 0.250792563 57.451354980 -0.026649987 0.999644399 0.000945523 -3.000519514 -0.250679195 -0.007598603 0.968040407 95.138519287
0.971744180 0.022656335 0.234946370 57.563217163 -0.023827026 0.999713838 0.002144869 -3.015267849 -0.234830469 -0.007682337 0.972005963 95.617767334
0.974605799 0.026764683 0.222322255 57.656089783 -0.027874971 0.999609709 0.001857102 -3.019507885 -0.222185716 -0.008007167 0.974971533 96.110534668
0.976558924 0.032150872 0.212835342 57.741104126 -0.033537704 0.999433219 0.002907876 -3.022323370 -0.212621152 -0.009977719 0.977083802 96.629669189
0.977703214 0.038296007 0.206470147 57.840492249 -0.039262149 0.999228835 0.000582437 -3.007894754 -0.206288636 -0.008675912 0.978452742 97.114509583
0.978034556 0.044212822 0.203700230 57.932674408 -0.044555373 0.999002635 -0.002906405 -3.013975143 -0.203625575 -0.006233376 0.979029059 97.633789062
0.978137434 0.045814347 0.202850625 58.039661407 -0.045627460 0.998942852 -0.005600113 -3.021404266 -0.202892751 -0.003777880 0.979193687 98.171379089
0.977609098 0.044811334 0.205602869 58.150810242 -0.043893274 0.998995543 -0.009026437 -3.034697533 -0.205800802 -0.000200257 0.978593886 98.705940247
0.976891518 0.043229382 0.209318548 58.273399353 -0.040790837 0.999040365 -0.015955016 -3.034700394 -0.209807396 0.007048039 0.977717340 99.263175964
0.976131558 0.043033823 0.212873638 58.409057617 -0.039610919 0.999008536 -0.020320421 -3.045782089 -0.213537037 0.011403284 0.976868451 99.807205200
0.974855483 0.047899287 0.217628986 58.524635315 -0.044592500 0.998803258 -0.020083388 -3.055880070 -0.218330547 0.009873776 0.975825012 100.392448425
0.973436654 0.050979484 0.223208264 58.654121399 -0.048606627 0.998687983 -0.016115535 -3.069414854 -0.223736987 0.004838048 0.974637628 100.980941772
0.972515464 0.047672350 0.227905437 58.799850464 -0.046253473 0.998862743 -0.011565818 -3.080972672 -0.228197634 0.000706517 0.973614693 101.576820374
0.971799970 0.043562237 0.231747448 58.950099945 -0.043409634 0.999040723 -0.005760380 -3.097279310 -0.231776103 -0.004462142 0.972759008 102.199348450
0.971044004 0.041273218 0.235308409 59.105316162 -0.042264815 0.999106109 -0.000830067 -3.111517906 -0.235132322 -0.009139237 0.971920371 102.816520691
0.970470548 0.036531184 0.238437176 59.261940002 -0.037565969 0.999294043 -0.000204402 -3.118870020 -0.238276333 -0.008758754 0.971157849 103.454948425
0.970486820 0.033017788 0.238883197 59.420948029 -0.033134140 0.999444723 -0.003529829 -3.124750137 -0.238867104 -0.004489536 0.971041799 104.098175049
0.970643401 0.032434698 0.238325760 59.583641052 -0.030891547 0.999470711 -0.010208052 -3.137428761 -0.238530695 0.002546126 0.971131563 104.743873596
0.970831931 0.034805439 0.237220719 59.741546631 -0.031705022 0.999354780 -0.016873417 -3.149561405 -0.237654969 0.008860166 0.971309185 105.383926392
0.971429348 0.037586905 0.234333232 59.898620605 -0.033659827 0.999218225 -0.020737004 -3.157177687 -0.234929502 0.012256917 0.971935093 106.061386108
0.971992552 0.036505606 0.232158408 60.058521271 -0.033523913 0.999297082 -0.016777100 -3.164226770 -0.232607663 0.008524359 0.972533345 106.759162903
0.972383022 0.032197233 0.231158927 60.222984314 -0.030973068 0.999480307 -0.008923830 -3.184232950 -0.231326148 0.001517679 0.972875118 107.468093872
0.972977757 0.032564078 0.228591114 60.390876770 -0.032757137 0.999458909 -0.002950639 -3.200657845 -0.228563577 -0.004617087 0.973518014 108.187301636
0.973241925 0.036109030 0.226927996 60.548591614 -0.036193218 0.999337554 -0.003791299 -3.210772038 -0.226914585 -0.004523403 0.973904133 108.914360046
0.973549664 0.041463591 0.224681482 60.704242706 -0.040611405 0.999139547 -0.008414999 -3.220122814 -0.224837065 -0.000932212 0.974395931 109.649307251
0.974380910 0.042500932 0.220851213 60.867172241 -0.040495913 0.999087155 -0.013600463 -3.232252598 -0.221227601 0.004308460 0.975212634 110.386749268
0.975310683 0.041098066 0.216978878 61.033721924 -0.038403954 0.999124169 -0.016620388 -3.243191957 -0.217471913 0.007877197 0.976034701 111.145317078
0.976279318 0.038864151 0.212997913 61.201606750 -0.036482617 0.999220252 -0.015101586 -3.257188320 -0.213418737 0.006972646 0.976935923 111.918937683
0.977134407 0.035214726 0.209685907 61.366706848 -0.033244297 0.999363720 -0.012915376 -3.276051998 -0.210007265 0.005649195 0.977683604 112.687759399
0.977575600 0.033861317 0.207844213 61.533042908 -0.032477733 0.999421716 -0.010066660 -3.291992664 -0.208064854 0.003090613 0.978110194 113.481452942
0.977884352 0.031222405 0.206802920 61.697826385 -0.030257497 0.999511540 -0.007827876 -3.305199385 -0.206946328 0.001397421 0.978351235 114.279647827
0.978094280 0.026160916 0.206511497 61.866523743 -0.025366411 0.999657094 -0.006494562 -3.319827557 -0.206610650 0.001113838 0.978422642 115.069229126
0.978206813 0.026911598 0.205881163 62.030326843 -0.026461814 0.999637663 -0.004938371 -3.332057238 -0.205939487 -0.000617240 0.978564560 115.871696472
0.977978230 0.032396466 0.206176862 62.195098877 -0.031656455 0.999475062 -0.006887949 -3.343892574 -0.206291795 0.000209435 0.978490472 116.692230225
0.977704763 0.038159549 0.206487820 62.359432220 -0.036798142 0.999268234 -0.010431154 -3.351717472 -0.206734776 0.002600219 0.978393614 117.500999451
0.977148950 0.046109948 0.207493708 62.517631531 -0.044639681 0.998933852 -0.011765031 -3.372768402 -0.207814962 0.002233736 0.978165567 118.327537537
0.976176441 0.052195009 0.210606664 62.677680969 -0.050942838 0.998636782 -0.011370299 -3.386341572 -0.210913062 0.000370519 0.977504671 119.155448914
0.975381911 0.054917887 0.213574797 62.846008301 -0.054173045 0.998487830 -0.009343042 -3.407195091 -0.213764906 -0.002456964 0.976881981 119.988739014
0.974774301 0.056089725 0.216030017 63.026615143 -0.055222370 0.998423457 -0.010053931 -3.429765940 -0.216253340 -0.002129377 0.976334870 120.819572449
0.974447608 0.053965352 0.218035609 63.202125549 -0.052385040 0.998541951 -0.013026299 -3.438285112 -0.218420684 0.001271642 0.975853801 121.659179688
0.974508286 0.047587480 0.219246268 63.406631470 -0.046193045 0.998866498 -0.011484937 -3.461996078 -0.219544277 0.001064515 0.975601852 122.491928101
0.974777699 0.040976811 0.219383612 63.601154327 -0.039101593 0.999152184 -0.012884725 -3.484244108 -0.219725564 0.003981494 0.975553513 123.325187683
0.974539101 0.040422209 0.220543966 63.785758972 -0.038492762 0.999173760 -0.013040986 -3.504838943 -0.220888913 0.004219602 0.975289822 124.152175903
0.973897934 0.043395732 0.222799674 63.965862274 -0.042189937 0.999057829 -0.010171277 -3.522883415 -0.223031178 0.000505882 0.974811137 124.990165710
0.973545909 0.044936009 0.224029303 64.151268005 -0.045063432 0.998973787 -0.004546596 -3.538273811 -0.224003732 -0.005669212 0.974571824 125.810295105
0.973158121 0.048600651 0.224947169 64.329689026 -0.049801055 0.998759151 -0.000338010 -3.556890011 -0.224684447 -0.010873670 0.974370956 126.639961243
0.972990334 0.047478914 0.225910559 64.516906738 -0.047269512 0.998862147 -0.006339285 -3.580784559 -0.225954488 -0.004510620 0.974127412 127.458213806
0.973302603 0.043365519 0.225392073 64.712738037 -0.039621726 0.998991907 -0.021109281 -3.595427513 -0.226080254 0.011615291 0.974039435 128.270736694
