1 -1.19762e-11 -1.70464e-10 3.2141e-14 -1.19762e-11 1 -3.5625e-10 -1.9984e-15 -1.70464e-10 -3.5625e-10 1 -4.04121e-14
0.999996 0.00287222 0.000683995 0.00387974 -0.00287371 0.999994 0.0021903 -0.184991 -0.0006777 -0.00219226 0.999997 0.808514
0.999983 0.00558766 0.00156274 0.0071924 -0.00559262 0.999979 0.00319036 -0.368236 -0.00154488 -0.00319905 0.999994 1.63042
0.999973 0.00692122 0.00235506 0.0204547 -0.00692838 0.999971 0.00305014 -0.55232 -0.00233389 -0.00306638 0.999993 2.38989
0.999956 0.00889145 0.00279537 0.0295866 -0.00889977 0.999956 0.00297851 -0.734327 -0.00276876 -0.00300326 0.999992 3.17391
0.999953 0.00905177 0.00360911 0.0333512 -0.00906275 0.999954 0.00303692 -0.91831 -0.00358146 -0.00306948 0.999989 3.89859
0.999947 0.00934423 0.00439364 0.0381671 -0.00936334 0.999947 0.00434958 -1.10239 -0.00435276 -0.00439049 0.999981 4.63077
0.999935 0.010024 0.00541111 0.0505932 -0.010063 0.999923 0.00721733 -1.2851 -0.00533835 -0.00727132 0.999959 5.3216
0.999926 0.00985634 0.00708516 0.0517082 -0.00993643 0.999886 0.0113592 -1.47059 -0.0069724 -0.0114287 0.99991 5.96928
0.999923 0.00903604 0.00854475 0.0624746 -0.00916442 0.999844 0.015107 -1.65575 -0.00840691 -0.0151841 0.999849 6.58458
0.999919 0.00818437 0.00977958 0.0774708 -0.0083564 0.999809 0.0176815 -1.83985 -0.009633 -0.0177618 0.999796 7.17943
0.999899 0.00856945 0.0113173 0.091596 -0.00877174 0.999801 0.0179478 -2.02339 -0.0111613 -0.0180453 0.999775 7.76333
0.99987 0.00973919 0.0128197 0.0780621 -0.0099426 0.999824 0.0159001 -2.20695 -0.0126626 -0.0160255 0.999791 8.2945
0.999854 0.00970544 0.0140366 0.0526946 -0.00988363 0.999871 0.0126816 -2.39491 -0.0139117 -0.0128185 0.999821 8.77105
0.999839 0.00839163 0.0158618 0.0453994 -0.00857343 0.999898 0.0114284 -2.57981 -0.0157643 -0.0115625 0.999809 9.21916
0.999829 0.00473091 0.0178643 0.0363 -0.00489741 0.999945 0.00928778 -2.76795 -0.0178194 -0.00937369 0.999797 9.64713
0.999801 0.00237175 0.0198042 0.0472548 -0.00252994 0.999965 0.00796629 -2.95358 -0.0197846 -0.00801481 0.999772 10.0472
0.999732 0.00667103 0.0221681 0.0420154 -0.00681489 0.999956 0.0064206 -3.14255 -0.0221242 -0.00656996 0.999734 10.4353
0.999615 0.0113035 0.0253232 0.0376912 -0.01145 0.999918 0.00564813 -3.33327 -0.0252573 -0.00593591 0.999663 10.7557
0.999511 0.0121765 0.0288068 0.0317648 -0.0123698 0.999902 0.00654098 -3.52323 -0.0287244 -0.00689412 0.999564 11.0482
0.999455 0.00807745 0.0319967 0.0507227 -0.00831272 0.999939 0.00722689 -3.70666 -0.0319363 -0.00748894 0.999462 11.324
0.999399 0.00292137 0.0345289 0.0703962 -0.00314893 0.999974 0.00653784 -3.88884 -0.0345089 -0.00664265 0.999382 11.572
0.999314 -0.000627053 0.0370392 0.095297 0.000325871 0.999967 0.00813691 -4.07123 -0.0370431 -0.00811925 0.999281 11.7952
0.99921 -0.00102873 0.0397198 0.0902813 0.00065236 0.999955 0.00948754 -4.26808 -0.0397277 -0.00945414 0.999166 11.896
0.999127 -0.000208499 0.041767 0.0966904 -0.000139579 0.999965 0.00833072 -4.45747 -0.0417673 -0.00832928 0.999093 12.008
0.99903 0.000621358 0.0440397 0.106489 -0.000916579 0.999977 0.00668365 -4.64461 -0.0440346 -0.00671753 0.999008 12.1044
0.998908 0.00281338 0.0466448 0.112343 -0.00307861 0.999979 0.0056152 -4.83371 -0.0466281 -0.00575267 0.998896 12.1915
0.998811 0.00574344 0.0484077 0.124405 -0.00600489 0.999968 0.00525723 -5.02168 -0.0483759 -0.00554166 0.998814 12.281
0.998737 0.00742286 0.0496871 0.1056 -0.00762769 0.999963 0.00393416 -5.22076 -0.0496561 -0.00430819 0.998757 12.2932
0.998644 0.00663548 0.0516293 0.107397 -0.00674988 0.999975 0.00204167 -5.41056 -0.0516145 -0.00238739 0.998664 12.3354
0.998575 0.00536011 0.0530925 0.106056 -0.00539064 0.999985 0.000431911 -5.59975 -0.0530894 -0.000717499 0.998589 12.367
0.998521 0.00454847 0.0541703 0.120544 -0.00451601 0.99999 -0.000721638 -5.7828 -0.054173 0.000475937 0.998531 12.4238
0.998437 0.00527056 0.0556392 0.117563 -0.00516252 0.999984 -0.00208525 -5.9733 -0.0556493 0.00179475 0.998449 12.4453
0.998359 0.00630259 0.0569247 0.125276 -0.0060705 0.999973 -0.00424909 -6.16058 -0.0569499 0.00389655 0.99837 12.4807
0.998313 0.0064432 0.0577063 0.127033 -0.00607842 0.99996 -0.00649451 -6.35032 -0.0577458 0.00613279 0.998312 12.5006
0.998277 0.00567698 0.0584078 0.14254 -0.0051726 0.999948 -0.00878305 -6.53483 -0.0584546 0.0084658 0.998254 12.5451
0.998304 0.00478026 0.0580211 0.156946 -0.00416204 0.999933 -0.0107713 -6.71921 -0.0580688 0.0105116 0.998257 12.5901
0.998424 0.00428018 0.0559573 0.160183 -0.00361215 0.999921 -0.0120339 -6.90392 -0.0560044 0.0118128 0.998361 12.6296
0.998587 0.00444332 0.0529465 0.150419 -0.00375863 0.999908 -0.0130242 -7.09153 -0.0529995 0.0128068 0.998512 12.6565
0.99879 0.00507752 0.0489045 0.151509 -0.00438827 0.99989 -0.0141908 -7.27541 -0.0489711 0.013959 0.998703 12.7029
0.99905 0.00541025 0.0432301 0.155181 -0.00475059 0.999871 -0.0153474 -7.4576 -0.0433076 0.0151274 0.998947 12.7549
0.999317 0.00533367 0.0365752 0.156773 -0.0047458 0.999859 -0.0161408 -7.63965 -0.0366561 0.0159562 0.999201 12.8065
0.999554 0.00545237 0.0293451 0.146149 -0.00495558 0.999844 -0.0169756 -7.82327 -0.0294331 0.0168227 0.999425 12.8366
0.999759 0.00566253 0.0212007 0.131374 -0.00528066 0.999824 -0.018025 -8.00675 -0.021299 0.0179087 0.999613 12.8667
0.999927 0.00457388 0.0111988 0.128123 -0.0043569 0.999804 -0.019324 -8.18743 -0.011285 0.0192738 0.999751 12.9243
0.999993 0.00320648 -0.00172585 0.118103 -0.00324207 0.999774 -0.0210261 -8.36889 0.00165803 0.0210315 0.999777 12.9866
0.999843 0.00239823 -0.017575 0.11342 -0.00280307 0.999731 -0.0230469 -8.54741 0.017515 0.0230925 0.99958 13.0785
0.999312 0.00290502 -0.0369779 0.0778454 -0.00379679 0.999703 -0.0240689 -8.73287 0.036897 0.0241928 0.999026 13.147
0.998265 0.00377597 -0.0587657 0.0460112 -0.00517983 0.999704 -0.0237551 -8.91612 0.0586586 0.0240183 0.997989 13.2518
0.996595 0.00449199 -0.0823292 0.00237893 -0.00636368 0.999727 -0.022486 -9.09883 0.0822056 0.0229333 0.996352 13.3622
0.994024 0.00552037 -0.10902 -0.0383496 -0.00784146 0.999751 -0.0208733 -9.28144 0.108878 0.0216034 0.99382 13.5146
0.990274 0.00683762 -0.138963 -0.102743 -0.00954158 0.999778 -0.0188014 -9.4643 0.138803 0.0199444 0.990119 13.6625
0.985052 0.00704131 -0.172114 -0.17841 -0.00982824 0.999834 -0.0153455 -9.64714 0.171978 0.0168077 0.984957 13.8467
0.977923 0.00812976 -0.208809 -0.263549 -0.0107414 0.999878 -0.0113764 -9.82914 0.208691 0.0133681 0.97789 14.0491
0.968578 0.00964829 -0.248522 -0.377392 -0.0114435 0.999918 -0.00577996 -10.0067 0.248445 0.0084423 0.968609 14.2372
0.95695 0.0136806 -0.289929 -0.491289 -0.0145992 0.999893 -0.0010056 -10.1853 0.289884 0.00519502 0.957048 14.4659
0.943138 0.0173227 -0.33195 -0.637296 -0.0171575 0.999847 0.00342845 -10.3647 0.331959 0.00246195 0.943291 14.6982
0.926813 0.0201685 -0.374982 -0.803739 -0.018122 0.999795 0.00898359 -10.5399 0.375086 -0.0015307 0.926989 14.9181
0.90787 0.0236565 -0.418585 -0.984812 -0.0182663 0.999691 0.0168802 -10.7177 0.418854 -0.00767902 0.908021 15.169
0.886429 0.0282593 -0.462002 -1.1719 -0.0194475 0.999527 0.0238248 -10.8927 0.462457 -0.0121342 0.886559 15.4091
0.862079 0.0334044 -0.505672 -1.39352 -0.0219916 0.999351 0.0285248 -11.0635 0.506297 -0.0134701 0.862254 15.5995
0.83461 0.036944 -0.5496 -1.62828 -0.0230438 0.999217 0.0321734 -11.2333 0.550358 -0.0141874 0.834808 15.8372
0.804221 0.0406158 -0.592941 -1.90939 -0.0256345 0.999104 0.0336689 -11.3996 0.593777 -0.0118775 0.804542 16.031
0.771112 0.0433731 -0.635221 -2.18364 -0.0260968 0.998992 0.0365318 -11.5614 0.636165 -0.0115929 0.771466 16.2579
0.734686 0.0470719 -0.676772 -2.47742 -0.0270505 0.998829 0.0401067 -11.7201 0.677868 -0.0111588 0.735099 16.4813
0.696312 0.0488664 -0.716073 -2.81285 -0.0253917 0.998732 0.0434646 -11.877 0.71729 -0.0120826 0.69667 16.6577
0.656045 0.0489533 -0.753133 -3.16863 -0.0227131 0.998723 0.0451314 -12.0363 0.75438 -0.0125022 0.656319 16.8916
0.613873 0.0482325 -0.78793 -3.55852 -0.0178163 0.998724 0.0472554 -12.1944 0.789204 -0.0149708 0.613949 17.1135
0.569587 0.0484808 -0.8205 -3.97538 -0.0130029 0.998665 0.0499816 -12.3485 0.821828 -0.0178 0.569457 17.2927
0.523398 0.0501638 -0.85061 -4.41052 -0.0111366 0.998583 0.0520378 -12.4995 0.852015 -0.0177636 0.523215 17.492
0.474446 0.0498018 -0.878875 -4.86851 -0.0100728 0.99864 0.0511507 -12.6485 0.880227 -0.0154156 0.474303 17.6252
0.422406 0.0488576 -0.905089 -5.37226 -0.00495767 0.998656 0.0515946 -12.7964 0.906393 -0.0173068 0.42208 17.8
0.36911 0.0487475 -0.928106 -5.88726 0.000248981 0.998618 0.0525501 -12.9439 0.929386 -0.0196279 0.368588 17.9579
0.315326 0.046931 -0.947822 -6.44453 0.00382488 0.998706 0.0507229 -13.088 0.948976 -0.0196195 0.314738 18.049
0.262172 0.0520778 -0.963615 -7.01114 0.00458474 0.998464 0.0552086 -13.2307 0.96501 -0.0188921 0.26153 18.1557
0.210809 0.0580238 -0.975804 -7.60344 0.00700005 0.998122 0.0608631 -13.3734 0.977502 -0.0196612 0.210007 18.2418
0.161979 0.0592847 -0.985012 -8.25299 0.013137 0.997976 0.0622253 -13.5132 0.986707 -0.0230193 0.160873 18.2863
0.117338 0.0612336 -0.991202 -8.90279 0.0158658 0.997854 0.0635227 -13.6569 0.992965 -0.0231798 0.116115 18.3314
0.0764613 0.0603537 -0.995244 -9.59378 0.0156078 0.997972 0.0617182 -13.7953 0.99695 -0.0202527 0.0753642 18.3335
0.040643 0.0558335 -0.997613 -10.2776 0.014159 0.998305 0.0564491 -13.925 0.999073 -0.0164195 0.0397836 18.3282
0.011259 0.05492 -0.998427 -10.9924 0.0117381 0.998415 0.0550516 -14.0556 0.999868 -0.0123395 0.0105965 18.2969
-0.0102577 0.0594562 -0.998178 -11.7379 0.0101807 0.998185 0.059352 -14.1881 0.999896 -0.00955339 -0.0108444 18.2624
-0.0237065 0.0655562 -0.997567 -12.5414 0.0111511 0.997803 0.0653067 -14.3162 0.999657 -0.0095758 -0.0243854 18.2251
-0.031989 0.0687972 -0.997118 -13.3162 0.0113315 0.997589 0.0684661 -14.4462 0.999424 -0.00910868 -0.0326914 18.1798
-0.0360816 0.0663799 -0.997142 -14.1236 0.012476 0.997744 0.0659685 -14.575 0.999271 -0.0100601 -0.0368284 18.1372
-0.035719 0.0626329 -0.997397 -14.9304 0.018276 0.997908 0.0620104 -14.6989 0.999195 -0.0160135 -0.036789 18.0981
-0.0316451 0.0600829 -0.997692 -15.8012 0.0312863 0.997762 0.0590948 -14.8118 0.999009 -0.029344 -0.033454 18.0776
-0.0261786 0.0603406 -0.997834 -16.6601 0.0325269 0.9977 0.0594791 -14.9347 0.999128 -0.0308994 -0.0280811 18.0436
-0.020678 0.0597414 -0.998 -17.5535 0.0292387 0.997822 0.0591249 -15.064 0.999359 -0.0279577 -0.0223797 18.0072
-0.0176159 0.0530927 -0.998434 -18.4404 0.0342468 0.998035 0.0524673 -15.1898 0.999258 -0.0332689 -0.0193995 17.981
-0.0156712 0.04256 -0.998971 -19.3804 0.0324127 0.99859 0.0420353 -15.306 0.999352 -0.0317206 -0.0170286 17.9415
-0.0147813 0.0346526 -0.99929 -20.309 0.0245319 0.999111 0.0342835 -15.4365 0.99959 -0.0240077 -0.0156182 17.8938
-0.016172 0.0308855 -0.999392 -21.2605 0.0189955 0.999352 0.0305769 -15.5662 0.999689 -0.0184895 -0.0167482 17.8469
-0.0196366 0.0374384 -0.999106 -22.232 0.0103228 0.999253 0.037241 -15.7054 0.999754 -0.00958232 -0.0200084 17.7912
-0.0240465 0.0452881 -0.998685 -23.2266 0.00345999 0.998971 0.0452177 -15.8392 0.999705 -0.00236812 -0.0241785 17.7326
-0.0289446 0.0547049 -0.998083 -24.254 0.00276157 0.998502 0.0546478 -15.9548 0.999577 -0.00117452 -0.0290523 17.6733
-0.0308986 0.0643215 -0.997451 -25.2945 0.00140713 0.997929 0.0643087 -16.0661 0.999521 0.000583504 -0.0309251 17.6126
-0.0320016 0.0732844 -0.996798 -26.3404 0.00267325 0.997311 0.0732363 -16.1724 0.999484 -0.000321015 -0.0321114 17.5552
-0.0332838 0.0749239 -0.996634 -27.3797 0.00458833 0.997187 0.0748123 -16.2758 0.999435 -0.00208285 -0.033534 17.4996
-0.0352943 0.071459 -0.996819 -28.4203 0.00312678 0.997443 0.071393 -16.3926 0.999372 -0.000597066 -0.0354275 17.4366
-0.0377602 0.0670182 -0.997037 -29.5326 0.00296367 0.997752 0.0669539 -16.2029 0.999282 -0.000426694 -0.037874 17.3827
-0.0425207 0.062064 -0.997166 -30.6534 0.0032748 0.998072 0.0619807 -15.9363 0.99909 -0.000630055 -0.042642 17.3255
-0.0482963 0.0570019 -0.997205 -31.7353 0.00328877 0.998374 0.0569094 -15.7839 0.998828 -0.00053107 -0.0484052 17.2592
-0.0549324 0.0543189 -0.997011 -32.8401 0.00258879 0.998524 0.0542586 -15.5409 0.998487 0.000399495 -0.0549919 17.187
-0.0613933 0.0576169 -0.996449 -33.9364 0.00290027 0.998339 0.0575474 -15.3887 0.998109 0.000643057 -0.0614584 17.1056
-0.0681125 0.0628641 -0.995695 -35.0618 0.00198083 0.998019 0.0628753 -15.1617 0.997676 0.00231029 -0.0681021 17.0123
-0.0741559 0.0660269 -0.995058 -36.1721 -0.000947034 0.997801 0.0662794 -15.0002 0.997246 0.00585736 -0.0739303 16.913
-0.079205 0.0678517 -0.994546 -37.2984 -0.00358291 0.997655 0.0683491 -14.8124 0.996852 0.00897697 -0.0787762 16.8108
-0.0820654 0.0696479 -0.99419 -38.4057 -0.00818558 0.997474 0.0705536 -14.6622 0.996593 0.013928 -0.0812881 16.7014
-0.0837146 0.0708371 -0.993969 -39.5274 -0.0123962 0.997319 0.0721198 -14.4892 0.996413 0.0183589 -0.082612 16.5892
-0.0854195 0.0707118 -0.993833 -40.6292 -0.0138267 0.997298 0.0721467 -14.3463 0.996249 0.0199042 -0.084211 16.4835
-0.0868604 0.069748 -0.993776 -41.7263 -0.014121 0.99736 0.0712338 -14.2094 0.99612 0.0202205 -0.0856461 16.3762
-0.087946 0.0689277 -0.993738 -42.8245 -0.0152484 0.997393 0.0705308 -14.064 0.996008 0.0213558 -0.0866657 16.2652
-0.0889318 0.068414 -0.993685 -43.9235 -0.0175448 0.997376 0.0702383 -13.9438 0.995883 0.0236804 -0.0874981 16.1526
-0.0899525 0.0662054 -0.993743 -45.021 -0.0215142 0.997426 0.0683982 -13.8048 0.995714 0.0275322 -0.0882966 16.0124
-0.0904938 0.0612748 -0.99401 -46.1246 -0.0269092 0.997591 0.0639453 -13.6998 0.995533 0.0325347 -0.0886269 15.8747
-0.0899126 0.0599091 -0.994146 -47.233 -0.0293412 0.997597 0.0627707 -13.5769 0.995517 0.0348134 -0.0879387 15.7358
-0.0882834 0.0635548 -0.994066 -48.347 -0.0303317 0.997328 0.0664572 -13.4808 0.995633 0.0360187 -0.0861198 15.6128
-0.0866833 0.0681142 -0.993905 -49.4435 -0.0313725 0.996978 0.071061 -13.3691 0.995742 0.037341 -0.0842845 15.4598
-0.0854947 0.0670654 -0.994079 -50.5523 -0.0284294 0.997162 0.0697184 -13.2672 0.995933 0.0342216 -0.0833455 15.3321
-0.0836452 0.0664044 -0.994281 -51.6769 -0.0277439 0.997235 0.0689357 -13.1587 0.996109 0.0333513 -0.0815717 15.1924
-0.0801777 0.0672153 -0.994512 -52.7974 -0.0320372 0.997035 0.0699686 -13.065 0.996266 0.0374713 -0.0777866 15.0513
-0.0753572 0.0677518 -0.994852 -53.9258 -0.0374853 0.996791 0.0707232 -12.9629 0.996452 0.0426218 -0.0725757 14.8923
-0.0700822 0.0675869 -0.995249 -55.0311 -0.0414013 0.996646 0.070597 -12.8646 0.996682 0.0461522 -0.0670489 14.7426
-0.0650266 0.066926 -0.995637 -56.1494 -0.0431894 0.996625 0.0698131 -12.752 0.996949 0.0475406 -0.0619166 14.5756
-0.0598096 0.0657282 -0.996043 -57.271 -0.0428718 0.99674 0.0683484 -12.6562 0.997289 0.04679 -0.0567967 14.4448
-0.0549477 0.0658969 -0.996312 -58.4018 -0.0413715 0.996813 0.0682116 -12.5637 0.997632 0.044967 -0.0520463 14.3299
-0.0502229 0.0661898 -0.996542 -59.5394 -0.0405699 0.996843 0.0682544 -12.4705 0.997914 0.0438576 -0.047379 14.2194
-0.0450011 0.0678219 -0.996682 -60.6799 -0.0392825 0.996801 0.0696036 -12.3849 0.998214 0.0422844 -0.0421929 14.1302
-0.0402356 0.0684195 -0.996845 -61.8298 -0.0406303 0.996716 0.0700506 -12.2836 0.998364 0.0433206 -0.0373235 14.0348
-0.0351674 0.0690561 -0.996993 -62.9689 -0.0405607 0.996689 0.0704658 -12.1917 0.998558 0.0429168 -0.03225 13.959
-0.0305241 0.0642619 -0.997466 -64.1037 -0.0401911 0.997045 0.0654647 -12.0971 0.998726 0.0420875 -0.0278511 13.882
-0.0264042 0.0589087 -0.997914 -65.2451 -0.0399146 0.997404 0.0599347 -12.0165 0.998854 0.0414139 -0.0239843 13.8244
-0.0232152 0.0573719 -0.998083 -66.404 -0.0398396 0.997506 0.0582654 -11.9327 0.998936 0.0411159 -0.0208716 13.7702
-0.0203454 0.0603682 -0.997969 -67.5939 -0.0397363 0.997338 0.0611402 -11.8438 0.999003 0.0408995 -0.0178925 13.7041
-0.0186919 0.0604329 -0.997997 -68.8035 -0.0394801 0.997349 0.061133 -11.7531 0.999046 0.0405437 -0.0162565 13.6287
-0.0180978 0.0598521 -0.998043 -70.0011 -0.04127 0.997311 0.0605565 -11.6731 0.998984 0.0422852 -0.015579 13.5637
-0.0177048 0.0609536 -0.997984 -71.1976 -0.0426775 0.997184 0.0616619 -11.5979 0.998932 0.0436832 -0.0150536 13.4964
-0.0168669 0.0609664 -0.997997 -72.3963 -0.0433704 0.997155 0.0616479 -11.5158 0.998917 0.0443233 -0.0141748 13.4449
-0.0159573 0.0588246 -0.998141 -73.6104 -0.0439474 0.997262 0.0594754 -11.4433 0.998906 0.0448147 -0.0133285 13.4153
-0.0155483 0.0575972 -0.998219 -74.8484 -0.0422951 0.997408 0.0582092 -11.373 0.998984 0.0431248 -0.0130719 13.3856
-0.0154348 0.0576397 -0.998218 -76.0408 -0.0385148 0.997562 0.0581973 -11.3134 0.999139 0.0393445 -0.0131772 13.365
-0.0156056 0.0577732 -0.998208 -77.2349 -0.0365965 0.997627 0.0583118 -11.2561 0.999208 0.0374409 -0.0134542 13.3421
-0.0155843 0.0604548 -0.998049 -78.4288 -0.0358822 0.997494 0.0609814 -11.1908 0.999235 0.0367625 -0.013376 13.3176
-0.0156256 0.0644118 -0.997801 -79.6299 -0.0385188 0.997143 0.0649725 -11.12 0.999136 0.0394494 -0.0130999 13.2863
-0.0152037 0.0646384 -0.997793 -80.8142 -0.0408985 0.997033 0.0652123 -11.055 0.999048 0.0417997 -0.0125149 13.2477
-0.0151282 0.0623117 -0.997942 -81.9909 -0.0418508 0.997142 0.0628962 -10.9876 0.999009 0.0427162 -0.0124772 13.2025
-0.0151479 0.0597955 -0.998096 -83.178 -0.0418977 0.997296 0.0603835 -10.925 0.999007 0.0427326 -0.0126016 13.1723
-0.0154406 0.0592716 -0.998122 -84.4003 -0.0397876 0.997414 0.059845 -10.8632 0.999089 0.0406369 -0.0130424 13.154
-0.0154827 0.0609484 -0.998021 -85.6063 -0.0381747 0.997377 0.0615013 -10.8033 0.999151 0.0390513 -0.0131154 13.1361
-0.0152909 0.0636726 -0.997854 -86.8065 -0.0374614 0.997233 0.0642071 -10.7424 0.999181 0.0383628 -0.0128633 13.1163
-0.0149296 0.0660054 -0.997708 -88.0058 -0.0379302 0.997063 0.0665304 -10.6785 0.999169 0.0388365 -0.0123821 13.0905
-0.0149437 0.0666405 -0.997665 -89.2019 -0.0395405 0.996957 0.0671854 -10.6091 0.999106 0.0404522 -0.0122632 13.0574
-0.0148318 0.064573 -0.997803 -90.4074 -0.0390476 0.997114 0.0651088 -10.5364 0.999127 0.0399275 -0.0122675 13.0302
-0.0147316 0.0629132 -0.99791 -91.5902 -0.0373875 0.997286 0.0634257 -10.4716 0.999192 0.0382437 -0.0123394 13.0019
-0.0147923 0.0637593 -0.997856 -92.7642 -0.0357692 0.997292 0.0642535 -10.4143 0.999251 0.0366429 -0.0124717 12.9658
-0.014757 0.0669191 -0.997649 -93.9328 -0.0338033 0.997154 0.0673858 -10.3552 0.99932 0.0347183 -0.0124529 12.9382
-0.0145891 0.0694956 -0.997476 -95.1057 -0.0322956 0.997028 0.0699368 -10.2904 0.999372 0.0332344 -0.0123013 12.91
-0.0143377 0.0708818 -0.997382 -96.2696 -0.0329445 0.996909 0.0713218 -10.2204 0.999354 0.0338808 -0.0119582 12.8747
-0.0141093 0.0728591 -0.997243 -97.4259 -0.0351827 0.996688 0.0733163 -10.1474 0.999281 0.0361202 -0.0114992 12.8303
-0.0141068 0.0721711 -0.997292 -98.5864 -0.0378554 0.996638 0.0726592 -10.0754 0.999184 0.0387779 -0.0113273 12.793
-0.0139333 0.0686527 -0.997543 -99.7549 -0.0404771 0.996784 0.0691658 -9.9947 0.999083 0.0413414 -0.0111096 12.7534
-0.013782 0.0672152 -0.997643 -100.922 -0.042383 0.996802 0.067744 -9.90911 0.999006 0.0432168 -0.0108891 12.721
-0.0138979 0.0655864 -0.99775 -102.087 -0.0418995 0.996932 0.0661163 -9.82595 0.999025 0.0427241 -0.0111072 12.695
-0.0138214 0.0641918 -0.997842 -103.254 -0.0405096 0.997082 0.0647041 -9.74409 0.999084 0.0413165 -0.0111807 12.6711
-0.0139437 0.0661093 -0.997715 -104.419 -0.039975 0.996977 0.0666191 -9.66488 0.999103 0.0408126 -0.0112588 12.6468
-0.0137655 0.0690902 -0.997515 -105.589 -0.0388295 0.996821 0.0695779 -9.58465 0.999151 0.0396908 -0.011039 12.622
-0.0144544 0.0680621 -0.997576 -106.762 -0.0424797 0.996738 0.0686205 -9.50204 0.998993 0.0433687 -0.011516 12.5987
-0.0151151 0.0691836 -0.997489 -107.951 -0.0471613 0.996444 0.0698257 -9.4152 0.998773 0.0480983 -0.0117986 12.5747
-0.0153249 0.0682666 -0.997549 -109.132 -0.0503736 0.996347 0.0689581 -9.33768 0.998613 0.0513069 -0.0118301 12.5453
-0.0154678 0.0648628 -0.997774 -110.321 -0.0510853 0.996539 0.0655745 -9.26009 0.998574 0.0519859 -0.0121008 12.5174
-0.0161899 0.0603719 -0.998045 -111.507 -0.0514084 0.996805 0.0611309 -9.18774 0.998546 0.0522976 -0.0130346 12.492
-0.0169747 0.0596256 -0.998076 -112.706 -0.048141 0.997014 0.0603808 -9.11758 0.998696 0.0490734 -0.0140536 12.4706
-0.0175237 0.0593748 -0.998082 -113.911 -0.0437226 0.997235 0.0600921 -9.05079 0.99889 0.0446918 -0.0148792 12.4517
-0.0181167 0.0606489 -0.997995 -115.125 -0.0425146 0.997209 0.0613729 -8.98127 0.998932 0.0435412 -0.0154877 12.4275
-0.0188644 0.0647997 -0.99772 -116.345 -0.0420646 0.996963 0.0655458 -8.91262 0.998937 0.0432051 -0.0160813 12.4015
-0.0195686 0.0652393 -0.997678 -117.566 -0.0404787 0.996999 0.0659888 -8.83987 0.998989 0.041676 -0.0168691 12.3779
-0.0200409 0.0608893 -0.997943 -118.791 -0.0401854 0.997288 0.0616563 -8.763 0.998991 0.0413384 -0.0175397 12.3569
-0.0207722 0.0568817 -0.998165 -120.02 -0.0403618 0.997519 0.0576849 -8.69205 0.998969 0.041486 -0.0184249 12.3317
-0.0218254 0.0554152 -0.998225 -121.257 -0.0397277 0.997626 0.0562505 -8.62567 0.998972 0.0408849 -0.019572 12.3065
-0.0223609 0.0564426 -0.998155 -122.507 -0.0408426 0.99752 0.0573216 -8.56056 0.998915 0.042049 -0.0200002 12.2776
-0.0229786 0.061047 -0.99787 -123.766 -0.0456837 0.997027 0.0620474 -8.49271 0.998692 0.0470122 -0.0201214 12.2431
-0.0233709 0.0648553 -0.997621 -125.025 -0.0516029 0.996485 0.0659903 -8.42379 0.998394 0.0530224 -0.019942 12.2035
-0.023527 0.064434 -0.997645 -126.283 -0.0586698 0.996112 0.0657186 -8.34999 0.998 0.0600778 -0.0196552 12.1623
-0.0233649 0.0622741 -0.997786 -127.541 -0.0622446 0.996031 0.0636221 -8.27942 0.997787 0.0635933 -0.0193959 12.1239
-0.0238915 0.060987 -0.997853 -128.801 -0.0641511 0.995987 0.0624089 -8.21084 0.997654 0.0655044 -0.0198832 12.0887
-0.0245082 0.0609363 -0.997841 -130.058 -0.0648184 0.995943 0.0624125 -8.14658 0.997596 0.066208 -0.020459 12.0568
-0.02508 0.0598555 -0.997892 -131.318 -0.0625433 0.996156 0.0613233 -8.08316 0.997727 0.0639495 -0.02124 12.0358
-0.0255901 0.0601913 -0.997859 -132.57 -0.062624 0.996129 0.0616929 -8.01623 0.997709 0.0640686 -0.0217216 11.9886
-0.0263278 0.0652467 -0.997522 -133.838 -0.0624661 0.99581 0.0667834 -7.93719 0.9977 0.0640695 -0.0221418 11.9401
-0.027113 0.0702514 -0.997161 -135.113 -0.0617992 0.995502 0.0718149 -7.84914 0.99772 0.0635709 -0.0226496 11.8815
-0.0273386 0.0683661 -0.997286 -136.374 -0.0617547 0.995637 0.069946 -7.76046 0.997717 0.0634993 -0.0229974 11.8205
-0.0268292 0.0667203 -0.997411 -137.647 -0.0617716 0.995753 0.0682709 -7.66796 0.99773 0.0634434 -0.0225939 11.7634
-0.0257968 0.0668606 -0.997429 -138.906 -0.0611336 0.995788 0.0683317 -7.58699 0.997796 0.0627391 -0.0216007 11.7155
-0.0250291 0.0660907 -0.9975 -140.169 -0.061464 0.995823 0.0675218 -7.50531 0.997795 0.0630003 -0.0208624 11.6671
-0.0243647 0.0674414 -0.997426 -141.424 -0.0611582 0.995753 0.0688222 -7.42872 0.997831 0.0626776 -0.0201366 11.6247
-0.0236309 0.0716804 -0.997148 -142.686 -0.0625007 0.995369 0.0730337 -7.34083 0.997765 0.0640483 -0.0190414 11.5926
-0.0223312 0.0730696 -0.997077 -143.937 -0.0639869 0.995176 0.0743634 -7.25533 0.997701 0.0654605 -0.017548 11.5586
-0.0214789 0.0704483 -0.997284 -145.186 -0.0663403 0.995215 0.0717309 -7.16943 0.997566 0.0677008 -0.0167025 11.5237
-0.0213409 0.0670291 -0.997523 -146.426 -0.0652644 0.995528 0.0682914 -7.08979 0.99764 0.0665601 -0.0168708 11.4927
-0.021398 0.0653734 -0.997631 -147.669 -0.0624278 0.995825 0.066594 -7.01338 0.99782 0.063705 -0.0172275 11.4658
-0.0216273 0.0648926 -0.997658 -148.919 -0.0611853 0.995935 0.0661068 -6.93253 0.997892 0.0624717 -0.0175689 11.4495
-0.0218057 0.065009 -0.997646 -150.161 -0.0584101 0.996096 0.0661847 -6.85533 0.998055 0.0597159 -0.0179234 11.4292
-0.0219991 0.0643314 -0.997686 -151.402 -0.0562112 0.996269 0.0654795 -6.78042 0.998177 0.0575216 -0.0183009 11.4086
-0.021791 0.0644121 -0.997685 -152.638 -0.0557818 0.99629 0.0655403 -6.70625 0.998205 0.0570809 -0.0181171 11.3818
-0.0220074 0.066422 -0.997549 -153.879 -0.0530591 0.996307 0.0675098 -6.62904 0.998349 0.0544148 -0.0184018 11.3592
-0.0222926 0.0681195 -0.997428 -155.115 -0.0506585 0.996317 0.0691758 -6.5525 0.998467 0.0520703 -0.0187596 11.333
-0.0223664 0.0666681 -0.997524 -156.35 -0.0481826 0.996543 0.0676829 -6.47327 0.998588 0.0495771 -0.0190769 11.3105
-0.022998 0.0668078 -0.997501 -157.58 -0.0492914 0.996475 0.0678755 -6.39756 0.998519 0.0507292 -0.0196239 11.2813
-0.0229667 0.0715932 -0.99717 -158.816 -0.0498877 0.996108 0.072666 -6.31869 0.998491 0.0514154 -0.0193057 11.2513
-0.0228277 0.0780094 -0.996691 -160.047 -0.0554865 0.995316 0.0791725 -6.23827 0.998198 0.0571103 -0.0183923 11.2141
-0.021481 0.0785125 -0.996682 -161.277 -0.0600604 0.99501 0.0796752 -6.1518 0.997964 0.0615726 -0.0166584 11.1779
-0.0202162 0.0745081 -0.997015 -162.496 -0.0639214 0.995083 0.0756598 -6.06657 0.99775 0.0652602 -0.0153541 11.1432
-0.018612 0.0693515 -0.997419 -163.709 -0.0657329 0.995348 0.0704341 -5.98296 0.997664 0.0668742 -0.0139667 11.1076
-0.0178797 0.0669446 -0.997596 -164.928 -0.0682424 0.995347 0.0680168 -5.89369 0.997508 0.0692945 -0.013228 11.0581
-0.0169204 0.0652108 -0.997728 -166.146 -0.0640036 0.995754 0.0661671 -5.81302 0.997806 0.0649778 -0.0126749 11.0202
-0.0167496 0.0598043 -0.99807 -167.36 -0.0597827 0.996364 0.0607053 -5.73244 0.998071 0.060684 -0.0131135 10.9834
-0.0168766 0.0581601 -0.998165 -168.565 -0.0544193 0.996774 0.0589991 -5.66699 0.998375 0.0553152 -0.0136571 10.9657
-0.0178117 0.0587501 -0.998114 -169.76 -0.0509276 0.996923 0.0595888 -5.60544 0.998544 0.0518929 -0.0147649 10.9555
-0.0173544 0.0666381 -0.997626 -170.968 -0.0514825 0.996393 0.0674513 -5.54143 0.998523 0.0525308 -0.0138612 10.9337
-0.0158327 0.0695746 -0.997451 -172.169 -0.0536184 0.996082 0.0703301 -5.47277 0.998436 0.0545953 -0.0120402 10.9143
-0.0139589 0.0662715 -0.997704 -173.369 -0.0542573 0.996281 0.0669361 -5.40095 0.998429 0.0550671 -0.0103113 10.8948
-0.0131354 0.0652124 -0.997785 -174.571 -0.0562355 0.996243 0.0658519 -5.32943 0.998331 0.0569759 -0.00941879 10.8768
-0.0122555 0.0674423 -0.997648 -175.774 -0.0551916 0.996156 0.0680194 -5.26229 0.998401 0.0558954 -0.00848612 10.8615
-0.0115808 0.0659073 -0.997759 -176.965 -0.0544348 0.996304 0.066443 -5.19458 0.99845 0.0550822 -0.00795035 10.8464
-0.00996469 0.0642728 -0.997883 -178.137 -0.054551 0.996411 0.0647228 -5.12766 0.998461 0.0550804 -0.00642278 10.8331
-0.00838882 0.0658029 -0.997797 -179.285 -0.0563302 0.996217 0.0661723 -5.06644 0.998377 0.0567613 -0.00465039 10.8172
-0.00694248 0.0678073 -0.997674 -180.403 -0.0564786 0.996079 0.0680918 -5.00961 0.99838 0.0568199 -0.00308561 10.806
-0.00654029 0.0693732 -0.997569 -181.49 -0.0571867 0.995932 0.0696342 -4.95263 0.998342 0.0575031 -0.00254647 10.7961
-0.00630441 0.0708385 -0.997468 -182.555 -0.0577609 0.995797 0.0710849 -4.89459 0.99831 0.0580628 -0.00218622 10.7879
-0.00635999 0.0720725 -0.997379 -183.594 -0.0567645 0.995765 0.0723178 -4.83494 0.998367 0.0570757 -0.0022419 10.7803
-0.00611266 0.0712973 -0.997436 -184.602 -0.0570654 0.995805 0.0715304 -4.77521 0.998352 0.0573563 -0.00201841 10.7737
-0.00474368 0.0712493 -0.997447 -185.576 -0.057847 0.995769 0.0714045 -4.71696 0.998314 0.0580381 -0.000602051 10.7646
-0.0031716 0.0713994 -0.997443 -186.524 -0.0586323 0.995719 0.0714623 -4.6612 0.998275 0.058709 0.00102828 10.7587
-0.00377834 0.0699775 -0.997541 -187.458 -0.0577089 0.995871 0.0700789 -4.60915 0.998326 0.0578318 0.000275582 10.7588
-0.00671129 0.0672679 -0.997712 -188.392 -0.055057 0.996197 0.067536 -4.55796 0.998461 0.0553843 -0.0029822 10.7623
-0.0116504 0.0638903 -0.997889 -189.314 -0.054475 0.996434 0.0644331 -4.50568 0.998447 0.0551107 -0.00812845 10.7526
-0.0165893 0.0607384 -0.998016 -190.233 -0.0560803 0.996525 0.0615799 -4.45224 0.998288 0.0569906 -0.0131254 10.7339
-0.0207177 0.0594364 -0.998017 -191.156 -0.0579306 0.996483 0.0605476 -4.3991 0.998106 0.0590701 -0.0172016 10.7111
-0.0236095 0.0602642 -0.997903 -192.068 -0.0598073 0.996309 0.0615829 -4.34541 0.997931 0.0611359 -0.0199181 10.6854
-0.0255064 0.0616607 -0.997771 -192.987 -0.0590728 0.996259 0.0630773 -4.28963 0.997928 0.06055 -0.0217685 10.6633
-0.027179 0.0636254 -0.997604 -193.897 -0.0559012 0.996314 0.0650661 -4.23442 0.998066 0.0575357 -0.0235221 10.6411
-0.028503 0.0642052 -0.99753 -194.803 -0.0544177 0.996356 0.0656846 -4.17989 0.998111 0.0561555 -0.0249052 10.6168
-0.0295218 0.0634961 -0.997545 -195.706 -0.054461 0.996396 0.0650347 -4.12562 0.998079 0.0562473 -0.0259573 10.5859
-0.0303141 0.062206 -0.997603 -196.609 -0.0559355 0.996392 0.0638302 -4.06726 0.997974 0.0577363 -0.0267252 10.5588
-0.0303087 0.0615426 -0.997644 -197.51 -0.0599568 0.996193 0.0632746 -4.01164 0.997741 0.0617333 -0.0265035 10.5251
-0.0295415 0.0595999 -0.997785 -198.416 -0.0625222 0.996156 0.0613537 -3.95672 0.997606 0.0641962 -0.0257017 10.4957
-0.0286247 0.0572099 -0.997952 -199.322 -0.0631437 0.996264 0.0589243 -3.90281 0.997594 0.0647011 -0.0249053 10.4652
-0.0280859 0.0542842 -0.998131 -200.235 -0.0628435 0.996453 0.0559613 -3.84951 0.997628 0.0642978 -0.0245749 10.4375
-0.0272741 0.0539367 -0.998172 -201.153 -0.0628427 0.996476 0.0555621 -3.79485 0.997651 0.0642432 -0.0237885 10.412
-0.026736 0.0562475 -0.998059 -202.08 -0.0610506 0.99646 0.0577929 -3.74 0.997776 0.0624773 -0.0232074 10.3882
-0.0267607 0.0587118 -0.997916 -203.014 -0.0604411 0.996352 0.0602406 -3.68583 0.997813 0.0619273 -0.0231145 10.3642
-0.025816 0.0557605 -0.99811 -203.947 -0.0560054 0.996794 0.0571355 -3.63339 0.998097 0.0573746 -0.0226104 10.3415
-0.0259861 0.0507694 -0.998372 -204.886 -0.0531393 0.997227 0.0520943 -3.57906 0.998249 0.0544066 -0.0232162 10.331
-0.0254375 0.0517678 -0.998335 -205.836 -0.0570305 0.996957 0.0531494 -3.51903 0.998048 0.0582875 -0.0224078 10.3119
-0.0240058 0.0551581 -0.998189 -206.802 -0.0594447 0.996631 0.0565016 -3.46773 0.997943 0.0606934 -0.0206461 10.2983
-0.0220589 0.0557548 -0.998201 -207.765 -0.0574456 0.996723 0.0569418 -3.41227 0.998105 0.0585983 -0.0187837 10.2825
-0.0198178 0.0561065 -0.998228 -208.762 -0.0554139 0.996828 0.0571279 -3.33845 0.998267 0.0564479 -0.0166459 10.3129
-0.0180683 0.0609026 -0.99798 -209.757 -0.0568408 0.996466 0.0618393 -3.27375 0.99822 0.0578433 -0.0145427 10.3177
-0.0162453 0.0653317 -0.997731 -210.768 -0.0537166 0.996365 0.0661168 -3.19732 0.998424 0.0546688 -0.0126769 10.3369
-0.0149658 0.066224 -0.997693 -211.773 -0.0527262 0.996364 0.0669267 -3.12393 0.998497 0.0536061 -0.0114197 10.3451
-0.0128495 0.0665613 -0.9977 -212.805 -0.0555682 0.996193 0.0671763 -3.06448 0.998372 0.0563036 -0.00910186 10.3611
-0.00986648 0.0681997 -0.997623 -213.849 -0.0585522 0.99592 0.0686624 -3.01655 0.998236 0.0590905 -0.00583298 10.376
-0.0062633 0.068945 -0.997601 -214.902 -0.0597903 0.99581 0.0691965 -2.96611 0.998191 0.0600802 -0.00211482 10.3965
-0.0031228 0.0665801 -0.997776 -215.93 -0.0627385 0.995802 0.0666448 -2.90465 0.998025 0.0628071 0.00106745 10.3964
-0.000247615 0.0634782 -0.997983 -216.93 -0.0626498 0.996022 0.063369 -2.83421 0.998035 0.0625392 0.00373027 10.3753
0.00143544 0.0620419 -0.998073 -217.956 -0.0617197 0.996176 0.0618352 -2.77395 0.998092 0.061512 0.00525915 10.3629
0.00305563 0.0642615 -0.997928 -219.013 -0.0621307 0.996017 0.0639482 -2.7201 0.998063 0.0618066 0.00703607 10.3606
0.00424334 0.0675608 -0.997706 -220.058 -0.0643272 0.995667 0.0671491 -2.66363 0.99792 0.0638947 0.00857095 10.3451
0.00564249 0.0678233 -0.997681 -221.105 -0.0646941 0.995632 0.067318 -2.61825 0.997889 0.0641643 0.0100056 10.3209
0.00643104 0.064617 -0.997889 -222.155 -0.0634398 0.995926 0.064081 -2.57504 0.997965 0.0628938 0.0105041 10.2984
0.00664762 0.0619442 -0.998057 -223.216 -0.0607248 0.996263 0.0614283 -2.52233 0.998132 0.0601985 0.0103843 10.2887
0.00643803 0.0604997 -0.998147 -224.284 -0.0586041 0.996475 0.0600204 -2.50399 0.99826 0.0581092 0.00996087 10.2629
0.00661196 0.0597564 -0.998191 -225.365 -0.0592664 0.996482 0.0592615 -2.46436 0.99822 0.0587674 0.0101302 10.2468
0.00692027 0.0593801 -0.998212 -226.472 -0.0586473 0.996541 0.0588741 -2.43369 0.998255 0.058135 0.0103788 10.2264
0.00669324 0.0610994 -0.998109 -227.585 -0.0613198 0.996278 0.0605761 -2.39259 0.998096 0.0607984 0.0104149 10.2092
0.00634116 0.0628401 -0.998004 -228.707 -0.0622098 0.996115 0.0623259 -2.38192 0.998043 0.0616903 0.0102258 10.2155
0.00566655 0.0644824 -0.997903 -229.833 -0.0626196 0.995983 0.0640027 -2.35365 0.998021 0.0621256 0.00968165 10.2195
0.00505491 0.0659628 -0.997809 -230.968 -0.0632802 0.995843 0.0655123 -2.3175 0.997983 0.0628104 0.00920804 10.2216
0.00428376 0.0678319 -0.997688 -232.112 -0.0655586 0.995569 0.0674064 -2.28107 0.997839 0.0651182 0.00871175 10.2209
0.00306993 0.0666072 -0.997775 -233.259 -0.0680736 0.995479 0.0662444 -2.23598 0.997676 0.0677188 0.00759024 10.217
0.0020762 0.0623187 -0.998054 -234.408 -0.066666 0.995844 0.0620421 -2.19309 0.997773 0.0664075 0.00622211 10.2165
0.000676832 0.0557129 -0.998447 -235.564 -0.0636657 0.996424 0.0555568 -2.147 0.997971 0.0635292 0.00422141 10.2149
-0.00120625 0.0511189 -0.998692 -236.735 -0.0588879 0.996956 0.0511011 -2.10407 0.998264 0.0588725 0.0018077 10.2194
-0.00332788 0.0507981 -0.998703 -237.913 -0.0527579 0.997309 0.0509029 -2.05777 0.998602 0.0528589 -0.000638932 10.2198
-0.00554841 0.0550993 -0.998465 -239.104 -0.0479697 0.997317 0.0553025 -2.01319 0.998833 0.0482029 -0.00289043 10.2177
-0.00758115 0.0576525 -0.998308 -240.296 -0.0457387 0.997272 0.05794 -1.96159 0.998925 0.0461006 -0.00492352 10.2064
-0.00969391 0.056933 -0.998331 -241.495 -0.0436656 0.997401 0.057304 -1.9065 0.998999 0.0441482 -0.00718271 10.1969
-0.0120006 0.0571424 -0.998294 -242.703 -0.0437939 0.997378 0.0576164 -1.85086 0.998969 0.0444106 -0.00946665 10.1834
-0.0140574 0.0588378 -0.998169 -243.912 -0.0429604 0.99731 0.0593921 -1.79939 0.998978 0.0437166 -0.0114919 10.1696
-0.0163085 0.058974 -0.998126 -245.125 -0.0419578 0.997339 0.0596131 -1.74759 0.998986 0.0428514 -0.0137907 10.1537
-0.0185564 0.0574643 -0.998175 -246.347 -0.0419158 0.997424 0.0582003 -1.69193 0.998949 0.0429193 -0.0160999 10.1302
-0.0206626 0.0569144 -0.998165 -247.572 -0.0415824 0.997466 0.0577353 -1.63441 0.998921 0.042699 -0.0182436 10.1041
-0.0231036 0.0579651 -0.998051 -248.811 -0.0421303 0.997374 0.058901 -1.57371 0.998845 0.043409 -0.0206009 10.0706
-0.0253063 0.0585998 -0.997961 -250.053 -0.0425255 0.997314 0.0596402 -1.51349 0.998775 0.043948 -0.0227464 10.0368
-0.0277674 0.0593084 -0.997854 -251.299 -0.0437628 0.997209 0.0604879 -1.4516 0.998656 0.0453484 -0.0250944 9.99556
-0.030152 0.0611245 -0.997675 -252.538 -0.0454348 0.997013 0.0624571 -1.3934 0.998512 0.0472124 -0.0272847 9.9394
-0.031746 0.0617329 -0.997588 -253.774 -0.0470353 0.996893 0.0631867 -1.32725 0.998389 0.0489278 -0.0287437 9.88052
-0.0327837 0.0624918 -0.997507 -255.028 -0.0496986 0.996707 0.064075 -1.26275 0.998226 0.0516753 -0.02957 9.82238
-0.0327256 0.0629747 -0.997478 -256.286 -0.0507417 0.996621 0.0645853 -1.20357 0.998176 0.0527273 -0.0294196 9.77283
-0.0327354 0.0617121 -0.997557 -257.535 -0.0495926 0.996762 0.0632903 -1.14033 0.998233 0.0515433 -0.0295689 9.71899
-0.0326486 0.0599414 -0.997668 -258.78 -0.046546 0.997026 0.061426 -1.07368 0.998382 0.0484429 -0.0297615 9.66963
-0.0327239 0.0602047 -0.997649 -260.038 -0.0460084 0.997035 0.0616767 -1.00945 0.998405 0.0479185 -0.029857 9.62888
-0.032819 0.0610501 -0.997595 -261.301 -0.0457601 0.996994 0.0625187 -0.952711 0.998413 0.0477019 -0.0299267 9.59151
-0.0325149 0.0609468 -0.997611 -262.557 -0.0449701 0.997039 0.0623775 -0.909014 0.998459 0.0468908 -0.0296778 9.54702
-0.0320178 0.0614386 -0.997597 -263.811 -0.0446242 0.997026 0.0628356 -0.865359 0.998491 0.0465288 -0.0291809 9.50311
-0.0318247 0.0630596 -0.997502 -265.059 -0.042332 0.997027 0.0643801 -0.815901 0.998597 0.0442751 -0.0290607 9.45955
-0.0320003 0.0650025 -0.997372 -266.319 -0.0376171 0.997098 0.0661916 -0.7641 0.99878 0.0396364 -0.0294622 9.42187
-0.0318969 0.0685282 -0.997139 -267.574 -0.0345334 0.996976 0.0696216 -0.70548 0.998895 0.0366553 -0.0294339 9.37998
-0.0317399 0.0709087 -0.996978 -268.827 -0.0324404 0.996882 0.0719346 -0.645491 0.99897 0.0346256 -0.0293406 9.3377
-0.0317328 0.0698593 -0.997052 -270.066 -0.0326599 0.996949 0.0708915 -0.580995 0.998963 0.0348132 -0.0293544 9.29033
-0.0317194 0.0676869 -0.997202 -271.304 -0.0345777 0.997033 0.0687752 -0.516233 0.998898 0.0366624 -0.0292848 9.24124
-0.0322269 0.0702383 -0.99701 -272.55 -0.0400985 0.996634 0.0715079 -0.451581 0.998676 0.042283 -0.029302 9.17626
-0.0325046 0.0768914 -0.996509 -273.799 -0.0460626 0.995862 0.0783438 -0.3875 0.99841 0.0484484 -0.0288283 9.10379
-0.0325551 0.0771161 -0.99649 -275.036 -0.0504152 0.995623 0.078696 -0.316974 0.998198 0.0528002 -0.0285248 9.03666
-0.0323384 0.070069 -0.997018 -276.264 -0.0502342 0.996165 0.0716384 -0.246792 0.998214 0.0524011 -0.0286945 8.9761
-0.0328974 0.0642127 -0.997394 -277.484 -0.0472782 0.996717 0.0657285 -0.166955 0.99834 0.0493173 -0.0297535 8.91969
-0.0330544 0.0632808 -0.997448 -278.711 -0.0419388 0.997027 0.0646439 -0.084545 0.998573 0.0439686 -0.0303022 8.87282
-0.0320816 0.0650337 -0.997367 -279.947 -0.0384146 0.997063 0.0662495 -0.00318906 0.998747 0.0404388 -0.0294892 8.83282
-0.0304037 0.0667231 -0.997308 -281.18 -0.0373951 0.996995 0.0678421 0.0727428 0.998838 0.0393571 -0.0278173 8.78975
-0.029337 0.0691314 -0.997176 -282.418 -0.0386009 0.996783 0.0702398 0.157201 0.998824 0.0405525 -0.0265741 8.75313
-0.0284885 0.0710264 -0.997068 -283.65 -0.0397989 0.996601 0.0721303 0.242781 0.998801 0.0417371 -0.0255649 8.7154
-0.0277207 0.0718173 -0.997032 -284.882 -0.0407934 0.996504 0.0729133 0.320714 0.998783 0.0426936 -0.0246941 8.68243
-0.026929 0.0717674 -0.997058 -286.103 -0.0403777 0.996528 0.0728198 0.394096 0.998821 0.0422199 -0.0239377 8.64623
-0.0267829 0.0697756 -0.997203 -287.323 -0.0407529 0.996655 0.0708318 0.466405 0.99881 0.042536 -0.0238498 8.61051
-0.0265017 0.0686062 -0.997292 -288.542 -0.0405195 0.996749 0.0696456 0.536945 0.998827 0.0422555 -0.0236357 8.57273
-0.0264651 0.0681219 -0.997326 -289.764 -0.0410467 0.99676 0.0691724 0.609006 0.998807 0.0427676 -0.0235832 8.53877
-0.0261454 0.0679054 -0.997349 -290.988 -0.0416839 0.996748 0.0689572 0.681796 0.998789 0.0433763 -0.0232299 8.50515
-0.0259698 0.0684244 -0.997318 -292.209 -0.0422993 0.996686 0.0694825 0.753788 0.998767 0.0439903 -0.0229894 8.4675
-0.0257412 0.0687774 -0.9973 -293.433 -0.0415812 0.996693 0.0698088 0.825197 0.998803 0.0432659 -0.0227962 8.43274
-0.025633 0.0672948 -0.997404 -294.655 -0.0412713 0.99681 0.0683153 0.895376 0.998819 0.0429152 -0.0227739 8.3949
-0.0258074 0.0643384 -0.997594 -295.905 -0.0408453 0.997026 0.0653584 0.993732 0.998832 0.0424338 -0.0231027 8.36071
-0.0262098 0.0615618 -0.997759 -297.093 -0.0418684 0.997159 0.0626246 1.08316 0.998779 0.043416 -0.0235578 8.32772
-0.026378 0.0601587 -0.99784 -298.32 -0.0433155 0.997181 0.061264 1.17855 0.998713 0.044838 -0.0236979 8.29448
-0.0267609 0.0603669 -0.997818 -299.551 -0.0464652 0.997021 0.0615649 1.26837 0.998561 0.0480113 -0.0238763 8.25345
-0.0272755 0.0616061 -0.997728 -300.784 -0.0497016 0.996781 0.0629063 1.3482 0.998392 0.0513045 -0.0241257 8.21288
-0.0275966 0.0626859 -0.997652 -302.013 -0.0532599 0.996522 0.0640881 1.42178 0.998199 0.0549034 -0.024162 8.16972
-0.0280021 0.0630288 -0.997619 -303.255 -0.0550317 0.996399 0.0644965 1.49863 0.998092 0.0567067 -0.0244327 8.13597
-0.0283583 0.0611058 -0.997728 -304.499 -0.0548841 0.996529 0.0625922 1.55981 0.99809 0.0565345 -0.0249062 8.10344
-0.0288432 0.0587129 -0.997858 -305.746 -0.0527615 0.996792 0.0601752 1.61496 0.99819 0.0543841 -0.0256529 8.07421
-0.0296247 0.0581325 -0.997869 -306.996 -0.0496708 0.996988 0.0595559 1.65258 0.998326 0.0513293 -0.026648 8.04645
-0.0304532 0.0604383 -0.997707 -308.246 -0.0475565 0.996952 0.0618442 1.68471 0.998404 0.0493308 -0.0274862 8.01534
-0.0311328 0.0621538 -0.997581 -309.495 -0.0462287 0.996907 0.0635545 1.71054 0.998446 0.0480955 -0.0281633 7.98298
