1 -1.19762e-11 -1.70464e-10 1.11022e-16 -1.19762e-11 1 -3.5625e-10 0 -1.70464e-10 -3.5625e-10 1 2.22045e-16
0.999997 -0.00195899 -0.00163013 0.00349972 0.0019574 0.999998 -0.000974506 -0.00978933 0.00163203 0.000971312 0.999998 0.565351
0.999993 -0.00247504 -0.00275584 0.00117395 0.00246866 0.999994 -0.00231683 -0.0224147 0.00276156 0.00231001 0.999994 1.12761
0.999986 -0.00252816 -0.0045809 -0.00783171 0.00251202 0.999991 -0.00352661 -0.0414109 0.00458977 0.00351506 0.999983 1.68923
0.999967 -0.00464869 -0.00659532 -0.0150813 0.00461281 0.999975 -0.00544397 -0.0592272 0.00662046 0.00541337 0.999964 2.2513
0.999941 -0.00713458 -0.00815276 -0.0204007 0.0070729 0.999946 -0.00756912 -0.0742325 0.00820633 0.00751101 0.999938 2.81607
0.99992 -0.00831134 -0.00953907 -0.0296935 0.00823032 0.99993 -0.00850081 -0.0907826 0.00960905 0.00842162 0.999918 3.39028
0.999904 -0.00852535 -0.0109107 -0.0415274 0.00844113 0.999934 -0.00774222 -0.109854 0.010976 0.00764938 0.99991 3.96949
0.999888 -0.00881153 -0.0120661 -0.055937 0.00871587 0.99993 -0.00795759 -0.134802 0.0121354 0.00785153 0.999896 4.5562
0.999878 -0.00827889 -0.0132479 -0.070081 0.00814137 0.999913 -0.010401 -0.157551 0.0133328 0.0102919 0.999858 5.15046
0.999875 -0.00658004 -0.0143906 -0.087982 0.00637428 0.999878 -0.0142978 -0.180348 0.0144829 0.0142043 0.999794 5.75129
0.999865 -0.00508283 -0.0156125 -0.105471 0.00480085 0.999826 -0.018046 -0.199658 0.0157015 0.0179686 0.999715 6.36394
0.999852 -0.00362383 -0.0168054 -0.123858 0.00330696 0.999817 -0.0188454 -0.218784 0.0168706 0.0187871 0.999681 6.98963
0.999839 -0.00111254 -0.0178854 -0.144474 0.000890769 0.999923 -0.0124025 -0.236616 0.0178978 0.0123846 0.999763 7.6376
0.999826 -8.67214e-05 -0.0186653 -0.164512 5.35872e-05 0.999998 -0.00177566 -0.254263 0.0186654 0.00177435 0.999824 8.30211
0.999812 0.0010046 -0.0193667 -0.184475 -0.000898916 0.999985 0.00546514 -0.273804 0.0193719 -0.0054467 0.999798 8.97838
0.999782 0.00338997 -0.0206175 -0.207719 -0.00327584 0.999979 0.00556673 -0.292437 0.0206359 -0.00549797 0.999772 9.66192
0.999754 0.00555576 -0.0214593 -0.232999 -0.00559521 0.999983 -0.00177863 -0.303572 0.021449 0.00189826 0.999768 10.3537
0.999737 0.00481293 -0.0224276 -0.253794 -0.00501339 0.999948 -0.00889058 -0.309178 0.0223837 0.00900068 0.999709 11.0642
0.999714 0.00262074 -0.0237505 -0.270128 -0.00281921 0.999961 -0.00832664 -0.315224 0.0237278 0.00839122 0.999683 11.7984
0.999706 0.00189375 -0.0241609 -0.282116 -0.00185813 0.999997 0.0014965 -0.320702 0.0241637 -0.00145117 0.999707 12.5587
0.999696 0.00162515 -0.0245788 -0.296212 -0.00139317 0.999954 0.00945236 -0.325222 0.0245931 -0.00941525 0.999653 13.3352
0.999686 0.000758364 -0.0250353 -0.31283 -0.000452102 0.999925 0.0122366 -0.329207 0.0250427 -0.0122215 0.999612 14.124
0.999679 -0.0013827 -0.0252921 -0.327087 0.00166755 0.999935 0.0112448 -0.33002 0.0252749 -0.0112833 0.999617 14.9276
0.999685 -0.0021987 -0.0249978 -0.34512 0.0024139 0.99996 0.00858185 -0.32986 0.0249779 -0.00863949 0.999651 15.7488
0.999704 5.74748e-05 -0.0243265 -0.358557 6.66054e-05 0.999987 0.00509977 -0.331078 0.0243265 -0.00509988 0.999691 16.5818
0.999724 -0.00263662 -0.0233461 -0.36611 0.00263256 0.999997 -0.000204613 -0.337421 0.0233466 0.000143096 0.999727 17.4281
0.999726 -0.00554412 -0.0227279 -0.368644 0.00539977 0.999965 -0.00640746 -0.350653 0.0227626 0.00628298 0.999721 18.2881
0.999755 -0.00508593 -0.0215304 -0.381287 0.00481945 0.999911 -0.0124108 -0.364323 0.0215916 0.012304 0.999691 19.1697
0.999766 -0.00383884 -0.0212784 -0.393144 0.00355529 0.999905 -0.0133473 -0.383628 0.0213276 0.0132685 0.999685 20.0706
0.999762 -0.00342268 -0.0215359 -0.406558 0.00314813 0.999914 -0.0127693 -0.407881 0.0215777 0.0126985 0.999687 20.9906
0.999767 -0.00220444 -0.0214837 -0.419658 0.00191024 0.999904 -0.0137047 -0.435066 0.0215119 0.0136604 0.999675 21.9249
0.999773 0.000468753 -0.021318 -0.437561 -0.000807531 0.999874 -0.0158858 -0.463143 0.0213078 0.0158995 0.999647 22.8777
0.999764 0.0040137 -0.0213359 -0.450732 -0.00437152 0.99985 -0.0167509 -0.49138 0.0212654 0.0168402 0.999632 23.8492
0.999758 0.0057912 -0.02124 -0.46864 -0.00614396 0.999844 -0.0165809 -0.520819 0.0211406 0.0167074 0.999637 24.825
0.999747 0.00665541 -0.0214639 -0.487074 -0.00700952 0.99984 -0.0164652 -0.550487 0.0213509 0.0166115 0.999634 25.8075
0.999743 0.00668404 -0.0216524 -0.505576 -0.0070438 0.999838 -0.0165821 -0.580698 0.021538 0.0167303 0.999628 26.7949
0.99973 0.00747002 -0.0220051 -0.525875 -0.00781043 0.999851 -0.0154247 -0.612311 0.0218866 0.0155924 0.999639 27.7959
0.999718 0.00816916 -0.0222987 -0.546485 -0.008472 0.999873 -0.0135203 -0.643098 0.0221855 0.0137054 0.99966 28.8031
0.999705 0.00882866 -0.0226348 -0.567916 -0.00910745 0.999884 -0.0122438 -0.673845 0.0225241 0.0124463 0.999669 29.8173
0.999705 0.00868945 -0.0226855 -0.588476 -0.00898554 0.999875 -0.0129829 -0.704807 0.0225698 0.0131829 0.999658 30.8382
0.999691 0.00975837 -0.0228654 -0.611385 -0.0100838 0.999849 -0.0141613 -0.734482 0.0227238 0.0143875 0.999638 31.8666
0.999685 0.00956306 -0.0232004 -0.634186 -0.00987584 0.999861 -0.0134049 -0.765854 0.023069 0.0136298 0.999641 32.9025
0.999676 0.00885961 -0.0238781 -0.656257 -0.00911672 0.999901 -0.0106804 -0.796095 0.0237811 0.0108946 0.999658 33.9495
0.999665 0.00910342 -0.0242049 -0.679967 -0.00928008 0.999931 -0.00719627 -0.82507 0.0241377 0.00741849 0.999681 35.0044
0.999652 0.00928432 -0.024707 -0.704629 -0.00940096 0.999945 -0.00460886 -0.852128 0.0246629 0.00483953 0.999684 36.0673
0.999639 0.00921854 -0.0252368 -0.731816 -0.00932193 0.999949 -0.00398256 -0.879245 0.0251988 0.00421638 0.999673 37.1299
0.999634 0.00864036 -0.0256266 -0.750946 -0.00878544 0.999946 -0.00555415 -0.899945 0.0255772 0.00577726 0.999656 38.2016
0.999623 0.00885319 -0.0259729 -0.763742 -0.00900868 0.999942 -0.00587577 -0.91739 0.0259194 0.00610753 0.999645 39.277
0.999611 0.00863679 -0.0265076 -0.786112 -0.00877232 0.999949 -0.00500111 -0.942601 0.0264631 0.0052317 0.999636 40.3536
0.999591 0.00860104 -0.0272706 -0.811981 -0.00868328 0.999958 -0.00289895 -0.970725 0.0272446 0.00313456 0.999624 41.431
0.999574 0.00872797 -0.0278367 -0.840559 -0.00874725 0.999961 -0.000571118 -0.998351 0.0278306 0.000814369 0.999612 42.5065
0.999547 0.01022 -0.028301 -0.870911 -0.010224 0.999948 1.82736e-06 -1.02698 0.0282995 0.000287523 0.999599 43.5805
0.999528 0.010944 -0.0287105 -0.905997 -0.0110649 0.999931 -0.00405754 -1.04797 0.0286641 0.0043733 0.99958 44.6454
0.999509 0.0123517 -0.0288119 -0.944805 -0.0126032 0.999884 -0.00856402 -1.06523 0.0287028 0.00892294 0.999548 45.7073
0.999494 0.0131204 -0.0289777 -0.981509 -0.0133894 0.999869 -0.00911019 -1.08817 0.0288543 0.00949357 0.999539 46.7798
0.999499 0.0132426 -0.0287503 -1.0156 -0.0134304 0.99989 -0.00634808 -1.11085 0.028663 0.00673103 0.999566 47.8582
0.999492 0.0141772 -0.0285492 -1.05011 -0.0142988 0.99989 -0.00405945 -1.13138 0.0284885 0.00446561 0.999584 48.9346
0.999522 0.0120417 -0.0284736 -1.0795 -0.0121251 0.999923 -0.00275898 -1.14944 0.0284381 0.00310291 0.999591 50.0107
0.999519 0.0130068 -0.0281359 -1.11251 -0.0130806 0.999911 -0.00243936 -1.16884 0.0281017 0.00280622 0.999601 51.0892
0.999557 0.0108209 -0.0277213 -1.1429 -0.0109723 0.999926 -0.00531549 -1.18493 0.0276617 0.0056173 0.999602 52.1595
0.999546 0.0119424 -0.0276441 -1.1775 -0.0121629 0.999895 -0.00782164 -1.20027 0.0275478 0.00815432 0.999587 53.2326
0.99956 0.0109781 -0.0275639 -1.21049 -0.0112524 0.999889 -0.00981764 -1.22123 0.027453 0.0101235 0.999572 54.3065
0.999575 0.00958232 -0.0275441 -1.24879 -0.0099384 0.999869 -0.0128199 -1.24431 0.0274176 0.0130882 0.999538 55.3725
0.999593 0.00788946 -0.0274134 -1.28223 -0.00831364 0.999847 -0.015394 -1.27219 0.0272877 0.0156156 0.999506 56.4438
0.999608 0.00648294 -0.0272499 -1.31941 -0.00684856 0.999887 -0.0133457 -1.30008 0.0271603 0.0135271 0.999539 57.5145
0.999616 0.00527276 -0.0272094 -1.35218 -0.00547226 0.999959 -0.00726299 -1.32269 0.02717 0.0074091 0.999603 58.6006
0.999629 0.00417768 -0.0269198 -1.38718 -0.00421106 0.99999 -0.00118334 -1.33902 0.0269146 0.00129626 0.999637 59.6858
0.999638 0.00250897 -0.026778 -1.41801 -0.00250631 0.999997 0.000132926 -1.35433 0.0267782 -6.57653e-05 0.999641 60.7685
0.999647 -0.000662269 -0.0265483 -1.44456 0.000579943 0.999995 -0.00310855 -1.36486 0.0265502 0.00309205 0.999643 61.8474
0.999645 -0.00254864 -0.0265105 -1.4695 0.00237954 0.999977 -0.0064079 -1.37747 0.0265262 0.00634255 0.999628 62.9251
0.999647 -0.000571015 -0.026552 -1.49992 0.000300476 0.999948 -0.0101919 -1.3958 0.0265564 0.0101803 0.999595 64.004
0.999648 -0.00130174 -0.026491 -1.52809 0.000907919 0.999889 -0.0148728 -1.41521 0.0265074 0.0148436 0.999538 65.0853
0.999661 0.00199536 -0.0259434 -1.55877 -0.00240304 0.999874 -0.0156924 -1.43624 0.0259089 0.0157494 0.99954 66.1697
0.999666 0.00684794 -0.0249266 -1.59332 -0.00714774 0.999903 -0.0119583 -1.46064 0.0248423 0.0121325 0.999618 67.2614
0.999658 0.00831284 -0.0247854 -1.62351 -0.00854964 0.999919 -0.00946369 -1.48375 0.0247047 0.00967236 0.999648 68.3497
0.99966 0.00757556 -0.0249494 -1.64924 -0.007807 0.999927 -0.00919241 -1.50193 0.024878 0.00938406 0.999646 69.4349
0.999674 0.00609604 -0.0247836 -1.67316 -0.00630283 0.999946 -0.00827454 -1.52285 0.0247318 0.00842805 0.999659 70.5223
0.999673 0.00497025 -0.0250707 -1.69757 -0.0051448 0.999963 -0.00690263 -1.54229 0.0250355 0.00702936 0.999662 71.606
0.999672 0.00339472 -0.0253687 -1.72404 -0.00352439 0.999981 -0.00506831 -1.56643 0.025351 0.00515606 0.999665 72.6896
0.999658 0.00222055 -0.0260753 -1.7546 -0.00230226 0.999993 -0.00310384 -1.59346 0.0260682 0.0031628 0.999655 73.7689
0.999643 0.00147914 -0.0266662 -1.78443 -0.00159056 0.99999 -0.00415763 -1.61895 0.0266598 0.00419856 0.999636 74.8429
0.999629 0.00160727 -0.0271864 -1.81802 -0.00182634 0.999966 -0.00803515 -1.64407 0.0271726 0.00808182 0.999598 75.9117
0.99961 0.00213381 -0.0278391 -1.85227 -0.00242465 0.999943 -0.0104178 -1.6707 0.0278153 0.0104812 0.999558 76.9801
0.999589 0.00423309 -0.0283491 -1.89275 -0.00448381 0.999951 -0.00878613 -1.7021 0.0283105 0.00890964 0.999559 78.0446
0.999568 0.00527863 -0.0289213 -1.93169 -0.00541587 0.999974 -0.00466902 -1.73166 0.0288959 0.00482363 0.999571 79.115
0.999541 0.00685325 -0.0295064 -1.9716 -0.006869 0.999976 -0.000432694 -1.75935 0.0295027 0.000635174 0.999564 80.1804
0.999521 0.00799485 -0.0299017 -2.00925 -0.00797796 0.999968 0.000684145 -1.78003 0.0299062 -0.000445264 0.999553 81.241
0.999506 0.00779579 -0.0304481 -2.04609 -0.00784892 0.999968 -0.0016257 -1.79845 0.0304344 0.00186388 0.999535 82.2956
0.999488 0.007555 -0.0310841 -2.0822 -0.00764202 0.999967 -0.00268157 -1.81915 0.0310628 0.00291774 0.999513 83.3426
0.999475 0.00722552 -0.031576 -2.11815 -0.00730648 0.99997 -0.00244928 -1.83635 0.0315574 0.0026787 0.999498 84.3815
0.999461 0.00595598 -0.0322918 -2.15226 -0.00603165 0.999979 -0.00224656 -1.85474 0.0322778 0.00244012 0.999476 85.4064
0.999447 0.00454705 -0.0329343 -2.18721 -0.00457244 0.999989 -0.000695852 -1.87124 0.0329308 0.000846057 0.999457 86.4172
0.999431 0.00475668 -0.0333817 -2.22492 -0.00469559 0.999987 0.00190827 -1.88913 0.0333903 -0.00175044 0.999441 87.4107
0.999402 0.00401276 -0.0343463 -2.26242 -0.00390284 0.999987 0.00326692 -1.90777 0.034359 -0.00313092 0.999405 88.3826
0.999334 0.00299919 -0.036373 -2.30369 -0.00288071 0.99999 0.00330911 -1.92949 0.0363826 -0.00320213 0.999333 89.3353
0.999211 0.0021383 -0.0396507 -2.34477 -0.00203107 0.999994 0.00274449 -1.95097 0.0396564 -0.00266179 0.99921 90.2656
0.999068 0.0021867 -0.0430994 -2.39014 -0.00210783 0.999996 0.00187541 -1.97274 0.0431033 -0.00178282 0.999069 91.1707
0.998931 0.00183281 -0.0461966 -2.43475 -0.00175514 0.999997 0.0017216 -1.99364 0.0461996 -0.00163868 0.998931 92.0552
0.998777 0.00290474 -0.0493541 -2.48672 -0.00274523 0.999991 0.00329934 -2.02196 0.0493632 -0.00315982 0.998776 92.9158
0.998619 0.00394152 -0.0523813 -2.53828 -0.00372441 0.999984 0.00424169 -2.04439 0.0523971 -0.00404074 0.998618 93.754
0.998457 0.00491093 -0.055305 -2.59438 -0.00459572 0.999973 0.00582513 -2.06611 0.0553321 -0.00556198 0.998453 94.5671
0.998295 0.00642753 -0.0580203 -2.64959 -0.00604789 0.999959 0.0067164 -2.08333 0.0580611 -0.00635405 0.998293 95.3521
0.998136 0.00854632 -0.0604283 -2.70982 -0.00811717 0.99994 0.00734372 -2.10483 0.0604874 -0.00683953 0.998146 96.1106
0.997951 0.0104533 -0.0631313 -2.76931 -0.0100676 0.999929 0.00642407 -2.12725 0.063194 -0.00577533 0.997985 96.8365
0.997768 0.011842 -0.0657136 -2.82759 -0.0116677 0.999927 0.00303542 -2.1499 0.0657448 -0.00226192 0.997834 97.5331
0.997572 0.0141437 -0.0681961 -2.8853 -0.0142326 0.999898 -0.000817461 -2.16961 0.0681776 0.00178608 0.997672 98.1968
0.997387 0.0161625 -0.0704077 -2.94058 -0.0164492 0.999859 -0.00349304 -2.19279 0.0703413 0.00464207 0.997512 98.8327
0.997289 0.0177734 -0.071411 -2.99255 -0.0181549 0.999824 -0.00469718 -2.21765 0.071315 0.00598091 0.997436 99.4374
0.997298 0.0203119 -0.0705945 -3.04365 -0.020656 0.999778 -0.00414805 -2.24213 0.0704945 0.00559504 0.997496 100.02
0.997408 0.0240107 -0.0678255 -3.09227 -0.0242315 0.999703 -0.002434 -2.26833 0.0677469 0.00407121 0.997694 100.582
0.997686 0.0268574 -0.0624598 -3.1324 -0.0269592 0.999636 -0.000788033 -2.29146 0.0624159 0.00247007 0.998047 101.12
0.998087 0.0276947 -0.0552844 -3.1624 -0.0276829 0.999616 0.000980721 -2.31104 0.0552903 0.000551585 0.99847 101.636
0.998572 0.0275434 -0.045767 -3.18249 -0.0274144 0.999618 0.00344363 -2.32717 0.0458444 -0.00218404 0.998946 102.131
0.99905 0.0271162 -0.0341162 -3.19672 -0.0269666 0.999625 0.00483823 -2.34906 0.0342346 -0.00391364 0.999406 102.604
0.999436 0.02635 -0.020796 -3.20197 -0.0262524 0.999643 0.00495273 -2.36903 0.0209191 -0.004404 0.999772 103.055
0.999643 0.0260641 -0.00585681 -3.19818 -0.0260395 0.999652 0.00423867 -2.39185 0.00596525 -0.00408465 0.999974 103.487
0.999626 0.0246567 0.0118761 -3.18267 -0.0246752 0.999695 0.00141492 -2.41004 -0.0118376 -0.00170744 0.999928 103.907
0.999176 0.0239722 0.032762 -3.15688 -0.023883 0.99971 -0.00311187 -2.43259 -0.0328271 0.00232685 0.999458 104.319
0.998146 0.0218754 0.0567884 -3.11616 -0.0214535 0.999738 -0.00802955 -2.44949 -0.0569492 0.00679636 0.998354 104.719
0.996291 0.019535 0.0838015 -3.06183 -0.0186954 0.999767 -0.010792 -2.47204 -0.0839928 0.00918532 0.996424 105.116
0.993405 0.0168532 0.11341 -2.99391 -0.0155858 0.999806 -0.0120531 -2.48767 -0.113591 0.010206 0.993475 105.498
0.989248 0.0143785 0.145542 -2.91142 -0.0125208 0.999828 -0.0136715 -2.50749 -0.145714 0.0117022 0.989258 105.878
0.983442 0.0116932 0.180848 -2.81389 -0.009043 0.999839 -0.0154721 -2.52659 -0.181 0.0135805 0.983389 106.241
0.975682 0.00822486 0.219036 -2.69943 -0.0048605 0.999862 -0.0158942 -2.54859 -0.219137 0.0144431 0.975587 106.603
0.965904 0.00563954 0.258838 -2.57078 -0.00139287 0.999862 -0.0165871 -2.56542 -0.258896 0.015661 0.965778 106.944
0.953876 0.00598915 0.30014 -2.43174 -0.000752947 0.999846 -0.0175585 -2.58537 -0.300199 0.0165226 0.953734 107.285
0.938908 0.00808293 0.344074 -2.27936 -0.00203035 0.999837 -0.0179476 -2.60108 -0.344163 0.0161525 0.938771 107.617
0.921364 0.00784169 0.388623 -2.10939 -0.00134434 0.999855 -0.016988 -2.61594 -0.3887 0.0151297 0.92124 107.927
0.901512 0.00690763 0.432699 -1.92149 -0.000127969 0.999877 -0.0156955 -2.62886 -0.432754 0.0140943 0.901402 108.235
0.878776 0.00539694 0.477204 -1.72023 0.00246852 0.999871 -0.0158539 -2.64191 -0.477228 0.01511 0.87865 108.515
0.853985 0.00548659 0.520268 -1.50676 0.0043123 0.999835 -0.0176223 -2.65597 -0.52028 0.0172927 0.853821 108.794
0.826862 0.00707675 0.56236 -1.28282 0.00537222 0.999776 -0.0204802 -2.67047 -0.562379 0.0199554 0.826639 109.05
0.796713 0.0114674 0.604249 -1.04702 0.00422866 0.99969 -0.0245476 -2.68286 -0.604343 0.0221125 0.796417 109.31
0.763431 0.0172109 0.64566 -0.797226 0.00153356 0.999594 -0.0284587 -2.69191 -0.645887 0.0227164 0.763095 109.549
0.726664 0.0220054 0.686641 -0.530714 -0.00100003 0.99952 -0.0309742 -2.69919 -0.686992 0.0218212 0.726337 109.791
0.687653 0.0224315 0.725693 -0.246662 0.000784206 0.999499 -0.0316381 -2.71211 -0.726039 0.0223251 0.687291 110.016
0.647228 0.0195792 0.762045 0.0557854 0.00545365 0.999525 -0.0303127 -2.72364 -0.762277 0.0237752 0.646814 110.206
0.603501 0.0173167 0.797174 0.374457 0.00670721 0.999619 -0.026792 -2.73292 -0.797334 0.0215158 0.603155 110.404
0.557479 0.0155842 0.830045 0.705107 0.00784775 0.99968 -0.0240399 -2.74148 -0.830153 0.0199158 0.557179 110.568
0.510016 0.0131879 0.860064 1.04954 0.00940378 0.999737 -0.020906 -2.75361 -0.860113 0.0187502 0.509758 110.73
0.459681 0.00854211 0.888043 1.40814 0.012264 0.999797 -0.0159653 -2.76427 -0.887999 0.0182299 0.459483 110.857
0.408206 0.0082343 0.912853 1.7741 0.00989107 0.999861 -0.0134422 -2.77733 -0.912836 0.0145163 0.408068 110.988
0.357242 0.0124074 0.933929 2.14892 0.00627494 0.999857 -0.0156835 -2.78846 -0.933991 0.0114632 0.357114 111.103
0.306722 0.0178732 0.951631 2.53315 0.00574721 0.999771 -0.0206297 -2.79627 -0.951782 0.0117968 0.306549 111.185
0.259821 0.0200622 0.965448 2.93463 0.00704871 0.999718 -0.0226713 -2.80653 -0.965631 0.0126957 0.259606 111.266
0.217908 0.019611 0.975772 3.3507 0.0135717 0.999641 -0.0231215 -2.81846 -0.975875 0.0182813 0.217563 111.318
0.182282 0.0191825 0.983059 3.78382 0.0217719 0.999486 -0.02354 -2.82981 -0.983005 0.025694 0.181771 111.364
0.151386 0.0209243 0.988253 4.22727 0.0270572 0.999314 -0.0253033 -2.84026 -0.988104 0.03057 0.150716 111.402
0.1229 0.0193191 0.992231 4.69075 0.0254509 0.99942 -0.0226115 -2.85696 -0.992093 0.0280321 0.122337 111.447
0.0969637 0.0156092 0.995166 5.17344 0.0188056 0.99967 -0.0175122 -2.87168 -0.99511 0.0204128 0.0966381 111.49
0.0726194 0.0121444 0.997286 5.67265 0.0137203 0.999819 -0.0131744 -2.88606 -0.997265 0.0146398 0.0724397 111.518
0.0496192 0.00899094 0.998728 6.19294 0.0171341 0.999805 -0.00985189 -2.90214 -0.998621 0.0176011 0.0494555 111.527
0.0291382 0.0091317 0.999534 6.72852 0.0246129 0.999649 -0.00985026 -2.91716 -0.999272 0.0248884 0.0289032 111.518
0.0109554 0.0112216 0.999877 7.28232 0.0299453 0.999485 -0.0115453 -2.93054 -0.999491 0.0300681 0.0106137 111.5
-0.00355324 0.0169093 0.999851 7.85534 0.0315802 0.99936 -0.0167887 -2.93574 -0.999495 0.0315158 -0.00408497 111.491
-0.0152298 0.0219193 0.999644 8.44766 0.0285955 0.99936 -0.0214774 -2.94302 -0.999475 0.0282582 -0.0158469 111.482
-0.0219808 0.0225808 0.999503 9.06575 0.0308125 0.999285 -0.0218983 -2.95343 -0.999283 0.0303158 -0.0226609 111.462
-0.0249148 0.0184512 0.999519 9.70845 0.0365534 0.999178 -0.0175337 -2.96644 -0.999021 0.0360989 -0.0255688 111.433
-0.0247879 0.0173968 0.999541 10.3653 0.0392062 0.999096 -0.0164168 -2.98025 -0.998923 0.0387813 -0.0254476 111.412
-0.0231293 0.0165209 0.999596 11.0417 0.0386218 0.999132 -0.0156196 -2.99392 -0.998986 0.0382449 -0.0237473 111.398
-0.0217481 0.0163942 0.999629 11.7305 0.0341529 0.999294 -0.0156457 -3.00975 -0.99918 0.0338 -0.0222926 111.391
-0.0206677 0.0182903 0.999619 12.4406 0.0337505 0.999276 -0.0175862 -3.02098 -0.999217 0.0333742 -0.0212701 111.377
-0.0199366 0.0188365 0.999624 13.1636 0.0331934 0.999284 -0.0181681 -3.03434 -0.99925 0.0328187 -0.0205475 111.361
-0.019408 0.0184501 0.999641 13.9022 0.0330079 0.999297 -0.0178028 -3.05122 -0.999267 0.0326505 -0.0200033 111.345
-0.0187544 0.0170365 0.999679 14.6583 0.031611 0.999365 -0.0164381 -3.07288 -0.999324 0.0312926 -0.0192811 111.336
-0.0182096 0.0157049 0.999711 15.4238 0.0324626 0.999359 -0.0151081 -3.09531 -0.999307 0.0321781 -0.0187077 111.324
-0.0188061 0.0135192 0.999732 16.2008 0.0333232 0.999362 -0.0128874 -3.11818 -0.999268 0.0330719 -0.0192446 111.309
-0.0201606 0.0119613 0.999725 16.981 0.0312072 0.999449 -0.0113287 -3.14101 -0.99931 0.0309702 -0.0205228 111.294
-0.0218027 0.0109506 0.999702 17.7675 0.0296103 0.999509 -0.0103027 -3.16064 -0.999324 0.0293769 -0.0221163 111.276
-0.0232297 0.00836657 0.999695 18.5654 0.0318731 0.999463 -0.00762399 -3.17646 -0.999222 0.0316863 -0.0234839 111.252
-0.0244795 0.00729378 0.999674 19.3715 0.0347378 0.999376 -0.00644096 -3.19365 -0.999097 0.0345688 -0.0247175 111.225
-0.026542 0.00500048 0.999635 20.1879 0.0303489 0.999531 -0.00419414 -3.21406 -0.999187 0.0302265 -0.0266813 111.207
-0.0274242 0.00993907 0.999574 21.0056 0.0277744 0.999572 -0.00917703 -3.2323 -0.999238 0.0275109 -0.0276885 111.189
-0.0280475 0.0150942 0.999493 21.8275 0.0292482 0.99947 -0.0142731 -3.25081 -0.999179 0.028833 -0.0284741 111.169
-0.0287754 0.0169382 0.999442 22.6584 0.0299799 0.999421 -0.0160747 -3.27315 -0.999136 0.0295007 -0.0292665 111.15
-0.0298414 0.0148438 0.999444 23.4968 0.0264324 0.999552 -0.0140562 -3.29826 -0.999205 0.0259983 -0.0302204 111.137
-0.030614 0.0107132 0.999474 24.3382 0.0232998 0.999678 -0.0100017 -3.32637 -0.99926 0.0229814 -0.0308537 111.128
-0.030565 0.0049287 0.999521 25.1821 0.0215853 0.999758 -0.00426979 -3.3504 -0.9993 0.0214445 -0.030664 111.111
-0.0304909 -0.000534987 0.999535 26.0273 0.0183737 0.999831 0.00109564 -3.37042 -0.999366 0.0183986 -0.0304759 111.099
-0.0303782 -0.00187094 0.999537 26.8655 0.0153009 0.99988 0.00233661 -3.39242 -0.999421 0.0153648 -0.030346 111.087
-0.0294046 0.00338442 0.999562 27.6965 0.017708 0.999839 -0.00286444 -3.41765 -0.999411 0.017616 -0.0294598 111.067
-0.0282368 0.0151699 0.999486 28.5175 0.0203391 0.999687 -0.0145983 -3.43964 -0.999394 0.0199165 -0.0285365 111.042
-0.0276504 0.0220376 0.999375 29.3403 0.0226064 0.999515 -0.0214152 -3.46465 -0.999362 0.0220001 -0.0281352 111.019
-0.0263611 0.016155 0.999522 30.1718 0.023802 0.999596 -0.0155284 -3.49475 -0.999369 0.0233813 -0.026735 110.996
-0.0251162 0.00784271 0.999654 31.0029 0.0264417 0.999625 -0.00717814 -3.52464 -0.999335 0.0262522 -0.0253142 110.973
-0.0245215 0.00504821 0.999687 31.8244 0.0281259 0.999595 -0.00435784 -3.55039 -0.999304 0.0280103 -0.0246535 110.949
-0.0244843 0.00562509 0.999684 32.6373 0.027254 0.999616 -0.0049572 -3.57401 -0.999329 0.027124 -0.0246282 110.931
-0.0252088 0.00643817 0.999661 33.4496 0.0242846 0.999688 -0.00582595 -3.59738 -0.999387 0.0241295 -0.0253573 110.915
-0.0271111 0.00683152 0.999609 34.2556 0.0223553 0.999731 -0.00622603 -3.6195 -0.999382 0.0221778 -0.0272565 110.896
-0.0290714 0.00627248 0.999558 35.0597 0.0216493 0.99975 -0.00564403 -3.64338 -0.999343 0.0214756 -0.0291999 110.873
-0.0311824 0.00705369 0.999489 35.8595 0.0209451 0.99976 -0.00640215 -3.669 -0.999294 0.0207347 -0.0313227 110.852
-0.0332314 0.00728097 0.999421 36.6557 0.0190923 0.999796 -0.00664887 -3.69232 -0.999265 0.0188603 -0.0333636 110.832
-0.0352876 0.00654835 0.999356 37.4503 0.0170213 0.999837 -0.00595048 -3.71328 -0.999232 0.0168003 -0.0353933 110.812
-0.0373282 0.00498928 0.999291 38.2406 0.0174757 0.999838 -0.0043392 -3.73939 -0.99915 0.0173013 -0.0374093 110.788
-0.0393168 0.00474214 0.999216 39.0235 0.0172054 0.999844 -0.00406813 -3.76436 -0.999079 0.017032 -0.0393922 110.76
-0.0411417 0.00591388 0.999136 39.8044 0.0169543 0.999843 -0.00521992 -3.78891 -0.999009 0.0167249 -0.0412355 110.731
-0.0421329 0.00677994 0.999089 40.5755 0.0175292 0.999828 -0.00604572 -3.8113 -0.998958 0.0172585 -0.0422445 110.698
-0.0433509 0.00546253 0.999045 41.3483 0.0195343 0.999799 -0.004619 -3.83487 -0.998869 0.0193155 -0.0434489 110.662
-0.0447498 0.00454299 0.998988 42.1159 0.0196698 0.9998 -0.00366556 -3.86049 -0.998805 0.0194859 -0.0448302 110.626
-0.0461308 0.0037923 0.998928 42.8761 0.0186542 0.999822 -0.00293424 -3.88546 -0.998761 0.0184988 -0.0461933 110.593
-0.0475274 0.00269772 0.998866 43.6256 0.0168264 0.999857 -0.00189977 -3.90854 -0.998728 0.016717 -0.047566 110.563
-0.0484421 0.00185895 0.998824 44.359 0.0156394 0.999877 -0.00110241 -3.92751 -0.998703 0.0155676 -0.0484652 110.533
-0.0493002 0.0011211 0.998783 45.0737 0.0157528 0.999876 -0.000344762 -3.94713 -0.99866 0.0157167 -0.0493118 110.503
-0.0496327 0.00343941 0.998762 45.7787 0.0159499 0.999869 -0.0026506 -3.96825 -0.99864 0.0157986 -0.049681 110.472
-0.0497166 0.00653755 0.998742 46.4792 0.0162422 0.999852 -0.00573629 -3.99029 -0.998631 0.0159366 -0.0498154 110.441
-0.0499108 0.00810408 0.998721 47.1765 0.0143582 0.99987 -0.00739586 -4.01175 -0.99865 0.0139707 -0.0500207 110.412
-0.0501302 0.00897904 0.998702 47.8711 0.0146564 0.999859 -0.00825375 -4.03429 -0.998635 0.0142236 -0.0502547 110.382
-0.0501996 0.0088631 0.9987 48.5656 0.0158356 0.999842 -0.00807725 -4.05534 -0.998614 0.0154096 -0.050332 110.348
-0.0504802 0.00791448 0.998694 49.254 0.016851 0.999833 -0.00707175 -4.07461 -0.998583 0.016472 -0.0506051 110.315
-0.0508748 0.00850784 0.998669 49.9395 0.013115 0.999883 -0.00785007 -4.09381 -0.998619 0.0126981 -0.0509804 110.289
-0.0508334 0.00820168 0.998673 50.6236 0.0102168 0.999918 -0.00769185 -4.11438 -0.998655 0.00981226 -0.050913 110.263
-0.0506971 0.00678938 0.998691 51.2989 0.0120875 0.999908 -0.00618404 -4.13176 -0.998641 0.0117581 -0.0507744 110.229
-0.0515981 0.00640469 0.998647 51.9717 0.0127613 0.999902 -0.00575338 -4.14866 -0.998586 0.0124471 -0.0516748 110.195
-0.0548797 0.00589153 0.998476 52.6411 0.00988922 0.999937 -0.0053566 -4.16784 -0.998444 0.00958018 -0.0549345 110.164
-0.0601204 0.00545629 0.998176 53.3068 0.0057562 0.99997 -0.0051194 -4.18803 -0.998174 0.00543793 -0.06015 110.132
-0.0659437 0.00871994 0.997785 53.9664 0.00877415 0.999928 -0.00815878 -4.20471 -0.997785 0.0082167 -0.0660154 110.084
-0.07232 0.0120962 0.997308 54.6275 0.0115416 0.99987 -0.0112903 -4.22111 -0.997315 0.010694 -0.0724502 110.029
-0.0797655 0.0136783 0.99672 55.2967 0.0106963 0.99986 -0.0128654 -4.23974 -0.996756 0.00963496 -0.0799007 109.976
-0.086101 0.0128927 0.996203 55.9687 0.00721225 0.999898 -0.0123172 -4.25974 -0.99626 0.00612435 -0.0861852 109.923
-0.0915192 0.0118408 0.995733 56.6451 0.00585723 0.999918 -0.0113523 -4.28306 -0.995786 0.00479329 -0.091581 109.86
-0.0960166 0.0122785 0.995304 57.3246 0.00424319 0.99992 -0.0119261 -4.30533 -0.995371 0.00307816 -0.096061 109.792
-0.099999 0.011439 0.994922 58.0125 0.00172984 0.999934 -0.0113228 -4.324 -0.994986 0.000588797 -0.100012 109.725
-0.102799 0.00894923 0.994662 58.7092 0.00219317 0.999959 -0.00877022 -4.34223 -0.9947 0.0012799 -0.102814 109.652
-0.104534 0.00557948 0.994506 59.4186 0.00396011 0.999979 -0.00519392 -4.36043 -0.994514 0.00339541 -0.104554 109.576
-0.106344 0.00134166 0.994328 60.1424 0.00296901 0.999995 -0.00103176 -4.37708 -0.994325 0.00284245 -0.106348 109.503
-0.107847 0.00198098 0.994166 60.8681 0.00264799 0.999995 -0.00170534 -4.39095 -0.994164 0.00244863 -0.107852 109.43
-0.108576 0.0050649 0.994075 61.5965 0.0040618 0.999981 -0.00465134 -4.40439 -0.99408 0.00353271 -0.108595 109.351
-0.108761 0.00931619 0.994024 62.3294 0.0096399 0.999919 -0.00831668 -4.42035 -0.994021 0.00867777 -0.108842 109.265
-0.109326 0.0135391 0.993914 63.07 0.0172462 0.999783 -0.0117221 -4.43812 -0.993856 0.0158597 -0.109536 109.174
-0.110041 0.0159601 0.993799 63.8146 0.0187561 0.999726 -0.0139784 -4.45652 -0.99375 0.0171016 -0.11031 109.091
-0.110628 0.01354 0.99377 64.5634 0.0166279 0.999793 -0.011771 -4.47688 -0.993723 0.0152221 -0.11083 109.014
-0.110447 0.00771938 0.993852 65.3156 0.015728 0.999858 -0.00601818 -4.49968 -0.993758 0.0149666 -0.110553 108.934
-0.110549 0.00634435 0.99385 66.0597 0.0184837 0.99982 -0.00432644 -4.57986 -0.993699 0.0178918 -0.110647 108.857
-0.111546 0.00577153 0.993743 66.8058 0.0187439 0.999818 -0.00370282 -4.70875 -0.993582 0.0182136 -0.111634 108.791
-0.113314 0.00635977 0.993539 67.5462 0.017314 0.99984 -0.00442543 -4.78963 -0.993408 0.0167007 -0.113406 108.72
-0.115597 0.00749232 0.993268 68.2857 0.0168804 0.999842 -0.00557736 -4.88458 -0.993153 0.0161221 -0.115705 108.648
-0.117766 0.00725474 0.993015 69.0248 0.0175856 0.999832 -0.00521898 -4.94654 -0.992886 0.0168482 -0.117874 108.567
-0.119588 0.00740834 0.992796 69.7701 0.0183754 0.999817 -0.00524731 -5.0198 -0.992653 0.0176155 -0.119702 108.483
-0.121674 0.0071331 0.992544 70.5194 0.017975 0.999826 -0.0049819 -5.07247 -0.992407 0.0172348 -0.121781 108.398
-0.12341 0.00737691 0.992328 71.2741 0.0155929 0.999863 -0.00549373 -5.12576 -0.992233 0.0147953 -0.123508 108.316
-0.124645 0.00873569 0.992163 72.0277 0.0159516 0.99985 -0.00679938 -5.16964 -0.992073 0.0149791 -0.124765 108.229
-0.125381 0.00876986 0.99207 72.7869 0.014359 0.999872 -0.00702409 -5.215 -0.992005 0.0133645 -0.125491 108.144
-0.126793 0.00932849 0.991885 73.5516 0.0143541 0.999868 -0.00756867 -5.25097 -0.991825 0.013278 -0.12691 108.056
-0.127812 0.00772437 0.991768 74.323 0.0147654 0.999874 -0.00588463 -5.28883 -0.991689 0.0138917 -0.12791 107.967
-0.12894 0.00567115 0.991636 75.0981 0.0126075 0.999912 -0.00407916 -5.3223 -0.991572 0.0119761 -0.129 107.874
-0.130643 0.00349392 0.991423 75.8789 0.00950666 0.999952 -0.00227125 -5.35263 -0.991384 0.00912841 -0.130669 107.783
-0.132664 0.00268137 0.991157 76.6636 0.0102665 0.999946 -0.00133099 -5.38355 -0.991108 0.00999916 -0.132685 107.685
-0.134469 0.00314797 0.990913 77.4543 0.0115964 0.999931 -0.00160296 -5.40764 -0.99085 0.0112754 -0.134496 107.583
-0.136692 0.0040861 0.990605 78.2494 0.0110096 0.999936 -0.00260539 -5.42747 -0.990552 0.0105501 -0.136728 107.483
-0.13836 0.00775655 0.990352 79.0466 0.0118035 0.999911 -0.00618237 -5.44925 -0.990312 0.0108342 -0.138439 107.378
-0.13859 0.0119858 0.990277 79.8488 0.0143167 0.999847 -0.010098 -5.47405 -0.990246 0.012778 -0.13874 107.269
-0.139756 0.0157253 0.990061 80.6562 0.0156753 0.999784 -0.013667 -5.49726 -0.990062 0.0136095 -0.139972 107.159
-0.139496 0.0166394 0.990083 81.4741 0.01722 0.999748 -0.0143757 -5.52312 -0.990073 0.0150439 -0.139748 107.049
-0.139018 0.0163362 0.990155 82.2975 0.0213337 0.999681 -0.0134981 -5.55048 -0.99006 0.0192472 -0.139322 106.933
-0.138805 0.014471 0.990214 83.1285 0.0216516 0.999699 -0.0115746 -5.57816 -0.990083 0.0198331 -0.139076 106.823
-0.138125 0.0130122 0.990329 83.9628 0.0212232 0.999723 -0.0101755 -5.60057 -0.990187 0.0196124 -0.138363 106.716
-0.136402 0.0107681 0.990595 84.8016 0.0199312 0.999768 -0.00812336 -5.62419 -0.990453 0.0186358 -0.136585 106.609
-0.134701 0.00733081 0.990859 85.6502 0.0206931 0.999775 -0.00458367 -5.64515 -0.99067 0.0198865 -0.134823 106.499
-0.132918 0.00396255 0.991119 86.4992 0.0210977 0.999777 -0.00116776 -5.66522 -0.990902 0.0207552 -0.132972 106.39
-0.131187 0.00319424 0.991352 87.3488 0.0194876 0.99981 -0.000642668 -5.68991 -0.991166 0.0192347 -0.131224 106.286
-0.129795 0.00704009 0.991516 88.1956 0.0204002 0.999782 -0.00442829 -5.71794 -0.991331 0.0196523 -0.12991 106.18
-0.127683 0.0133762 0.991725 89.0433 0.0207207 0.999727 -0.0108163 -5.74252 -0.991598 0.0191682 -0.127926 106.076
-0.126106 0.0169356 0.991872 89.895 0.0194629 0.999704 -0.0145948 -5.76742 -0.991826 0.0174643 -0.126398 105.978
-0.124372 0.0149138 0.992124 90.7563 0.0176002 0.999763 -0.0128222 -5.79901 -0.992079 0.0158669 -0.124605 105.879
-0.123495 0.0119667 0.992273 91.6216 0.0179327 0.999791 -0.00982555 -5.83009 -0.992183 0.0165807 -0.123684 105.777
-0.122862 0.0103153 0.99237 92.4873 0.0186649 0.999793 -0.00808165 -5.8573 -0.992248 0.0175296 -0.123029 105.675
-0.122148 0.0103879 0.992458 93.3471 0.0187384 0.999791 -0.00815842 -5.88387 -0.992335 0.0176005 -0.122317 105.574
-0.121725 0.00988179 0.992515 94.2111 0.0175407 0.999816 -0.00780323 -5.91092 -0.992409 0.0164596 -0.121876 105.475
-0.120948 0.00889855 0.992619 95.0744 0.0201723 0.999775 -0.00650476 -5.93641 -0.992454 0.0192366 -0.1211 105.372
-0.119844 0.0072719 0.992766 95.9365 0.0223419 0.99974 -0.00462592 -5.96198 -0.992541 0.0216259 -0.119975 105.268
-0.119035 0.008849 0.992851 96.7909 0.0251626 0.999666 -0.00589293 -5.98669 -0.992571 0.0242812 -0.119218 105.166
-0.118302 0.0114152 0.992912 97.6459 0.0257942 0.999632 -0.00841912 -6.01287 -0.992643 0.0246154 -0.118553 105.065
-0.117463 0.0123815 0.993 98.4988 0.0229243 0.99969 -0.00975319 -6.03815 -0.992813 0.0216182 -0.117711 104.97
-0.117182 0.00900692 0.99307 99.352 0.0182088 0.99981 -0.00691941 -6.06647 -0.992943 0.0172718 -0.117324 104.878
-0.117221 0.00569045 0.99309 100.202 0.013057 0.999906 -0.00418831 -6.09597 -0.99302 0.0124758 -0.117284 104.788
-0.118367 0.00604128 0.992952 101.043 0.00972048 0.999941 -0.00492505 -6.12326 -0.992922 0.00906901 -0.118419 104.696
-0.119734 0.0106837 0.992748 101.878 0.00644646 0.999929 -0.00998347 -6.14874 -0.992785 0.00520435 -0.119795 104.606
-0.120483 0.0135205 0.992623 102.708 0.00546753 0.999901 -0.012956 -6.17426 -0.9927 0.00386623 -0.120545 104.511
-0.12097 0.0139289 0.992558 103.536 0.00637352 0.999892 -0.013255 -6.20399 -0.992636 0.00472263 -0.121045 104.414
-0.121419 0.0129879 0.992516 104.361 0.00753435 0.999898 -0.0121627 -6.23591 -0.992573 0.00600118 -0.121504 104.315
-0.122001 0.0135919 0.992437 105.178 0.00861716 0.999883 -0.0126346 -6.26712 -0.992492 0.00701055 -0.122104 104.217
-0.122502 0.0164598 0.992332 105.991 0.00994929 0.999833 -0.015356 -6.29876 -0.992418 0.00799186 -0.122645 104.117
-0.123122 0.0181914 0.992225 106.798 0.00966189 0.999807 -0.0171314 -6.3312 -0.992344 0.00747751 -0.123274 104.021
-0.124302 0.0182355 0.992077 107.603 0.00797266 0.999817 -0.0173789 -6.36254 -0.992212 0.00574927 -0.124425 103.926
-0.126456 0.0174943 0.991818 108.401 0.00622207 0.999839 -0.0168424 -6.39628 -0.991953 0.00404134 -0.126544 103.83
-0.129609 0.0177425 0.991407 109.192 0.00575313 0.999837 -0.0171413 -6.42985 -0.991549 0.00348203 -0.12969 103.732
-0.132729 0.0207634 0.990935 109.977 0.00547109 0.999781 -0.020216 -6.46164 -0.991137 0.00273825 -0.132814 103.631
-0.136227 0.0222478 0.990428 110.757 0.00432178 0.999752 -0.0218628 -6.49316 -0.990668 0.00130211 -0.136289 103.531
-0.139382 0.0221155 0.989992 111.535 0.00401723 0.999755 -0.021768 -6.526 -0.990231 0.000942955 -0.139437 103.427
-0.142274 0.0204422 0.989616 112.308 0.00521639 0.999788 -0.0199024 -6.55814 -0.989814 0.00233063 -0.142351 103.32
-0.144809 0.0212852 0.989231 113.078 0.00701306 0.999766 -0.0204852 -6.58877 -0.989435 0.00397109 -0.144925 103.211
-0.146915 0.0256941 0.988815 113.842 0.00255357 0.999669 -0.0255967 -6.62542 -0.989146 -0.00123553 -0.146932 103.109
-0.148805 0.0317636 0.988356 114.599 -0.000400046 0.999482 -0.0321814 -6.66441 -0.988866 -0.00518414 -0.148715 103.004
-0.151349 0.0361622 0.987819 115.357 0.00378069 0.999345 -0.0360049 -6.69889 -0.988473 -0.00171467 -0.151387 102.887
-0.154 0.0342478 0.987477 116.117 0.00606961 0.999413 -0.0337151 -6.73252 -0.988052 0.00080146 -0.154118 102.766
-0.157535 0.0261226 0.987168 116.883 0.00468174 0.999659 -0.025706 -6.77264 -0.987502 0.000572065 -0.157603 102.65
-0.159796 0.023297 0.986875 117.639 0.00307943 0.999728 -0.0231017 -6.81226 -0.987145 -0.000652537 -0.159824 102.533
-0.161356 0.0271345 0.986523 118.386 0.00312775 0.999631 -0.0269835 -6.84811 -0.986891 -0.00126835 -0.161382 102.411
-0.163999 0.0300151 0.986004 119.131 0.000491165 0.999539 -0.0303454 -6.88015 -0.98646 -0.00449231 -0.163938 102.295
-0.166588 0.0326034 0.985487 119.873 -0.00038158 0.999451 -0.0331299 -6.91667 -0.986027 -0.00589508 -0.166484 102.178
-0.168554 0.0361905 0.985028 120.611 0.0030867 0.99934 -0.0361882 -6.95509 -0.985688 -0.00305917 -0.168554 102.053
-0.17036 0.0408378 0.984535 121.346 0.00388203 0.999161 -0.0407728 -6.99395 -0.985374 -0.00312404 -0.170375 101.931
-0.173449 0.0436873 0.983873 122.079 0.00306493 0.999035 -0.0438201 -7.03161 -0.984838 -0.00458505 -0.173415 101.812
-0.175633 0.0410959 0.983598 122.813 0.00340126 0.999148 -0.0411383 -7.07388 -0.98445 -0.00387975 -0.175623 101.684
-0.179509 0.037306 0.983049 123.547 0.007378 0.999304 -0.0365756 -7.11607 -0.983729 0.000687304 -0.179659 101.547
-0.18493 0.0358609 0.982097 124.273 0.0100008 0.999351 -0.0346077 -7.15745 -0.982701 0.00342173 -0.185168 101.408
-0.191103 0.0347287 0.980956 124.997 0.00890372 0.999394 -0.0336469 -7.19872 -0.98153 0.00230414 -0.191296 101.269
-0.199364 0.0344174 0.979321 125.712 0.00762339 0.999407 -0.0335713 -7.23782 -0.979896 0.000772837 -0.199508 101.126
-0.209744 0.0349041 0.977133 126.425 0.0067313 0.99939 -0.0342542 -7.27735 -0.977733 -0.000607246 -0.209851 100.975
-0.221524 0.036056 0.974488 127.132 0.00739275 0.99935 -0.0352953 -7.31602 -0.975127 -0.000614597 -0.221646 100.812
-0.233832 0.0364633 0.971593 127.837 0.00806608 0.999335 -0.0355632 -7.35426 -0.972243 -0.000478888 -0.233971 100.64
-0.245552 0.0368072 0.968684 128.537 0.0109526 0.999321 -0.0351949 -7.39165 -0.969321 0.0019675 -0.245788 100.456
-0.256614 0.0367937 0.965813 129.235 0.0141378 0.999311 -0.0343135 -7.42891 -0.966411 0.00484913 -0.256958 100.265
-0.2668 0.0368128 0.963049 129.927 0.0181623 0.999285 -0.0331662 -7.46446 -0.96358 0.00864246 -0.267278 100.066
-0.275632 0.037655 0.960525 130.618 0.0238157 0.999193 -0.0323367 -7.50132 -0.960968 0.0139626 -0.276306 99.8568
-0.283235 0.0377056 0.958309 131.304 0.0291626 0.999103 -0.0306915 -7.5357 -0.958607 0.0192539 -0.28408 99.642
-0.289795 0.0376151 0.956349 131.986 0.0294944 0.999104 -0.0303592 -7.57149 -0.956634 0.019409 -0.290645 99.4321
-0.294485 0.0361886 0.954971 132.668 0.0328924 0.999075 -0.0277169 -7.60297 -0.95509 0.0232491 -0.295403 99.2161
-0.296629 0.0335904 0.954402 133.345 0.0392396 0.998966 -0.0229632 -7.63387 -0.954186 0.0306388 -0.297641 98.9927
-0.297525 0.0327185 0.954153 134.017 0.045906 0.998747 -0.0199332 -7.66596 -0.95361 0.0378708 -0.298654 98.7678
-0.298589 0.0299441 0.953912 134.687 0.0472085 0.998748 -0.0165746 -7.69684 -0.953213 0.0400838 -0.299629 98.5535
-0.298337 0.0354296 0.953803 135.347 0.0506094 0.998492 -0.0212596 -7.72511 -0.953118 0.0419288 -0.299681 98.3406
-0.296834 0.03905 0.95413 136.005 0.0505869 0.998404 -0.0251242 -7.7527 -0.953588 0.0408088 -0.298335 98.1349
-0.296132 0.0394568 0.954332 136.66 0.0525124 0.998308 -0.0249802 -7.78143 -0.953702 0.0427168 -0.297703 97.9265
-0.294303 0.0380568 0.954954 137.316 0.0541597 0.998265 -0.0230916 -7.80964 -0.954176 0.0449242 -0.295853 97.7184
-0.292363 0.0344885 0.955685 137.967 0.055608 0.998272 -0.0190138 -7.84458 -0.954689 0.0475848 -0.293775 97.5118
-0.290804 0.0352357 0.956134 138.607 0.0569989 0.998185 -0.0194494 -7.87669 -0.955083 0.0488426 -0.292284 97.3143
-0.288438 0.0379538 0.956746 139.242 0.0580349 0.99807 -0.0220969 -7.90456 -0.955738 0.0491511 -0.290084 97.1198
-0.284189 0.0395603 0.957952 139.873 0.0596111 0.997944 -0.0235274 -7.93472 -0.956913 0.0504184 -0.285963 96.9265
-0.278873 0.0389135 0.959539 140.503 0.0611457 0.997871 -0.0226971 -7.96545 -0.958379 0.0523421 -0.280658 96.7389
-0.273255 0.0369624 0.961231 141.13 0.0624696 0.997834 -0.0206112 -7.99792 -0.959911 0.0544156 -0.274972 96.5545
-0.268472 0.0349885 0.962652 141.752 0.0624418 0.99787 -0.0188542 -8.02938 -0.961262 0.0550479 -0.270085 96.3771
-0.264367 0.0340504 0.963821 142.369 0.0623476 0.997889 -0.0181526 -8.06037 -0.962405 0.055293 -0.265932 96.2044
-0.260432 0.0327524 0.964936 142.983 0.0633076 0.997853 -0.0167832 -8.0872 -0.963414 0.056717 -0.261946 96.0345
-0.256536 0.0308981 0.966041 143.594 0.0659606 0.997718 -0.0143952 -8.11244 -0.964281 0.0600277 -0.257988 95.8635
-0.252427 0.0300747 0.967149 144.202 0.0692547 0.997515 -0.0129434 -8.13631 -0.965135 0.0637123 -0.253882 95.6956
-0.249122 0.0280432 0.968066 144.801 0.0673683 0.997661 -0.011564 -8.16592 -0.966126 0.0623362 -0.250428 95.539
-0.245538 0.0285784 0.968966 145.394 0.0643685 0.99784 -0.0131189 -8.19424 -0.967248 0.0591497 -0.246847 95.3907
-0.240865 0.031925 0.970033 145.98 0.0651959 0.997734 -0.0166481 -8.22165 -0.968366 0.0592322 -0.2424 95.2441
-0.23514 0.0355892 0.97131 146.565 0.0675637 0.997511 -0.020193 -8.24653 -0.96961 0.0608771 -0.236959 95.0991
-0.228594 0.0366057 0.972833 147.144 0.0668538 0.997524 -0.0218256 -8.2731 -0.971224 0.0600484 -0.230476 94.965
-0.220224 0.034753 0.97483 147.725 0.0634845 0.997757 -0.0212286 -8.30181 -0.973381 0.0572115 -0.221936 94.8416
-0.209725 0.0328361 0.977209 148.302 0.0624901 0.997843 -0.020118 -8.33079 -0.975761 0.0568466 -0.211325 94.7184
