1 1.19762e-11 1.70464e-10 1.11022e-16 1.19762e-11 1 3.5625e-10 1.60866e-25 1.70464e-10 3.5625e-10 1 2.22045e-16
0.999997 -0.00195899 -0.00163013 0.00349972 0.0019574 0.999998 -0.000974506 -0.00978933 0.00163204 0.000971312 0.999998 0.565351
0.999993 -0.00247504 -0.00275584 0.00117395 0.00246866 0.999994 -0.00231683 -0.0224147 0.00276156 0.00231001 0.999994 1.12761
0.999986 -0.00252816 -0.0045809 -0.0078317 0.00251202 0.999991 -0.00352661 -0.0414109 0.00458977 0.00351506 0.999983 1.68923
0.999968 -0.00464869 -0.00659532 -0.0150813 0.00461282 0.999974 -0.00544397 -0.0592272 0.00662046 0.00541337 0.999963 2.2513
0.999941 -0.00713458 -0.00815276 -0.0204007 0.0070729 0.999946 -0.00756912 -0.0742325 0.00820633 0.00751101 0.999938 2.81607
0.99992 -0.00831134 -0.00953907 -0.0296935 0.00823033 0.99993 -0.00850081 -0.0907826 0.00960905 0.00842162 0.999918 3.39028
0.999904 -0.00852535 -0.0109107 -0.0415274 0.00844113 0.999934 -0.00774223 -0.109854 0.010976 0.00764938 0.99991 3.96949
0.999888 -0.00881152 -0.0120661 -0.0559371 0.00871587 0.99993 -0.00795759 -0.134802 0.0121354 0.00785153 0.999896 4.5562
0.999878 -0.00827889 -0.0132479 -0.070081 0.00814137 0.999913 -0.010401 -0.157551 0.0133328 0.0102919 0.999858 5.15046
0.999875 -0.00658004 -0.0143906 -0.087982 0.00637428 0.999877 -0.0142978 -0.180348 0.0144829 0.0142043 0.999794 5.75128
0.999865 -0.00508283 -0.0156125 -0.105471 0.00480085 0.999826 -0.018046 -0.199658 0.0157015 0.0179686 0.999715 6.36394
0.999852 -0.00362383 -0.0168054 -0.123858 0.00330696 0.999817 -0.0188454 -0.218784 0.0168706 0.0187871 0.999681 6.98963
0.999839 -0.00111254 -0.0178854 -0.144474 0.000890769 0.999923 -0.0124025 -0.236617 0.0178978 0.0123846 0.999763 7.6376
0.999826 -8.67214e-05 -0.0186653 -0.164512 5.35873e-05 0.999998 -0.00177566 -0.254263 0.0186654 0.00177435 0.999824 8.30211
0.999812 0.0010046 -0.0193668 -0.184476 -0.000898915 0.999985 0.00546514 -0.273804 0.0193719 -0.0054467 0.999798 8.97838
0.999782 0.00338997 -0.0206175 -0.207719 -0.00327584 0.999979 0.00556673 -0.292437 0.0206359 -0.00549797 0.999772 9.66192
0.999754 0.00555576 -0.0214593 -0.232999 -0.00559521 0.999983 -0.00177863 -0.303572 0.021449 0.00189826 0.999768 10.3537
0.999737 0.00481293 -0.0224277 -0.253794 -0.00501339 0.999948 -0.00889058 -0.309178 0.0223837 0.00900067 0.999709 11.0642
0.999714 0.00262074 -0.0237505 -0.270128 -0.00281921 0.999961 -0.00832664 -0.315224 0.0237278 0.00839122 0.999683 11.7984
0.999706 0.00189375 -0.0241609 -0.282116 -0.00185813 0.999997 0.0014965 -0.320701 0.0241637 -0.00145117 0.999707 12.5587
0.999697 0.00162515 -0.0245788 -0.296212 -0.00139317 0.999954 0.00945236 -0.325222 0.0245931 -0.00941525 0.999653 13.3352
0.999686 0.000758364 -0.0250353 -0.31283 -0.000452102 0.999925 0.0122366 -0.329207 0.0250427 -0.0122214 0.999612 14.124
0.999679 -0.0013827 -0.0252921 -0.327087 0.00166755 0.999935 0.0112448 -0.330021 0.0252749 -0.0112833 0.999617 14.9276
0.999685 -0.0021987 -0.0249978 -0.34512 0.0024139 0.99996 0.00858185 -0.32986 0.0249779 -0.00863949 0.999651 15.7488
0.999704 5.74748e-05 -0.0243265 -0.358557 6.66055e-05 0.999987 0.00509977 -0.331078 0.0243265 -0.00509988 0.999691 16.5818
0.999724 -0.00263662 -0.0233461 -0.36611 0.00263257 0.999996 -0.000204613 -0.337421 0.0233466 0.000143097 0.999727 17.4281
0.999726 -0.00554412 -0.0227279 -0.368644 0.00539978 0.999965 -0.00640746 -0.350653 0.0227626 0.00628298 0.999721 18.2881
0.999755 -0.00508593 -0.0215304 -0.381287 0.00481945 0.999911 -0.0124108 -0.364323 0.0215916 0.012304 0.999691 19.1697
0.999766 -0.00383884 -0.0212784 -0.393143 0.00355529 0.999905 -0.0133473 -0.383628 0.0213276 0.0132685 0.999685 20.0706
0.999762 -0.00342267 -0.0215359 -0.406557 0.00314813 0.999914 -0.0127693 -0.407881 0.0215777 0.0126985 0.999686 20.9906
0.999767 -0.00220444 -0.0214837 -0.419658 0.00191025 0.999904 -0.0137047 -0.435066 0.0215119 0.0136604 0.999675 21.9249
0.999773 0.000468753 -0.0213179 -0.43756 -0.000807531 0.999874 -0.0158859 -0.463143 0.0213078 0.0158994 0.999646 22.8777
0.999764 0.00401369 -0.0213359 -0.450731 -0.00437152 0.99985 -0.0167509 -0.49138 0.0212655 0.0168402 0.999632 23.8492
0.999758 0.0057912 -0.02124 -0.46864 -0.00614396 0.999844 -0.0165809 -0.520819 0.0211406 0.0167074 0.999637 24.825
0.999748 0.00665541 -0.0214639 -0.487074 -0.00700952 0.99984 -0.0164652 -0.550487 0.0213509 0.0166115 0.999634 25.8075
0.999743 0.00668404 -0.0216524 -0.505576 -0.0070438 0.999838 -0.0165821 -0.580698 0.021538 0.0167303 0.999628 26.7949
0.99973 0.00747002 -0.0220051 -0.525875 -0.00781043 0.999851 -0.0154247 -0.612311 0.0218866 0.0155924 0.999639 27.7959
0.999718 0.00816916 -0.0222987 -0.546485 -0.008472 0.999873 -0.0135203 -0.643098 0.0221855 0.0137054 0.99966 28.8031
0.999705 0.00882865 -0.0226348 -0.567916 -0.00910745 0.999883 -0.0122438 -0.673845 0.0225241 0.0124463 0.999669 29.8173
0.999705 0.00868945 -0.0226855 -0.588476 -0.00898554 0.999875 -0.0129829 -0.704807 0.0225698 0.013183 0.999658 30.8382
0.999691 0.00975837 -0.0228654 -0.611385 -0.0100838 0.999849 -0.0141614 -0.734482 0.0227238 0.0143875 0.999638 31.8666
0.999685 0.00956306 -0.0232004 -0.634186 -0.00987584 0.999861 -0.0134049 -0.765854 0.023069 0.0136298 0.999641 32.9025
0.999676 0.00885961 -0.0238781 -0.656257 -0.00911672 0.999901 -0.0106803 -0.796095 0.0237811 0.0108946 0.999658 33.9495
0.999666 0.00910342 -0.0242049 -0.679966 -0.00928008 0.999931 -0.00719627 -0.82507 0.0241377 0.00741849 0.999681 35.0044
0.999652 0.00928432 -0.024707 -0.704629 -0.00940096 0.999945 -0.00460886 -0.852128 0.0246629 0.00483953 0.999684 36.0673
0.999639 0.00921853 -0.0252368 -0.731816 -0.00932193 0.999949 -0.00398256 -0.879245 0.0251988 0.00421638 0.999674 37.1299
0.999634 0.00864036 -0.0256266 -0.750946 -0.00878544 0.999946 -0.00555415 -0.899945 0.0255773 0.00577726 0.999656 38.2016
0.999623 0.00885319 -0.0259729 -0.763742 -0.00900868 0.999942 -0.00587577 -0.91739 0.0259194 0.00610754 0.999645 39.277
0.999611 0.00863678 -0.0265076 -0.786111 -0.00877232 0.999949 -0.00500111 -0.942601 0.0264631 0.0052317 0.999636 40.3536
0.999591 0.00860104 -0.0272706 -0.81198 -0.00868329 0.999958 -0.00289895 -0.970725 0.0272446 0.00313456 0.999624 41.431
0.999574 0.00872797 -0.0278367 -0.840559 -0.00874726 0.999962 -0.000571117 -0.998351 0.0278306 0.000814369 0.999612 42.5065
0.999547 0.01022 -0.028301 -0.870912 -0.010224 0.999948 1.82827e-06 -1.02698 0.0282995 0.000287524 0.9996 43.5805
0.999528 0.010944 -0.0287105 -0.905996 -0.0110649 0.999931 -0.00405754 -1.04797 0.0286641 0.0043733 0.999579 44.6454
0.999509 0.0123517 -0.0288119 -0.944805 -0.0126032 0.999884 -0.00856403 -1.06523 0.0287028 0.00892294 0.999548 45.7073
0.999494 0.0131204 -0.0289777 -0.981509 -0.0133894 0.999869 -0.00911019 -1.08817 0.0288543 0.00949357 0.999539 46.7798
0.999499 0.0132426 -0.0287503 -1.0156 -0.0134304 0.99989 -0.00634808 -1.11085 0.028663 0.00673103 0.999566 47.8582
0.999492 0.0141772 -0.0285492 -1.05011 -0.0142988 0.999889 -0.00405945 -1.13138 0.0284885 0.00446561 0.999584 48.9346
0.999522 0.0120417 -0.0284736 -1.0795 -0.0121252 0.999923 -0.00275898 -1.14944 0.0284381 0.00310291 0.999591 50.0106
0.99952 0.0130068 -0.0281359 -1.11251 -0.0130806 0.999911 -0.00243936 -1.16884 0.0281017 0.00280622 0.999601 51.0892
0.999557 0.0108209 -0.0277213 -1.1429 -0.0109723 0.999926 -0.00531549 -1.18493 0.0276617 0.0056173 0.999602 52.1595
0.999547 0.0119424 -0.0276441 -1.1775 -0.0121629 0.999895 -0.00782164 -1.20027 0.0275478 0.00815432 0.999587 53.2326
0.99956 0.0109781 -0.0275639 -1.21049 -0.0112524 0.999888 -0.00981764 -1.22123 0.027453 0.0101235 0.999572 54.3065
0.999575 0.00958232 -0.0275441 -1.24879 -0.0099384 0.999868 -0.0128199 -1.24431 0.0274176 0.0130882 0.999538 55.3725
0.999593 0.00788946 -0.0274134 -1.28223 -0.00831364 0.999847 -0.015394 -1.27219 0.0272877 0.0156156 0.999506 56.4438
0.999608 0.00648294 -0.0272499 -1.31941 -0.00684856 0.999888 -0.0133457 -1.30008 0.0271603 0.0135271 0.99954 57.5145
0.999616 0.00527276 -0.0272094 -1.35218 -0.00547226 0.999959 -0.00726299 -1.32269 0.02717 0.00740909 0.999603 58.6006
0.999629 0.00417768 -0.0269198 -1.38718 -0.00421106 0.99999 -0.00118334 -1.33902 0.0269147 0.00129626 0.999637 59.6858
0.999638 0.00250897 -0.026778 -1.41801 -0.00250631 0.999997 0.000132927 -1.35433 0.0267782 -6.57644e-05 0.999641 60.7685
0.999647 -0.000662268 -0.0265483 -1.44455 0.000579943 0.999995 -0.00310855 -1.36486 0.0265502 0.00309206 0.999643 61.8474
0.999645 -0.00254863 -0.0265105 -1.4695 0.00237954 0.999977 -0.0064079 -1.37747 0.0265262 0.00634255 0.999628 62.9251
0.999647 -0.000571014 -0.026552 -1.49992 0.000300475 0.999948 -0.0101919 -1.3958 0.0265564 0.0101803 0.999596 64.004
0.999648 -0.00130174 -0.026491 -1.52809 0.000907919 0.999889 -0.0148728 -1.41521 0.0265074 0.0148436 0.999538 65.0853
0.999661 0.00199536 -0.0259434 -1.55877 -0.00240304 0.999874 -0.0156924 -1.43624 0.0259089 0.0157494 0.99954 66.1697
0.999666 0.00684793 -0.0249266 -1.59332 -0.00714774 0.999903 -0.0119583 -1.46064 0.0248423 0.0121325 0.999618 67.2614
0.999658 0.00831283 -0.0247854 -1.62351 -0.00854964 0.999919 -0.00946368 -1.48375 0.0247047 0.00967236 0.999648 68.3497
0.99966 0.00757555 -0.0249494 -1.64924 -0.00780701 0.999927 -0.00919241 -1.50193 0.024878 0.00938406 0.999646 69.4349
0.999674 0.00609603 -0.0247835 -1.67316 -0.00630283 0.999946 -0.00827454 -1.52285 0.0247318 0.00842805 0.999659 70.5223
0.999673 0.00497025 -0.0250707 -1.69757 -0.0051448 0.999963 -0.00690264 -1.54229 0.0250355 0.00702936 0.999662 71.606
0.999672 0.00339472 -0.0253687 -1.72404 -0.00352439 0.999981 -0.00506831 -1.56643 0.025351 0.00515606 0.999665 72.6896
0.999658 0.00222055 -0.0260753 -1.7546 -0.00230226 0.999992 -0.00310383 -1.59346 0.0260682 0.0031628 0.999655 73.7689
0.999643 0.00147914 -0.0266662 -1.78443 -0.00159056 0.99999 -0.00415763 -1.61895 0.0266598 0.00419856 0.999636 74.8429
0.999629 0.00160727 -0.0271864 -1.81802 -0.00182634 0.999966 -0.00803515 -1.64407 0.0271726 0.00808182 0.999598 75.9117
0.99961 0.00213381 -0.0278391 -1.85227 -0.00242465 0.999943 -0.0104178 -1.6707 0.0278153 0.0104812 0.999558 76.9801
0.999589 0.00423309 -0.0283491 -1.89275 -0.00448381 0.999951 -0.00878614 -1.7021 0.0283105 0.00890964 0.99956 78.0446
0.999568 0.00527863 -0.0289213 -1.93169 -0.00541587 0.999974 -0.00466901 -1.73166 0.0288959 0.00482363 0.999571 79.115
0.999541 0.00685325 -0.0295064 -1.9716 -0.00686901 0.999976 -0.000432693 -1.75935 0.0295027 0.000635175 0.999565 80.1804
0.999521 0.00799485 -0.0299016 -2.00925 -0.00797796 0.999968 0.000684146 -1.78003 0.0299062 -0.000445263 0.999553 81.241
0.999506 0.00779579 -0.0304481 -2.04609 -0.00784892 0.999968 -0.0016257 -1.79845 0.0304344 0.00186388 0.999535 82.2956
0.999488 0.007555 -0.0310841 -2.0822 -0.00764202 0.999967 -0.00268157 -1.81915 0.0310628 0.00291774 0.999513 83.3426
0.999475 0.00722552 -0.031576 -2.11814 -0.00730648 0.99997 -0.00244928 -1.83635 0.0315574 0.0026787 0.999498 84.3815
0.999461 0.00595598 -0.0322918 -2.15226 -0.00603165 0.999979 -0.00224656 -1.85474 0.0322778 0.00244012 0.999476 85.4064
0.999447 0.00454705 -0.0329343 -2.18721 -0.00457245 0.999989 -0.000695851 -1.87124 0.0329308 0.000846057 0.999457 86.4172
0.999431 0.00475668 -0.0333817 -2.22492 -0.00469559 0.999987 0.00190827 -1.88913 0.0333903 -0.00175044 0.999441 87.4107
0.999402 0.00401276 -0.0343463 -2.26242 -0.00390284 0.999987 0.00326692 -1.90777 0.034359 -0.00313092 0.999405 88.3827
0.999334 0.00299919 -0.036373 -2.30369 -0.00288071 0.99999 0.00330912 -1.92949 0.0363826 -0.00320213 0.999333 89.3353
0.999211 0.0021383 -0.0396507 -2.34477 -0.00203107 0.999994 0.00274449 -1.95097 0.0396564 -0.00266179 0.99921 90.2655
0.999068 0.0021867 -0.0430994 -2.39013 -0.00210783 0.999996 0.00187541 -1.97274 0.0431033 -0.00178282 0.999069 91.1707
0.998931 0.0018328 -0.0461966 -2.43474 -0.00175515 0.999997 0.0017216 -1.99364 0.0461996 -0.00163868 0.998931 92.0552
0.998777 0.00290474 -0.0493541 -2.48672 -0.00274523 0.999991 0.00329935 -2.02196 0.0493633 -0.00315982 0.998776 92.9158
0.998619 0.00394152 -0.0523813 -2.53828 -0.00372441 0.999984 0.00424169 -2.04439 0.0523972 -0.00404074 0.998618 93.754
0.998457 0.00491092 -0.055305 -2.59438 -0.00459572 0.999972 0.00582513 -2.06611 0.0553321 -0.00556197 0.998452 94.567
0.998295 0.00642753 -0.0580203 -2.64959 -0.00604789 0.999959 0.0067164 -2.08333 0.0580611 -0.00635405 0.998293 95.3521
0.998136 0.00854632 -0.0604283 -2.70982 -0.00811717 0.99994 0.00734372 -2.10483 0.0604874 -0.00683952 0.998146 96.1106
0.99795 0.0104533 -0.0631313 -2.76931 -0.0100676 0.999929 0.00642408 -2.12725 0.063194 -0.00577532 0.997985 96.8365
0.997768 0.011842 -0.0657136 -2.82759 -0.0116677 0.999927 0.00303542 -2.1499 0.0657448 -0.00226192 0.997834 97.5331
0.997572 0.0141437 -0.0681961 -2.8853 -0.0142325 0.999898 -0.000817461 -2.16961 0.0681776 0.00178608 0.997672 98.1968
0.997387 0.0161625 -0.0704077 -2.94058 -0.0164492 0.999859 -0.00349304 -2.19279 0.0703413 0.00464207 0.997512 98.8327
0.997289 0.0177734 -0.071411 -2.99255 -0.018155 0.999824 -0.00469718 -2.21765 0.071315 0.00598091 0.997436 99.4374
0.997298 0.0203118 -0.0705945 -3.04365 -0.020656 0.999778 -0.00414805 -2.24213 0.0704945 0.00559504 0.997496 100.02
0.997408 0.0240107 -0.0678255 -3.09227 -0.0242315 0.999703 -0.002434 -2.26833 0.0677469 0.00407121 0.997694 100.582
0.997686 0.0268574 -0.0624598 -3.1324 -0.0269592 0.999636 -0.000788032 -2.29145 0.0624159 0.00247007 0.998047 101.12
0.998087 0.0276947 -0.0552844 -3.1624 -0.0276829 0.999616 0.000980722 -2.31103 0.0552903 0.000551586 0.99847 101.636
0.998572 0.0275433 -0.045767 -3.18249 -0.0274144 0.999618 0.00344363 -2.32717 0.0458444 -0.00218404 0.998946 102.131
0.99905 0.0271162 -0.0341162 -3.19672 -0.0269666 0.999625 0.00483823 -2.34906 0.0342346 -0.00391363 0.999406 102.604
0.999436 0.02635 -0.020796 -3.20197 -0.0262524 0.999643 0.00495273 -2.36903 0.020919 -0.004404 0.999771 103.055
0.999643 0.0260641 -0.00585681 -3.19818 -0.0260395 0.999652 0.00423867 -2.39185 0.00596525 -0.00408465 0.999974 103.487
0.999625 0.0246567 0.0118762 -3.18267 -0.0246752 0.999695 0.00141492 -2.41004 -0.0118376 -0.00170744 0.999928 103.907
0.999176 0.0239722 0.0327621 -3.15688 -0.023883 0.99971 -0.00311187 -2.43259 -0.0328271 0.00232685 0.999458 104.319
0.998147 0.0218754 0.0567884 -3.11616 -0.0214535 0.999738 -0.00802955 -2.44949 -0.0569492 0.00679636 0.998354 104.719
0.996291 0.019535 0.0838015 -3.06183 -0.0186954 0.999767 -0.010792 -2.47204 -0.0839928 0.00918532 0.996424 105.116
0.993405 0.0168532 0.11341 -2.99391 -0.0155858 0.999806 -0.0120531 -2.48767 -0.113591 0.010206 0.993475 105.498
0.989248 0.0143784 0.145542 -2.91142 -0.0125208 0.999828 -0.0136715 -2.50749 -0.145714 0.0117022 0.989258 105.878
0.983442 0.0116932 0.180848 -2.81389 -0.00904301 0.999839 -0.0154721 -2.52659 -0.181 0.0135804 0.983389 106.241
0.975682 0.00822485 0.219036 -2.69944 -0.0048605 0.999862 -0.0158942 -2.54858 -0.219137 0.0144431 0.975587 106.603
0.965904 0.00563954 0.258838 -2.57079 -0.00139287 0.999861 -0.0165871 -2.56542 -0.258896 0.015661 0.965778 106.944
0.953876 0.00598915 0.30014 -2.43174 -0.000752947 0.999846 -0.0175585 -2.58537 -0.300199 0.0165226 0.953734 107.285
0.938908 0.00808293 0.344074 -2.27936 -0.00203035 0.999837 -0.0179476 -2.60108 -0.344163 0.0161525 0.938771 107.617
0.921364 0.00784169 0.388623 -2.10939 -0.00134434 0.999855 -0.016988 -2.61594 -0.3887 0.0151297 0.92124 107.927
0.901512 0.00690763 0.432699 -1.92149 -0.000127967 0.999877 -0.0156955 -2.62886 -0.432754 0.0140943 0.901402 108.235
0.878776 0.00539694 0.477204 -1.72024 0.00246853 0.999871 -0.0158539 -2.64191 -0.477228 0.01511 0.87865 108.515
0.853985 0.00548659 0.520268 -1.50675 0.0043123 0.999835 -0.0176223 -2.65597 -0.52028 0.0172927 0.853821 108.794
0.826862 0.00707675 0.56236 -1.28283 0.00537222 0.999776 -0.0204802 -2.67047 -0.562379 0.0199554 0.826639 109.05
0.796713 0.0114674 0.604249 -1.04702 0.00422866 0.99969 -0.0245476 -2.68286 -0.604343 0.0221125 0.796417 109.31
0.763431 0.0172109 0.64566 -0.797222 0.00153356 0.999594 -0.0284587 -2.69191 -0.645887 0.0227164 0.763095 109.549
0.726664 0.0220054 0.686641 -0.53072 -0.00100003 0.99952 -0.0309742 -2.69919 -0.686992 0.0218212 0.726337 109.791
0.687653 0.0224315 0.725693 -0.246647 0.000784208 0.999499 -0.0316381 -2.71211 -0.726039 0.0223251 0.687291 110.016
0.647228 0.0195792 0.762045 0.0557823 0.00545365 0.999526 -0.0303127 -2.72364 -0.762277 0.0237752 0.646815 110.206
0.603501 0.0173167 0.797174 0.374454 0.00670721 0.999618 -0.026792 -2.73292 -0.797334 0.0215158 0.603154 110.404
0.55748 0.0155842 0.830044 0.705101 0.00784776 0.99968 -0.02404 -2.74148 -0.830154 0.0199158 0.557179 110.568
0.510016 0.0131878 0.860064 1.04952 0.00940378 0.999737 -0.020906 -2.75361 -0.860114 0.0187502 0.509758 110.73
0.459681 0.00854211 0.888043 1.40813 0.012264 0.999797 -0.0159653 -2.76427 -0.887999 0.0182299 0.459483 110.857
0.408206 0.0082343 0.912853 1.7741 0.00989107 0.999861 -0.0134422 -2.77733 -0.912836 0.0145163 0.408068 110.988
0.357242 0.0124074 0.933929 2.14893 0.00627494 0.999857 -0.0156835 -2.78846 -0.933991 0.0114632 0.357114 111.103
0.306722 0.0178732 0.951631 2.53313 0.00574722 0.999771 -0.0206297 -2.79627 -0.951782 0.0117968 0.306549 111.185
0.259821 0.0200622 0.965448 2.93463 0.00704872 0.999718 -0.0226713 -2.80653 -0.965631 0.0126956 0.259606 111.266
0.217908 0.019611 0.975772 3.3507 0.0135717 0.999641 -0.0231215 -2.81846 -0.975875 0.0182813 0.217563 111.318
0.182282 0.0191825 0.983059 3.78382 0.0217719 0.999486 -0.02354 -2.82981 -0.983005 0.025694 0.181771 111.364
0.151386 0.0209243 0.988253 4.22727 0.0270572 0.999314 -0.0253033 -2.84026 -0.988104 0.03057 0.150716 111.402
0.1229 0.0193191 0.992231 4.69076 0.0254509 0.99942 -0.0226115 -2.85697 -0.992093 0.0280321 0.122337 111.447
0.0969637 0.0156092 0.995166 5.17344 0.0188057 0.99967 -0.0175122 -2.87168 -0.99511 0.0204128 0.0966381 111.49
0.0726194 0.0121445 0.997286 5.67265 0.0137203 0.999819 -0.0131744 -2.88606 -0.997265 0.0146398 0.0724397 111.518
0.0496192 0.00899093 0.998728 6.19294 0.0171341 0.999805 -0.00985189 -2.90214 -0.998621 0.0176011 0.0494555 111.527
0.0291382 0.0091317 0.999534 6.72852 0.0246129 0.999649 -0.00985026 -2.91716 -0.999272 0.0248884 0.0289032 111.518
0.0109554 0.0112216 0.999877 7.28232 0.0299453 0.999485 -0.0115453 -2.93054 -0.999492 0.0300681 0.0106137 111.5
-0.00355324 0.0169093 0.999851 7.85533 0.0315802 0.99936 -0.0167888 -2.93574 -0.999495 0.0315158 -0.00408497 111.491
-0.0152298 0.0219193 0.999644 8.44766 0.0285955 0.99936 -0.0214774 -2.94302 -0.999475 0.0282582 -0.0158469 111.482
-0.0219808 0.0225808 0.999503 9.06575 0.0308125 0.999285 -0.0218983 -2.95343 -0.999283 0.0303158 -0.0226608 111.462
-0.0249148 0.0184512 0.999519 9.70845 0.0365534 0.999178 -0.0175337 -2.96644 -0.999021 0.0360989 -0.0255688 111.433
-0.0247879 0.0173968 0.999541 10.3653 0.0392062 0.999096 -0.0164168 -2.98025 -0.998924 0.0387813 -0.0254476 111.412
-0.0231293 0.0165209 0.999596 11.0417 0.0386218 0.999132 -0.0156196 -2.99392 -0.998986 0.0382449 -0.0237473 111.398
-0.0217481 0.0163942 0.999629 11.7305 0.0341529 0.999294 -0.0156457 -3.00976 -0.99918 0.0337999 -0.0222926 111.391
-0.0206677 0.0182903 0.999619 12.4406 0.0337505 0.999276 -0.0175862 -3.02098 -0.999217 0.0333742 -0.0212701 111.377
-0.0199366 0.0188365 0.999624 13.1635 0.0331934 0.999284 -0.0181681 -3.03435 -0.99925 0.0328187 -0.0205475 111.361
-0.019408 0.01845 0.999641 13.9022 0.0330079 0.999296 -0.0178028 -3.05122 -0.999267 0.0326505 -0.0200033 111.345
-0.0187544 0.0170365 0.999679 14.6583 0.031611 0.999365 -0.0164381 -3.07288 -0.999324 0.0312926 -0.0192811 111.336
-0.0182096 0.0157049 0.999711 15.4238 0.0324626 0.999359 -0.0151081 -3.09531 -0.999307 0.0321781 -0.0187077 111.324
-0.0188061 0.0135192 0.999732 16.2008 0.0333232 0.999362 -0.0128874 -3.11818 -0.999268 0.0330719 -0.0192446 111.309
-0.0201606 0.0119613 0.999725 16.981 0.0312072 0.999449 -0.0113287 -3.14101 -0.99931 0.0309702 -0.0205228 111.294
-0.0218027 0.0109506 0.999702 17.7675 0.0296103 0.999508 -0.0103027 -3.16064 -0.999324 0.0293769 -0.0221163 111.276
-0.0232297 0.00836656 0.999695 18.5654 0.0318731 0.999463 -0.007624 -3.17646 -0.999222 0.0316863 -0.0234839 111.252
-0.0244795 0.00729377 0.999674 19.3715 0.0347378 0.999376 -0.00644096 -3.19365 -0.999097 0.0345687 -0.0247176 111.225
-0.026542 0.00500047 0.999635 20.1879 0.0303489 0.99953 -0.00419414 -3.21406 -0.999187 0.0302265 -0.0266813 111.207
-0.0274242 0.00993906 0.999574 21.0057 0.0277744 0.999572 -0.00917703 -3.2323 -0.999238 0.0275109 -0.0276885 111.189
-0.0280474 0.0150942 0.999493 21.8275 0.0292482 0.99947 -0.0142731 -3.25081 -0.999179 0.028833 -0.0284741 111.169
-0.0287754 0.0169382 0.999442 22.6584 0.02998 0.999421 -0.0160747 -3.27315 -0.999136 0.0295007 -0.0292665 111.15
-0.0298414 0.0148438 0.999444 23.4968 0.0264324 0.999552 -0.0140562 -3.29826 -0.999205 0.0259983 -0.0302204 111.137
-0.030614 0.0107132 0.999474 24.3382 0.0232998 0.999678 -0.0100017 -3.32637 -0.99926 0.0229814 -0.0308537 111.128
-0.030565 0.00492869 0.999521 25.1821 0.0215853 0.999758 -0.00426979 -3.3504 -0.9993 0.0214445 -0.030664 111.111
-0.0304909 -0.00053499 0.999535 26.0273 0.0183737 0.999831 0.00109564 -3.37042 -0.999366 0.0183986 -0.0304759 111.099
-0.0303782 -0.00187094 0.999537 26.8655 0.0153009 0.99988 0.00233661 -3.39242 -0.999421 0.0153648 -0.030346 111.087
-0.0294046 0.00338442 0.999562 27.6965 0.017708 0.999839 -0.00286444 -3.41765 -0.999411 0.017616 -0.0294598 111.067
-0.0282368 0.0151699 0.999486 28.5175 0.0203391 0.999686 -0.0145983 -3.43964 -0.999394 0.0199165 -0.0285365 111.042
-0.0276504 0.0220376 0.999375 29.3403 0.0226064 0.999515 -0.0214152 -3.46465 -0.999362 0.0220001 -0.0281352 111.019
-0.0263611 0.016155 0.999522 30.1718 0.023802 0.999596 -0.0155284 -3.49475 -0.999369 0.0233813 -0.026735 110.996
-0.0251162 0.00784271 0.999654 31.0029 0.0264417 0.999625 -0.00717814 -3.52464 -0.999335 0.0262522 -0.0253142 110.973
-0.0245214 0.00504821 0.999686 31.8244 0.0281259 0.999595 -0.00435784 -3.55039 -0.999304 0.0280103 -0.0246535 110.95
-0.0244843 0.00562508 0.999684 32.6373 0.027254 0.999616 -0.0049572 -3.57401 -0.999329 0.027124 -0.0246282 110.931
-0.0252088 0.00643817 0.999662 33.4496 0.0242846 0.999688 -0.00582595 -3.59738 -0.999387 0.0241295 -0.0253573 110.915
-0.0271111 0.00683151 0.999609 34.2556 0.0223553 0.999731 -0.00622604 -3.6195 -0.999382 0.0221778 -0.0272565 110.896
-0.0290714 0.00627248 0.999558 35.0597 0.0216493 0.99975 -0.00564403 -3.64338 -0.999343 0.0214756 -0.0291999 110.874
-0.0311824 0.00705368 0.999489 35.8595 0.0209451 0.99976 -0.00640215 -3.669 -0.999294 0.0207347 -0.0313227 110.852
-0.0332314 0.00728097 0.999421 36.6557 0.0190923 0.999796 -0.00664887 -3.69232 -0.999265 0.0188603 -0.0333636 110.832
-0.0352876 0.00654835 0.999356 37.4503 0.0170213 0.999837 -0.00595048 -3.71328 -0.999232 0.0168003 -0.0353933 110.812
-0.0373282 0.00498927 0.999291 38.2406 0.0174757 0.999838 -0.00433921 -3.73939 -0.99915 0.0173013 -0.0374093 110.788
-0.0393168 0.00474214 0.999215 39.0235 0.0172054 0.999844 -0.00406813 -3.76436 -0.999079 0.017032 -0.0393922 110.76
-0.0411417 0.00591387 0.999136 39.8044 0.0169543 0.999843 -0.00521993 -3.78891 -0.999009 0.0167249 -0.0412355 110.731
-0.0421329 0.00677993 0.999089 40.5755 0.0175292 0.999828 -0.00604572 -3.8113 -0.998958 0.0172585 -0.0422445 110.698
-0.0433509 0.00546252 0.999045 41.3483 0.0195343 0.999798 -0.00461901 -3.83487 -0.998869 0.0193154 -0.0434489 110.662
-0.0447498 0.00454298 0.998988 42.1159 0.0196698 0.9998 -0.00366557 -3.86049 -0.998805 0.0194859 -0.0448302 110.626
-0.0461308 0.0037923 0.998928 42.8761 0.0186542 0.999822 -0.00293424 -3.88546 -0.998761 0.0184988 -0.0461933 110.594
-0.0475274 0.00269771 0.998866 43.6256 0.0168264 0.999857 -0.00189977 -3.90854 -0.998728 0.016717 -0.047566 110.563
-0.0484421 0.00185895 0.998824 44.359 0.0156394 0.999877 -0.00110241 -3.92751 -0.998704 0.0155676 -0.0484652 110.533
-0.0493002 0.0011211 0.998783 45.0737 0.0157528 0.999876 -0.000344766 -3.94713 -0.99866 0.0157167 -0.0493118 110.503
-0.0496327 0.0034394 0.998762 45.7787 0.0159499 0.999869 -0.0026506 -3.96825 -0.99864 0.0157986 -0.049681 110.472
-0.0497166 0.00653755 0.998742 46.4792 0.0162422 0.999852 -0.0057363 -3.99029 -0.998631 0.0159366 -0.0498154 110.441
-0.0499108 0.00810408 0.998721 47.1765 0.0143582 0.99987 -0.00739586 -4.01176 -0.99865 0.0139706 -0.0500207 110.412
-0.0501302 0.00897903 0.998702 47.8711 0.0146564 0.999858 -0.00825375 -4.03429 -0.998635 0.0142236 -0.0502547 110.382
-0.0501996 0.0088631 0.9987 48.5656 0.0158356 0.999842 -0.00807726 -4.05534 -0.998614 0.0154095 -0.050332 110.348
-0.0504802 0.00791448 0.998694 49.254 0.016851 0.999833 -0.00707176 -4.07461 -0.998583 0.016472 -0.0506051 110.315
