1 0 0 0 0 1 0 0 0 0 1 0
0.999052 -0.000494286 0.0435339 0.0447859 0.000610521 0.999996 -0.00265674 -0.0154365 -0.0435324 0.0026808 0.999048 1.02388
0.996068 -0.00529515 0.0884297 0.143877 0.00597893 0.999954 -0.00746939 -0.0428425 -0.0883861 0.00796873 0.996054 2.04271
0.990998 -0.00526583 0.133775 0.276196 0.00683938 0.999913 -0.0113058 -0.0677896 -0.133704 0.012119 0.990947 3.06342
0.983771 -0.00374014 0.179389 0.465759 0.00625302 0.99989 -0.0134446 -0.0974399 -0.179319 0.0143482 0.983686 4.07671
0.974327 -0.00675495 0.225037 0.70159 0.0100299 0.99986 -0.0134128 -0.12525 -0.224914 0.0153255 0.974258 5.0868
0.962774 -0.00773965 0.270196 0.977446 0.0120901 0.999823 -0.0144407 -0.154083 -0.270037 0.0171698 0.962697 6.07066
0.949398 -0.0103911 0.313903 1.30076 0.0166406 0.999713 -0.0172359 -0.182994 -0.313634 0.0215873 0.949298 7.04469
0.934281 -0.0122862 0.356325 1.66867 0.0203388 0.999615 -0.0188613 -0.208558 -0.355957 0.024869 0.934172 8.01323
0.916962 -0.0123529 0.398783 2.07293 0.0219622 0.999568 -0.019537 -0.237782 -0.39837 0.0266728 0.916837 8.93925
0.897477 -0.0133104 0.44086 2.51371 0.02372 0.999555 -0.0181095 -0.26968 -0.440422 0.02671 0.897393 9.84326
0.875572 -0.0131824 0.482908 2.99089 0.0245005 0.999553 -0.0171365 -0.302616 -0.482466 0.0268357 0.875503 10.7284
0.851696 -0.0134635 0.523863 3.52739 0.0256018 0.999545 -0.0159346 -0.326695 -0.523411 0.0269833 0.851653 11.6163
0.826193 -0.0134487 0.563227 4.08295 0.0270261 0.99951 -0.0157782 -0.357037 -0.562739 0.0282577 0.826152 12.4426
0.798881 -0.0156442 0.601286 4.69713 0.0311064 0.999399 -0.0153263 -0.382482 -0.600685 0.0309477 0.798887 13.2705
0.77053 -0.0151981 0.637223 5.36111 0.0324088 0.999357 -0.0153535 -0.430111 -0.636579 0.0324819 0.770527 14.0477
0.740201 -0.0190704 0.672115 6.06423 0.0382113 0.999175 -0.0137318 -0.46396 -0.671299 0.0358467 0.740319 14.7903
0.708356 -0.0184329 0.705614 6.78726 0.038802 0.999164 -0.0128514 -0.492987 -0.704788 0.0364826 0.70848 15.5149
0.674211 -0.0174762 0.738332 7.53556 0.0404668 0.999092 -0.013304 -0.521141 -0.737429 0.0388476 0.674306 16.203
0.638735 -0.019099 0.76919 8.33968 0.0457008 0.998869 -0.0131479 -0.543945 -0.768068 0.0435506 0.638885 16.8766
0.602632 -0.0175416 0.797826 9.14767 0.0459513 0.998862 -0.0127472 -0.574452 -0.796695 0.044343 0.602753 17.4726
0.565411 -0.0169666 0.824635 9.99034 0.0497439 0.99867 -0.0135596 -0.608376 -0.823308 0.0486873 0.565503 18.0254
0.526797 -0.0149623 0.849859 10.834 0.0540452 0.998412 -0.0159231 -0.633044 -0.848271 0.054319 0.526769 18.5371
0.488284 -0.014223 0.872569 11.6932 0.0561606 0.998307 -0.0151545 -0.662555 -0.870876 0.0564037 0.488256 19.0104
0.449997 -0.0162594 0.892882 12.626 0.0617147 0.99801 -0.0129294 -0.692947 -0.890895 0.0609222 0.450105 19.4717
0.413066 -0.0168924 0.910545 13.5363 0.0657444 0.997772 -0.0113141 -0.723784 -0.908325 0.0645366 0.413256 19.8824
0.377918 -0.0144448 0.925726 14.4712 0.0674576 0.99765 -0.0119718 -0.747101 -0.923378 0.0669717 0.378004 20.2594
0.344727 -0.0154188 0.938576 15.5034 0.0686335 0.997603 -0.00881966 -0.764494 -0.936191 0.0674581 0.344959 20.639
0.311579 -0.0171557 0.950065 16.5053 0.0719878 0.99739 -0.00559848 -0.776202 -0.947489 0.0701374 0.312001 20.9603
0.278745 -0.017183 0.960211 17.5853 0.0735348 0.997287 -0.00350039 -0.785796 -0.957546 0.0715847 0.279252 21.2866
0.246739 -0.0142633 0.968977 18.605 0.0715433 0.997431 -0.00353559 -0.799737 -0.966437 0.0701962 0.247126 21.5477
0.216324 -0.0127312 0.976239 19.739 0.0720484 0.997397 -0.00295804 -0.81088 -0.97366 0.0709764 0.216678 21.763
0.186248 -0.0125705 0.982422 20.8813 0.0752788 0.997161 -0.00151235 -0.823072 -0.979615 0.0742372 0.186666 21.9521
0.155777 -0.0128441 0.987709 22.0073 0.0774078 0.996999 0.000756496 -0.832767 -0.984755 0.0763385 0.156304 22.1222
0.12591 -0.0134037 0.991951 23.1892 0.0769606 0.997027 0.00370355 -0.836669 -0.989052 0.0758748 0.126567 22.2356
0.0970424 -0.0137361 0.995185 24.3664 0.0782022 0.996919 0.00613441 -0.830698 -0.992203 0.0772304 0.0978175 22.3194
0.0700797 -0.013444 0.997451 25.6476 0.0817064 0.996627 0.00769227 -0.829904 -0.99419 0.080959 0.0709417 22.3883
0.0445106 -0.0127229 0.998928 26.8665 0.0862044 0.996238 0.00884754 -0.818068 -0.995283 0.0857181 0.04544 22.4718
0.0216503 -0.0122472 0.999691 28.1125 0.090649 0.99583 0.0102368 -0.808726 -0.995648 0.0903994 0.0226702 22.5109
0.00171406 -0.012502 0.99992 29.4067 0.0969311 0.995215 0.012277 -0.799258 -0.99529 0.0969023 0.00291769 22.4761
-0.0159936 -0.013382 0.999783 30.6753 0.101798 0.994693 0.0149424 -0.790576 -0.994676 0.102015 -0.0145465 22.4584
-0.0314029 -0.0132127 0.999419 31.9811 0.105295 0.994305 0.0164536 -0.766443 -0.993945 0.10575 -0.0298329 22.402
-0.0455486 -0.0138331 0.998866 33.2345 0.108106 0.993964 0.0186949 -0.758987 -0.993095 0.108835 -0.0437782 22.3417
-0.0589283 -0.0150542 0.998149 34.5521 0.108538 0.993862 0.0213974 -0.758641 -0.992344 0.109598 -0.0569327 22.2793
-0.0716044 -0.0147085 0.997325 35.8298 0.108254 0.99387 0.0224299 -0.732807 -0.991541 0.109571 -0.0695732 22.2163
-0.0826349 -0.0119737 0.996508 37.1168 0.109009 0.993819 0.0209809 -0.715309 -0.9906 0.110362 -0.0808189 22.0941
-0.0924947 -0.00868362 0.995675 38.4426 0.110231 0.993726 0.0189067 -0.705858 -0.989593 0.111503 -0.0909572 21.9469
-0.101972 -0.00618969 0.994768 39.7324 0.111213 0.993641 0.017583 -0.683185 -0.988551 0.112424 -0.100636 21.8027
-0.109536 -0.00535885 0.993968 41.0733 0.111421 0.993617 0.0176357 -0.674881 -0.987718 0.112681 -0.10824 21.6626
-0.115523 -0.00473986 0.993293 42.3898 0.111086 0.993654 0.0176612 -0.651117 -0.987074 0.112381 -0.114264 21.5216
-0.120524 -0.00290297 0.992706 43.7766 0.112679 0.993493 0.0165856 -0.624851 -0.986295 0.113856 -0.119413 21.3356
-0.12511 -0.000951626 0.992142 45.1728 0.112237 0.993567 0.0151061 -0.598245 -0.985774 0.113245 -0.124198 21.1816
