1 0 0 0 0 1 0 0 0 0 1 0
0.999988 -0.0034327 -0.00351629 0.00168414 0.00342552 0.999992 -0.0020462 -0.00397803 0.00352328 0.00203413 0.999992 0.687056
0.999969 -0.00225993 -0.00754658 -0.0121451 0.00223447 0.999992 -0.00338103 -0.00957369 0.00755416 0.00336406 0.999966 1.38461
0.999931 -0.0024523 -0.011498 -0.0247521 0.00239555 0.999985 -0.00494659 -0.0121727 0.01151 0.0049187 0.999922 2.10476
0.999859 -0.00092882 -0.0167563 -0.0393492 0.000826373 0.999981 -0.00611983 -0.00996675 0.0167616 0.00610512 0.999841 2.84111
0.999775 -0.00232555 -0.0210781 -0.0616529 0.00219862 0.999979 -0.00604279 -0.0187541 0.0210917 0.00599509 0.99976 3.59098
0.999676 -0.000211035 -0.0254707 -0.0935231 9.3031e-06 0.999969 -0.00792001 -0.0177359 0.0254715 0.00791721 0.999644 4.35321
