1 0 0 0 0 1 0 0 0 0 1 0
0.999052 -0.000494286 0.0435339 0.0447859 0.000610521 0.999996 -0.00265674 -0.0154365 -0.0435324 0.0026808 0.999048 1.02388
0.996068 -0.00529515 0.0884297 0.143877 0.00597893 0.999954 -0.00746939 -0.0428425 -0.0883861 0.00796873 0.996054 2.04271
0.990998 -0.00526583 0.133775 0.276196 0.00683938 0.999913 -0.0113058 -0.0677896 -0.133704 0.012119 0.990947 3.06342
0.983771 -0.00374014 0.179389 0.465759 0.00625302 0.99989 -0.0134446 -0.0974399 -0.179319 0.0143482 0.983686 4.07671
0.974327 -0.00675495 0.225037 0.70159 0.0100299 0.99986 -0.0134128 -0.12525 -0.224914 0.0153255 0.974258 5.0868
0.962775 -0.00775898 0.270194 0.977534 0.0121104 0.999822 -0.0144413 -0.153993 -0.270034 0.0171759 0.962698 6.07063
0.949404 -0.010423 0.313884 1.30099 0.016683 0.999712 -0.0172642 -0.182707 -0.313614 0.0216273 0.949304 7.04447
0.934289 -0.0123234 0.356303 1.66881 0.0203858 0.999614 -0.0188818 -0.208326 -0.355932 0.0249046 0.93418 8.01324
0.916971 -0.0123901 0.398761 2.07305 0.0220101 0.999566 -0.0195553 -0.237568 -0.398346 0.0267084 0.916846 8.93927
0.897486 -0.0133475 0.440842 2.51377 0.0237667 0.999553 -0.0181215 -0.26956 -0.440403 0.0267411 0.897402 9.84344
0.87558 -0.0132075 0.482893 2.99089 0.0245368 0.999552 -0.0171514 -0.302613 -0.48245 0.0268661 0.875512 10.7288
0.851697 -0.0134905 0.52386 3.52722 0.0256425 0.999544 -0.0159495 -0.326688 -0.523406 0.0270172 0.851655 11.6169
0.826195 -0.0134756 0.563224 4.08279 0.0270674 0.999509 -0.0157912 -0.357043 -0.562734 0.0282916 0.826154 12.4432
0.798888 -0.015701 0.601274 4.69711 0.031168 0.999397 -0.0153145 -0.382649 -0.600671 0.0309751 0.798896 13.2711
0.77054 -0.0152804 0.637208 5.36121 0.0324883 0.999355 -0.0153216 -0.430451 -0.636563 0.0325077 0.77054 14.0485
0.740202 -0.0191936 0.672111 6.06422 0.0382829 0.999174 -0.0136276 -0.465144 -0.671294 0.0358175 0.740325 14.7912
0.708357 -0.0185561 0.70561 6.78725 0.0388686 0.999163 -0.012744 -0.494061 -0.704783 0.0364534 0.708486 15.5157
0.674202 -0.0175991 0.738337 7.53528 0.0405176 0.999092 -0.0131836 -0.522339 -0.737435 0.0388041 0.674303 16.2036
0.638726 -0.019241 0.769194 8.33946 0.0457519 0.998868 -0.0130054 -0.545317 -0.768073 0.043499 0.638884 16.8772
0.602582 -0.0176755 0.797861 9.14709 0.0459472 0.998865 -0.012573 -0.576379 -0.796733 0.0442358 0.60271 17.4738
0.565358 -0.0171001 0.824668 9.9898 0.0497318 0.998673 -0.0133858 -0.610127 -0.823345 0.04858 0.565458 18.0266
0.52674 -0.0150295 0.849893 10.8331 0.0539571 0.998418 -0.0157851 -0.634693 -0.848312 0.0541724 0.526718 18.5378
0.488221 -0.0142457 0.872604 11.6923 0.0560486 0.998314 -0.0150612 -0.663754 -0.870918 0.0562614 0.488196 19.0113
0.44993 -0.0162571 0.892916 12.6251 0.0616056 0.998018 -0.0128717 -0.693701 -0.890936 0.0608 0.45004 19.4725
0.412998 -0.0168898 0.910576 13.5354 0.065633 0.99778 -0.011261 -0.724486 -0.908364 0.0644146 0.413189 19.8832
0.377848 -0.0144423 0.925755 14.4704 0.0673628 0.997657 -0.0119301 -0.747741 -0.923414 0.0668692 0.377936 20.2601
0.344656 -0.0154054 0.938603 15.5026 0.0686116 0.997604 -0.00882045 -0.764529 -0.936218 0.067439 0.344888 20.6395
0.311507 -0.0171571 0.950089 16.5045 0.0719879 0.99739 -0.0055915 -0.775985 -0.947513 0.0701367 0.311929 20.9607
0.278672 -0.0171842 0.960232 17.5846 0.0735348 0.997287 -0.00349341 -0.785572 -0.957567 0.071584 0.27918 21.2869
0.24667 -0.0142789 0.968994 18.6042 0.0715651 0.99743 -0.00351989 -0.799528 -0.966453 0.0702144 0.247058 21.5478
0.216242 -0.0127125 0.976257 19.738 0.072098 0.997393 -0.00298212 -0.810291 -0.973674 0.0710311 0.216595 21.763
0.186153 -0.0125402 0.982441 20.8801 0.0753519 0.997156 -0.00154972 -0.822171 -0.979627 0.0743173 0.186569 21.9521
0.155682 -0.0128136 0.987724 22.0062 0.077482 0.996993 0.000721404 -0.831905 -0.984764 0.0764185 0.156207 22.122
0.12582 -0.0133812 0.991963 23.1881 0.0770321 0.997022 0.00367877 -0.835917 -0.989058 0.0759501 0.126476 22.2353
0.0969501 -0.0137015 0.995195 24.3652 0.0783063 0.996911 0.0060967 -0.829776 -0.992204 0.0773389 0.0977235 22.3189
0.0699854 -0.0133921 0.997458 25.6465 0.0818197 0.996618 0.00764005 -0.82885 -0.994187 0.081077 0.0708444 22.3877
0.0444164 -0.0126706 0.998933 26.8654 0.0863189 0.996229 0.00879824 -0.817079 -0.995277 0.085836 0.0453426 22.4711
0.021549 -0.0121784 0.999694 28.1114 0.0907543 0.995821 0.0101749 -0.807662 -0.99564 0.0905072 0.0225642 22.5102
0.00161346 -0.0124161 0.999922 29.4057 0.097045 0.995205 0.012201 -0.798113 -0.995279 0.0970177 0.00281064 22.4753
-0.0160901 -0.0133056 0.999782 30.6742 0.101928 0.994681 0.0148781 -0.789606 -0.994662 0.102145 -0.0146483 22.4573
-0.0314992 -0.0131359 0.999417 31.98 0.105425 0.994292 0.0163913 -0.765552 -0.993928 0.10588 -0.0299345 22.4008
-0.0456389 -0.0137531 0.998863 33.2334 0.10826 0.993948 0.0186318 -0.757983 -0.993075 0.108987 -0.0438737 22.3404
-0.0590178 -0.0149682 0.998145 34.5511 0.10869 0.993847 0.0213303 -0.757735 -0.992322 0.109747 -0.0570278 22.2778
-0.0716786 -0.0146031 0.997321 35.8288 0.108427 0.993853 0.022345 -0.731827 -0.991517 0.109738 -0.0696547 22.2144
-0.082709 -0.0118682 0.996503 37.1157 0.109182 0.993802 0.020898 -0.714433 -0.990575 0.110529 -0.0809005 22.092
-0.0925698 -0.00857629 0.995669 38.4415 0.110394 0.99371 0.018823 -0.705158 -0.989568 0.111658 -0.0910407 21.9448
-0.102054 -0.00605915 0.99476 39.7314 0.111382 0.993624 0.0174791 -0.682225 -0.988524 0.112582 -0.100728 21.8005
-0.109612 -0.00520934 0.993961 41.0722 0.111609 0.993598 0.0175154 -0.673945 -0.987689 0.112855 -0.108329 21.6603
-0.115599 -0.00459037 0.993285 42.3887 0.111274 0.993635 0.0175421 -0.65034 -0.987044 0.112555 -0.114352 21.5192
-0.120599 -0.00274365 0.992698 43.7756 0.112865 0.993474 0.0164574 -0.624202 -0.986264 0.114026 -0.119502 21.333
-0.125178 -0.000788461 0.992134 45.1718 0.112442 0.993545 0.0149764 -0.597789 -0.985742 0.113432 -0.124281 21.1788
-0.129084 -6.47695e-05 0.991634 46.5807 0.11379 0.993393 0.0148773 -0.58896 -0.985083 0.114759 -0.128223 20.9862
-0.132025 -0.00130592 0.991246 47.9875 0.114254 0.993314 0.0165262 -0.575452 -0.98464 0.115435 -0.130993 20.8048
-0.13466 -0.00304554 0.990887 49.4103 0.114492 0.99325 0.0186121 -0.544224 -0.984255 0.115955 -0.133403 20.6259
