1 0 0 0 0 1 0 0 0 0 1 0
0.999052 -0.000494286 0.0435339 0.0447859 0.000610521 0.999996 -0.00265674 -0.0154365 -0.0435324 0.0026808 0.999048 1.02388
0.996068 -0.00529515 0.0884297 0.143877 0.00597893 0.999954 -0.00746939 -0.0428425 -0.0883861 0.00796873 0.996054 2.04271
0.990998 -0.00526583 0.133775 0.276196 0.00683938 0.999913 -0.0113058 -0.0677896 -0.133704 0.012119 0.990947 3.06342
0.983771 -0.00374014 0.179389 0.465759 0.00625302 0.99989 -0.0134446 -0.0974399 -0.179319 0.0143482 0.983686 4.07671
0.974327 -0.00675495 0.225037 0.70159 0.0100299 0.99986 -0.0134128 -0.12525 -0.224914 0.0153255 0.974258 5.0868
0.962775 -0.00775898 0.270194 0.977534 0.0121104 0.999822 -0.0144413 -0.153993 -0.270034 0.0171759 0.962698 6.07063
