0.999991 -0.00258855 -0.00337776 -0.00124577 0.00258148 0.999994 -0.00209743 -0.00142199 0.00338318 0.00208869 0.999992 0.683633
0.999969 -0.0023813 -0.00753255 -0.0112303 0.00235616 0.999992 -0.00334477 -0.00765964 0.00754045 0.00332692 0.999966 1.38425
0.99993 -0.0024806 -0.0115341 -0.0237784 0.00243053 0.999988 -0.00435247 -0.0165023 0.0115448 0.00432413 0.999924 2.09621
0.99986 -0.00129769 -0.0167102 -0.0376519 0.00121198 0.999986 -0.00513826 -0.018878 0.0167167 0.00511728 0.999847 2.82726
0.999774 -0.00218671 -0.0211572 -0.056566 0.00207261 0.999983 -0.00541312 -0.0240929 0.0211687 0.00536804 0.999762 3.57388
0.999657 -8.009e-05 -0.0261759 -0.0766853 -0.000112448 0.999973 -0.00735401 -0.0241085 0.0261758 0.00735444 0.99963 4.33633
0.999516 0.00260552 -0.0309863 -0.111179 -0.00284241 0.999967 -0.00760315 -0.0352106 0.0309655 0.00768755 0.999491 5.10472
0.999367 0.00281324 -0.0354697 -0.138573 -0.00302858 0.999977 -0.00601895 -0.0419054 0.035452 0.00612256 0.999353 5.89956
0.999204 0.00221509 -0.0398347 -0.176766 -0.002349 0.999992 -0.00331512 -0.0494241 0.039827 0.00340605 0.999201 6.70011
0.999065 0.00156325 -0.0432093 -0.217589 -0.0015846 0.999999 -0.000459822 -0.0622228 0.0432085 0.000527862 0.999066 7.52132
0.99893 0.00267429 -0.046171 -0.257496 -0.00271937 0.999996 -0.000913642 -0.0748785 0.0461684 0.00103822 0.998933 8.34317
0.998823 0.00219056 -0.048445 -0.304314 -0.00225086 0.999997 -0.00119023 -0.0816842 0.0484422 0.00129787 0.998825 9.16799
0.998746 -0.00117555 -0.0500546 -0.347132 0.00109777 0.999998 -0.00158137 -0.0887248 0.0500563 0.00152444 0.998745 10.0012
0.998635 -0.00137417 -0.0522129 -0.393062 0.00135592 0.999999 -0.000385045 -0.102534 0.0522133 0.000313723 0.998636 10.8405
0.998544 -0.00325212 -0.0538508 -0.440123 0.00321094 0.999994 -0.000851336 -0.107909 0.0538532 0.000677185 0.998549 11.69
0.998435 -0.00112349 -0.0559147 -0.489339 0.000945003 0.999994 -0.00321843 -0.113968 0.055918 0.00316055 0.99843 12.5585
0.998358 -0.000781793 -0.0572835 -0.546191 0.000445152 0.999983 -0.00588928 -0.122949 0.0572871 0.00585411 0.998341 13.4142
0.99826 0.00267271 -0.0589027 -0.610924 -0.00309367 0.99997 -0.00705661 -0.138992 0.0588821 0.00722656 0.998239 14.2921
0.9982 0.00365363 -0.0598567 -0.670004 -0.00407242 0.999968 -0.00687597 -0.148156 0.0598297 0.00710736 0.998183 15.1938
0.998117 0.00263543 -0.0612845 -0.728137 -0.00297359 0.999981 -0.00542728 -0.162844 0.061269 0.00559929 0.998106 16.0939
0.998019 0.00333771 -0.0628193 -0.789007 -0.00358913 0.999986 -0.00388989 -0.173012 0.0628055 0.00410766 0.998017 16.993
0.997967 0.00295172 -0.0636626 -0.851671 -0.0031898 0.999988 -0.00363847 -0.188174 0.0636511 0.00383414 0.997965 17.8994
0.99782 0.00233758 -0.0659537 -0.907042 -0.002635 0.999987 -0.00442282 -0.202746 0.0659424 0.00458696 0.997813 18.8092
0.997735 0.00073254 -0.0672652 -0.968224 -0.00107108 0.999987 -0.00499698 -0.213266 0.0672606 0.00505771 0.997723 19.7195
0.997704 0.000177086 -0.0677301 -1.03969 -0.000393823 0.999995 -0.00318667 -0.227228 0.0677292 0.00320603 0.997699 20.6512
0.997678 0.000913226 -0.0681044 -1.1031 -0.000893453 1 0.000320794 -0.241088 0.0681046 -0.000259201 0.997678 21.5802
0.997725 0.00195793 -0.0673916 -1.17057 -0.00169414 0.999991 0.0039712 -0.248787 0.0673987 -0.00384799 0.997719 22.5191
0.997841 0.000797411 -0.0656754 -1.23804 -0.000342962 0.999976 0.00693061 -0.255566 0.0656794 -0.00689312 0.997817 23.4615
0.997934 0.000976622 -0.0642362 -1.30088 -0.000480388 0.99997 0.00774014 -0.258803 0.0642418 -0.00769329 0.997905 24.4044
0.998017 0.000453245 -0.0629508 -1.3661 -0.000152767 0.999989 0.00477795 -0.259315 0.0629523 -0.00475886 0.998005 25.3624
0.998057 0.000638869 -0.0623046 -1.42689 -0.00064911 1 -0.000144123 -0.258841 0.0623045 0.000184286 0.998057 26.3188
0.998128 -0.000714475 -0.0611494 -1.4878 0.00054577 0.999996 -0.00277557 -0.268535 0.0611511 0.002737 0.998125 27.2811
0.998146 -0.00396512 -0.0607367 -1.54324 0.00386256 0.999991 -0.00180595 -0.278026 0.0607434 0.001568 0.998152 28.2542
0.998117 -0.0059227 -0.0610603 -1.60168 0.00612312 0.999976 0.00309581 -0.287923 0.0610406 -0.00346386 0.998129 29.2253
0.998024 -0.0103423 -0.0619796 -1.65814 0.0107705 0.99992 0.00657819 -0.295235 0.0619067 -0.00723274 0.998056 30.2058
0.997843 -0.0178604 -0.0631739 -1.71224 0.0182828 0.999814 0.00611377 -0.303885 0.063053 -0.00725558 0.997984 31.1733
0.997723 -0.0198511 -0.06446 -1.77917 0.0200315 0.999797 0.0021535 -0.310901 0.0644041 -0.00343983 0.997918 32.1669
0.997649 -0.0194677 -0.0657027 -1.84764 0.0193963 0.99981 -0.00172461 -0.319775 0.0657238 0.000446166 0.997838 33.1509
0.997505 -0.018525 -0.0681154 -1.91645 0.018386 0.999827 -0.00266729 -0.324907 0.068153 0.00140826 0.997674 34.1352
0.997454 -0.0182878 -0.0689237 -1.98658 0.0182426 0.999833 -0.00128491 -0.335018 0.0689357 2.4288e-05 0.997621 35.1476
0.997405 -0.0159418 -0.0702092 -2.06809 0.0160706 0.99987 0.00126933 -0.342525 0.0701798 -0.00239434 0.997531 36.1413
0.997333 -0.0162969 -0.0711461 -2.14572 0.0165341 0.99986 0.00274647 -0.352997 0.0710914 -0.00391548 0.997462 37.1482
0.997263 -0.0153082 -0.0723349 -2.22189 0.0157477 0.999861 0.00551012 -0.36318 0.0722405 -0.00663415 0.997365 38.1443
0.997281 -0.0156446 -0.0720109 -2.29907 0.016319 0.999828 0.00878527 -0.371626 0.0718611 -0.00993652 0.997365 39.1454
0.997294 -0.0102499 -0.0727946 -2.38233 0.0111105 0.999873 0.0114274 -0.380946 0.0726682 -0.0122053 0.997281 40.1382
0.997275 -0.011115 -0.0729284 -2.46139 0.0119527 0.999867 0.0110599 -0.386083 0.0727958 -0.0119015 0.997276 41.1526
0.997286 -0.0109577 -0.072806 -2.53719 0.0116684 0.999888 0.00934467 -0.390946 0.0726955 -0.0101688 0.997302 42.1544
0.997292 -0.00891744 -0.0730053 -2.61501 0.00947464 0.999929 0.00728958 -0.400523 0.0729351 -0.00796154 0.997305 43.1523
0.997205 -0.00951547 -0.0741094 -2.69013 0.0100778 0.999923 0.00721697 -0.404084 0.074035 -0.00794365 0.997224 44.144
0.997062 -0.0117738 -0.0756838 -2.76087 0.0124628 0.999885 0.00863778 -0.411771 0.0755734 -0.00955564 0.997094 45.1309
0.997011 -0.0110641 -0.0764584 -2.83985 0.0118439 0.999882 0.00975329 -0.422515 0.0763415 -0.0106297 0.997025 46.1212
0.997015 -0.00942915 -0.0766264 -2.91975 0.00996885 0.999928 0.0066638 -0.436801 0.0765581 -0.00740779 0.997038 47.0891
0.996948 -0.00966322 -0.0774723 -3.00029 0.00989133 0.999948 0.0025611 -0.445508 0.0774435 -0.00331959 0.996991 48.0514
0.996875 -0.00909343 -0.0784722 -3.07379 0.00924256 0.999956 0.00153743 -0.456701 0.0784548 -0.00225791 0.996915 49.0246
0.996872 -0.0100763 -0.0783873 -3.15844 0.0105182 0.999931 0.00522651 -0.47391 0.0783292 -0.00603465 0.996909 50.0024
0.996842 -0.0123389 -0.078449 -3.23666 0.0130152 0.999882 0.00811527 -0.481881 0.0783396 -0.00911067 0.996885 50.9752
0.99678 -0.0148388 -0.0788057 -3.31237 0.0155931 0.999838 0.00896398 -0.490782 0.0786599 -0.0101639 0.99685 51.9387
