0.999991 -0.00258855 -0.00337776 -0.00124577 0.00258148 0.999994 -0.00209743 -0.00142199 0.00338318 0.00208869 0.999992 0.683633
0.999969 -0.0023813 -0.00753255 -0.0112303 0.00235616 0.999992 -0.00334477 -0.00765964 0.00754045 0.00332692 0.999966 1.38425
0.99993 -0.0024806 -0.0115341 -0.0237784 0.00243053 0.999988 -0.00435247 -0.0165023 0.0115448 0.00432413 0.999924 2.09621
0.99986 -0.00129769 -0.0167102 -0.0376519 0.00121198 0.999986 -0.00513826 -0.018878 0.0167167 0.00511728 0.999847 2.82726
0.999774 -0.00218671 -0.0211572 -0.056566 0.00207261 0.999983 -0.00541312 -0.0240929 0.0211687 0.00536804 0.999762 3.57388
0.999657 -8.009e-05 -0.0261759 -0.0766853 -0.000112448 0.999973 -0.00735401 -0.0241085 0.0261758 0.00735444 0.99963 4.33633
0.999516 0.00260552 -0.0309863 -0.111179 -0.00284241 0.999967 -0.00760315 -0.0352106 0.0309655 0.00768755 0.999491 5.10472
0.999367 0.00281324 -0.0354697 -0.138573 -0.00302858 0.999977 -0.00601895 -0.0419054 0.035452 0.00612256 0.999353 5.89956
0.999204 0.00221509 -0.0398347 -0.176766 -0.002349 0.999992 -0.00331512 -0.0494241 0.039827 0.00340605 0.999201 6.70011
0.999065 0.00156325 -0.0432093 -0.217589 -0.0015846 0.999999 -0.000459822 -0.0622228 0.0432085 0.000527862 0.999066 7.52132
0.99893 0.00267429 -0.046171 -0.257496 -0.00271937 0.999996 -0.000913642 -0.0748785 0.0461684 0.00103822 0.998933 8.34317
0.998823 0.00219056 -0.048445 -0.304314 -0.00225086 0.999997 -0.00119023 -0.0816842 0.0484422 0.00129787 0.998825 9.16799
