1 0 0 0 0 1 0 0 0 0 1 0
0.999991 -0.00255483 -0.00324016 -0.00291453 0.00254839 0.999995 -0.0019898 -0.00450756 0.00324522 0.00198153 0.999993 0.680351
0.999972 -0.00148881 -0.00731313 -0.0143729 0.00146452 0.999993 -0.00332529 -0.00777816 0.00731803 0.00331449 0.999968 1.378
0.999935 -0.00196585 -0.0112659 -0.0270733 0.00191296 0.999987 -0.00470357 -0.0107176 0.011275 0.00468171 0.999925 2.09462
0.999867 -0.000992252 -0.0162494 -0.0418659 0.000911723 0.999987 -0.00496248 -0.0198391 0.0162541 0.00494701 0.999856 2.82816
