1 0 0 0 0 1 0 0 0 0 1 0
0.999991 -0.00255483 -0.00324016 -0.00291453 0.00254839 0.999995 -0.0019898 -0.00450756 0.00324522 0.00198153 0.999993 0.680351
0.999972 -0.00148881 -0.00731313 -0.0143729 0.00146452 0.999993 -0.00332529 -0.00777816 0.00731803 0.00331449 0.999968 1.378
0.999935 -0.00196585 -0.0112659 -0.0270733 0.00191296 0.999987 -0.00470357 -0.0107176 0.011275 0.00468171 0.999925 2.09462
0.999867 -0.000992252 -0.0162494 -0.0418659 0.000911723 0.999987 -0.00496248 -0.0198391 0.0162541 0.00494701 0.999856 2.82816
0.999782 -0.00220915 -0.0207861 -0.0580371 0.00210726 0.999986 -0.00492246 -0.0302001 0.0207966 0.00487758 0.999772 3.5765
0.999667 -0.000539127 -0.0258103 -0.0746969 0.000368159 0.999978 -0.00662832 -0.0331396 0.0258133 0.00661661 0.999645 4.34564
0.999527 0.00178678 -0.0307075 -0.107039 -0.00200603 0.999973 -0.00711081 -0.0434171 0.030694 0.00716905 0.999503 5.12728
0.999373 0.00238218 -0.0353304 -0.132714 -0.00260592 0.999977 -0.00628814 -0.0459575 0.0353146 0.00637627 0.999356 5.91887
0.9992 0.00139743 -0.0399633 -0.165349 -0.00153422 0.999993 -0.00339242 -0.0567758 0.0399583 0.00345102 0.999195 6.72144
0.999001 0.0011503 -0.0446646 -0.192248 -0.00121104 0.999998 -0.00133274 -0.058967 0.044663 0.0013855 0.999001 7.53826
0.998879 0.00248294 -0.0472651 -0.236978 -0.00257121 0.999995 -0.00180697 -0.0682638 0.0472603 0.00192647 0.998881 8.35706
0.998767 0.00199886 -0.0495997 -0.281733 -0.00209745 0.999996 -0.00193578 -0.0765788 0.0495957 0.00203742 0.998767 9.18129
0.998681 -0.00097814 -0.0513314 -0.322878 0.000856253 0.999997 -0.00239644 -0.0839071 0.0513336 0.00234933 0.998679 10.0169
0.998588 -0.00121288 -0.0531112 -0.375681 0.00114011 0.999998 -0.00140039 -0.0948503 0.0531128 0.00133786 0.998588 10.8534
0.9985 -0.00265163 -0.0546875 -0.422664 0.00257595 0.999996 -0.00145434 -0.105988 0.0546911 0.00131128 0.998502 11.7111
0.998346 -0.000463072 -0.0574976 -0.467192 0.000234328 0.999992 -0.00398499 -0.115878 0.057499 0.00396493 0.998338 12.566
0.998268 -9.31427e-07 -0.058836 -0.524212 -0.000383828 0.999979 -0.00652823 -0.127055 0.0588348 0.0065395 0.998246 13.4321
0.998146 0.0039095 -0.0607398 -0.586144 -0.00437984 0.999961 -0.00761239 -0.145955 0.0607077 0.00786431 0.998125 14.3127
0.99808 0.00462591 -0.0617586 -0.645359 -0.00507402 0.999962 -0.00710103 -0.159467 0.0617234 0.00740076 0.998066 15.2038
