1 0 0 0 0 1 0 0 0 0 1 0
0.999991 -0.00255483 -0.00324016 -0.00291453 0.00254839 0.999995 -0.0019898 -0.00450756 0.00324522 0.00198153 0.999993 0.680351
0.999972 -0.00148881 -0.00731313 -0.0143729 0.00146452 0.999993 -0.00332529 -0.00777816 0.00731803 0.00331449 0.999968 1.378
0.999935 -0.00196585 -0.0112659 -0.0270733 0.00191296 0.999987 -0.00470357 -0.0107176 0.011275 0.00468171 0.999925 2.09462
0.999867 -0.000992252 -0.0162494 -0.0418659 0.000911723 0.999987 -0.00496248 -0.0198391 0.0162541 0.00494701 0.999856 2.82816
0.999782 -0.00220919 -0.020786 -0.0580377 0.0021073 0.999986 -0.00492244 -0.0301999 0.0207966 0.00487756 0.999772 3.5765
0.999681 -0.000812689 -0.0252371 -0.0851067 0.000659201 0.999981 -0.00608956 -0.0379336 0.0252416 0.00607098 0.999663 4.33997
0.999545 0.0015135 -0.0301342 -0.117 -0.00171233 0.999977 -0.00657345 -0.0477931 0.0301236 0.00662206 0.999524 5.12163
0.999406 0.00191623 -0.03441 -0.150925 -0.00208776 0.999986 -0.00494959 -0.0559232 0.0344001 0.00501849 0.999396 5.90994
0.999237 0.000928796 -0.0390445 -0.182818 -0.00100985 0.999997 -0.00205627 -0.0656686 0.0390425 0.00209413 0.999235 6.71255
0.999096 0.00077242 -0.0425107 -0.221017 -0.000744707 0.999999 0.000667752 -0.0737555 0.0425112 -0.00063549 0.999096 7.52483
0.99898 0.00210609 -0.0451111 -0.26398 -0.00209955 0.999998 0.000192357 -0.0814149 0.0451115 -9.74476e-05 0.998982 8.34374
0.998872 0.00146512 -0.0474614 -0.306467 -0.00146838 0.999999 -3.36774e-05 -0.0863009 0.0474613 0.000103331 0.998873 9.16628
0.998788 -0.0015112 -0.0491931 -0.34582 0.00148863 0.999999 -0.000495422 -0.0920378 0.0491938 0.000421591 0.998789 10.002
0.998676 -0.00191224 -0.0514129 -0.390126 0.00193854 0.999998 0.000461798 -0.0992883 0.0514119 -0.000560853 0.998677 10.8442
0.998589 -0.00335102 -0.0529894 -0.435644 0.00337731 0.999994 0.000406465 -0.108826 0.0529877 -0.000584853 0.998595 11.7021
0.998505 -0.000872826 -0.0546559 -0.490225 0.000767869 0.999998 -0.00194129 -0.116463 0.0546574 0.00189642 0.998503 12.5638
0.998431 -0.000403311 -0.0559935 -0.544777 0.000152398 0.99999 -0.00448532 -0.12587 0.0559947 0.00446975 0.998421 13.4301
0.998322 0.00330751 -0.0578088 -0.60395 -0.00365982 0.999975 -0.00598963 -0.136567 0.0577875 0.00619115 0.99831 14.3087
0.99826 0.00402249 -0.0588281 -0.660543 -0.00435228 0.999976 -0.00547893 -0.148633 0.0588046 0.00572543 0.998253 15.2
0.998179 0.0030036 -0.0602416 -0.716899 -0.00324276 0.999987 -0.00387261 -0.161434 0.0602292 0.00406091 0.998176 16.0941
0.998091 0.00358878 -0.0616601 -0.776776 -0.00372901 0.999991 -0.00215926 -0.174238 0.0616518 0.00238507 0.998095 16.9939
0.998036 0.00295144 -0.062579 -0.837447 -0.00307251 0.999994 -0.00183857 -0.187135 0.0625732 0.00202723 0.998038 17.8976
0.997929 0.00298501 -0.0642552 -0.899797 -0.00316423 0.999991 -0.00268763 -0.197289 0.0642466 0.00288538 0.99793 18.8065
0.997856 0.00161807 -0.0654264 -0.959447 -0.00184345 0.999993 -0.00338459 -0.207942 0.0654204 0.00349795 0.997852 19.7181
0.997823 0.00166992 -0.0659319 -1.02271 -0.0017776 0.999997 -0.00157455 -0.218221 0.0659291 0.00168832 0.997823 20.6426
0.997816 0.00289098 -0.0659855 -1.0879 -0.00277057 0.999994 0.00191625 -0.228842 0.0659907 -0.00172924 0.997819 21.5678
0.997863 0.00376356 -0.0652334 -1.15305 -0.00339739 0.999978 0.00572329 -0.23697 0.0652534 -0.00548944 0.997854 22.5041
0.997963 0.00219523 -0.0637642 -1.21369 -0.00165433 0.999962 0.00853446 -0.238336 0.0637805 -0.00841158 0.997929 23.4477
0.998051 0.00222568 -0.0623712 -1.27421 -0.00163577 0.999953 0.00950738 -0.243138 0.0623895 -0.00938682 0.998008 24.3903
0.998133 0.00232852 -0.0610404 -1.33439 -0.00191738 0.999975 0.00679317 -0.246278 0.0610547 -0.00666345 0.998112 25.3423
0.998188 0.00306095 -0.0600957 -1.39652 -0.00293529 0.999993 0.00217902 -0.251404 0.060102 -0.00199868 0.99819 26.2922
0.998261 0.00181753 -0.0589162 -1.45514 -0.00185984 0.999998 -0.000663373 -0.256305 0.0589149 0.000771795 0.998263 27.2432
0.998302 -0.00102342 -0.0582457 -1.51029 0.00105913 0.999999 0.000582201 -0.26472 0.0582451 -0.000642902 0.998302 28.2093
0.998277 -0.00314849 -0.0585862 -1.56623 0.00348428 0.999978 0.00563031 -0.271969 0.0585672 -0.00582474 0.998266 29.1842
0.998208 -0.00704624 -0.059417 -1.62139 0.00759675 0.99993 0.00904434 -0.277582 0.0593492 -0.00947951 0.998192 30.165
0.998058 -0.0145017 -0.0605769 -1.67191 0.0150428 0.999851 0.00848574 -0.281338 0.0604448 -0.00938051 0.998127 31.1406
0.997927 -0.0170495 -0.0620626 -1.72883 0.0173679 0.999839 0.00459361 -0.281398 0.0619743 -0.00566198 0.998062 32.1201
0.997841 -0.017077 -0.0634169 -1.79431 0.0171529 0.999853 0.000651816 -0.285935 0.0633965 -0.00173819 0.997987 33.1061
0.997722 -0.0157209 -0.0656069 -1.86488 0.0157533 0.999876 -2.38076e-05 -0.293162 0.0655991 -0.00100977 0.997846 34.0918
0.997681 -0.0158245 -0.0661977 -1.93445 0.015963 0.999871 0.0015635 -0.303273 0.0661645 -0.00261659 0.997805 35.0941
0.997621 -0.0130031 -0.0677033 -2.00784 0.0133339 0.999901 0.00443724 -0.310362 0.0676389 -0.00532943 0.997696 36.0868
0.99754 -0.0131543 -0.0688491 -2.08095 0.0135822 0.999891 0.00575132 -0.315381 0.0687659 -0.00667229 0.997611 37.1028
0.997474 -0.0121293 -0.069986 -2.15456 0.0127362 0.999885 0.00823315 -0.317574 0.0698781 -0.00910371 0.997514 38.0949
0.997488 -0.0123121 -0.0697599 -2.22592 0.0131304 0.99985 0.0112835 -0.320584 0.0696105 -0.0121711 0.9975 39.101
0.997481 -0.00690986 -0.0705907 -2.30562 0.00789469 0.999875 0.0136817 -0.324054 0.0704873 -0.0142046 0.997412 40.0889
0.997466 -0.00740225 -0.0707647 -2.38072 0.00835301 0.999879 0.0131491 -0.323493 0.0706588 -0.0137069 0.997406 41.0907
0.997474 -0.00743944 -0.0706379 -2.45543 0.0082651 0.999901 0.0114035 -0.320836 0.070546 -0.0119585 0.997437 42.0852
