0.999991 -0.00258855 -0.00337776 -0.00124577 0.00258148 0.999994 -0.00209743 -0.00142199 0.00338318 0.00208869 0.999992 0.683633
0.999969 -0.0023813 -0.00753255 -0.0112303 0.00235616 0.999992 -0.00334477 -0.00765964 0.00754045 0.00332692 0.999966 1.38425
0.99993 -0.0024806 -0.0115341 -0.0237784 0.00243053 0.999988 -0.00435247 -0.0165023 0.0115448 0.00432413 0.999924 2.09621
0.99986 -0.00129769 -0.0167102 -0.0376519 0.00121198 0.999986 -0.00513826 -0.018878 0.0167167 0.00511728 0.999847 2.82726
0.999774 -0.00218671 -0.0211572 -0.056566 0.00207261 0.999983 -0.00541312 -0.0240929 0.0211687 0.00536804 0.999762 3.57388
0.999657 -8.009e-05 -0.0261759 -0.0766853 -0.000112448 0.999973 -0.00735401 -0.0241085 0.0261758 0.00735444 0.99963 4.33633
0.999516 0.00260552 -0.0309863 -0.111179 -0.00284241 0.999967 -0.00760315 -0.0352106 0.0309655 0.00768755 0.999491 5.10472
0.999367 0.00281324 -0.0354697 -0.138573 -0.00302858 0.999977 -0.00601895 -0.0419054 0.035452 0.00612256 0.999353 5.89956
0.999204 0.00221509 -0.0398347 -0.176766 -0.002349 0.999992 -0.00331512 -0.0494241 0.039827 0.00340605 0.999201 6.70011
0.999065 0.00156325 -0.0432093 -0.217589 -0.0015846 0.999999 -0.000459822 -0.0622228 0.0432085 0.000527862 0.999066 7.52132
0.99893 0.00267429 -0.046171 -0.257496 -0.00271937 0.999996 -0.000913642 -0.0748785 0.0461684 0.00103822 0.998933 8.34317
0.998823 0.00219056 -0.048445 -0.304314 -0.00225086 0.999997 -0.00119023 -0.0816842 0.0484422 0.00129787 0.998825 9.16799
0.998746 -0.00117555 -0.0500546 -0.347132 0.00109777 0.999998 -0.00158137 -0.0887248 0.0500563 0.00152444 0.998745 10.0012
0.998635 -0.00137417 -0.0522129 -0.393062 0.00135592 0.999999 -0.000385045 -0.102534 0.0522133 0.000313723 0.998636 10.8405
0.998544 -0.00325212 -0.0538508 -0.440123 0.00321094 0.999994 -0.000851336 -0.107909 0.0538532 0.000677185 0.998549 11.69
0.998435 -0.00112349 -0.0559147 -0.489339 0.000945003 0.999994 -0.00321843 -0.113968 0.055918 0.00316055 0.99843 12.5585
0.998358 -0.000781793 -0.0572835 -0.546191 0.000445152 0.999983 -0.00588928 -0.122949 0.0572871 0.00585411 0.998341 13.4142
0.99826 0.00267271 -0.0589027 -0.610924 -0.00309367 0.99997 -0.00705661 -0.138992 0.0588821 0.00722656 0.998239 14.2921
0.9982 0.00365363 -0.0598567 -0.670004 -0.00407242 0.999968 -0.00687597 -0.148156 0.0598297 0.00710736 0.998183 15.1938
0.998117 0.00263543 -0.0612845 -0.728137 -0.00297359 0.999981 -0.00542728 -0.162844 0.061269 0.00559929 0.998106 16.0939
0.998019 0.00333771 -0.0628193 -0.789007 -0.00358913 0.999986 -0.00388989 -0.173012 0.0628055 0.00410766 0.998017 16.993
0.997967 0.00295172 -0.0636626 -0.851671 -0.0031898 0.999988 -0.00363847 -0.188174 0.0636511 0.00383414 0.997965 17.8994
0.99782 0.00233758 -0.0659537 -0.907042 -0.002635 0.999987 -0.00442282 -0.202746 0.0659424 0.00458696 0.997813 18.8092
0.997735 0.00073254 -0.0672652 -0.968224 -0.00107108 0.999987 -0.00499698 -0.213266 0.0672606 0.00505771 0.997723 19.7195
0.997704 0.000177086 -0.0677301 -1.03969 -0.000393823 0.999995 -0.00318667 -0.227228 0.0677292 0.00320603 0.997699 20.6512
0.997678 0.000913226 -0.0681044 -1.1031 -0.000893453 1 0.000320794 -0.241088 0.0681046 -0.000259201 0.997678 21.5802
0.997725 0.00195793 -0.0673916 -1.17057 -0.00169414 0.999991 0.0039712 -0.248787 0.0673987 -0.00384799 0.997719 22.5191
0.997841 0.000797411 -0.0656754 -1.23804 -0.000342962 0.999976 0.00693061 -0.255566 0.0656794 -0.00689312 0.997817 23.4615
0.997934 0.000976622 -0.0642362 -1.30088 -0.000480388 0.99997 0.00774014 -0.258803 0.0642418 -0.00769329 0.997905 24.4044
0.998017 0.000453245 -0.0629508 -1.3661 -0.000152767 0.999989 0.00477795 -0.259315 0.0629523 -0.00475886 0.998005 25.3624
0.998057 0.000638869 -0.0623046 -1.42689 -0.00064911 1 -0.000144123 -0.258841 0.0623045 0.000184286 0.998057 26.3188
0.998128 -0.000714475 -0.0611494 -1.4878 0.00054577 0.999996 -0.00277557 -0.268535 0.0611511 0.002737 0.998125 27.2811
0.998146 -0.00396512 -0.0607367 -1.54324 0.00386256 0.999991 -0.00180595 -0.278026 0.0607434 0.001568 0.998152 28.2542
0.998117 -0.0059227 -0.0610603 -1.60168 0.00612312 0.999976 0.00309581 -0.287923 0.0610406 -0.00346386 0.998129 29.2253
0.998024 -0.0103423 -0.0619796 -1.65814 0.0107705 0.99992 0.00657819 -0.295235 0.0619067 -0.00723274 0.998056 30.2058
0.997843 -0.0178604 -0.0631739 -1.71224 0.0182828 0.999814 0.00611377 -0.303885 0.063053 -0.00725558 0.997984 31.1733
0.997723 -0.0198511 -0.06446 -1.77917 0.0200315 0.999797 0.0021535 -0.310901 0.0644041 -0.00343983 0.997918 32.1669
0.997649 -0.0194677 -0.0657027 -1.84764 0.0193963 0.99981 -0.00172461 -0.319775 0.0657238 0.000446166 0.997838 33.1509
0.997505 -0.018525 -0.0681154 -1.91645 0.018386 0.999827 -0.00266729 -0.324907 0.068153 0.00140826 0.997674 34.1352
0.997454 -0.0182878 -0.0689237 -1.98658 0.0182426 0.999833 -0.00128491 -0.335018 0.0689357 2.4288e-05 0.997621 35.1476
0.997405 -0.0159418 -0.0702092 -2.06809 0.0160706 0.99987 0.00126933 -0.342525 0.0701798 -0.00239434 0.997531 36.1413
0.997333 -0.0162969 -0.0711461 -2.14572 0.0165341 0.99986 0.00274647 -0.352997 0.0710914 -0.00391548 0.997462 37.1482
0.997263 -0.0153082 -0.0723349 -2.22189 0.0157477 0.999861 0.00551012 -0.36318 0.0722405 -0.00663415 0.997365 38.1443
0.997281 -0.0156446 -0.0720109 -2.29907 0.016319 0.999828 0.00878527 -0.371626 0.0718611 -0.00993652 0.997365 39.1454
0.997294 -0.0102499 -0.0727946 -2.38233 0.0111105 0.999873 0.0114274 -0.380946 0.0726682 -0.0122053 0.997281 40.1382
0.997275 -0.011115 -0.0729284 -2.46139 0.0119527 0.999867 0.0110599 -0.386083 0.0727958 -0.0119015 0.997276 41.1526
0.997286 -0.0109577 -0.072806 -2.53719 0.0116684 0.999888 0.00934467 -0.390946 0.0726955 -0.0101688 0.997302 42.1544
0.997292 -0.00891744 -0.0730053 -2.61501 0.00947464 0.999929 0.00728958 -0.400523 0.0729351 -0.00796154 0.997305 43.1523
0.997205 -0.00951547 -0.0741094 -2.69013 0.0100778 0.999923 0.00721697 -0.404084 0.074035 -0.00794365 0.997224 44.144
0.997062 -0.0117738 -0.0756838 -2.76087 0.0124628 0.999885 0.00863778 -0.411771 0.0755734 -0.00955564 0.997094 45.1309
0.997011 -0.0110641 -0.0764584 -2.83985 0.0118439 0.999882 0.00975329 -0.422515 0.0763415 -0.0106297 0.997025 46.1212
0.997015 -0.00942915 -0.0766264 -2.91975 0.00996885 0.999928 0.0066638 -0.436801 0.0765581 -0.00740779 0.997038 47.0891
0.996948 -0.00966322 -0.0774723 -3.00029 0.00989133 0.999948 0.0025611 -0.445508 0.0774435 -0.00331959 0.996991 48.0514
0.996875 -0.00909343 -0.0784722 -3.07379 0.00924256 0.999956 0.00153743 -0.456701 0.0784548 -0.00225791 0.996915 49.0246
0.996872 -0.0100763 -0.0783873 -3.15844 0.0105182 0.999931 0.00522651 -0.47391 0.0783292 -0.00603465 0.996909 50.0024
0.996842 -0.0123389 -0.078449 -3.23666 0.0130152 0.999882 0.00811527 -0.481881 0.0783396 -0.00911067 0.996885 50.9752
0.99678 -0.0148388 -0.0788057 -3.31237 0.0155931 0.999838 0.00896398 -0.490782 0.0786599 -0.0101639 0.99685 51.9387
0.996712 -0.0179991 -0.0790063 -3.38833 0.0186713 0.999795 0.0077777 -0.495137 0.0788501 -0.00922728 0.996844 52.8913
0.996638 -0.0207504 -0.0792637 -3.46479 0.0212908 0.999755 0.00597896 -0.494206 0.0791203 -0.00764645 0.996836 53.8565
0.996514 -0.0221481 -0.080437 -3.54221 0.0227938 0.999715 0.00711704 -0.501363 0.0802565 -0.00892569 0.996734 54.8106
0.996301 -0.0260408 -0.0818879 -3.61657 0.0270543 0.99957 0.011292 -0.509849 0.0815586 -0.0134656 0.996578 55.7573
0.996221 -0.0269184 -0.0825799 -3.6937 0.0283465 0.999467 0.0161695 -0.508062 0.0821007 -0.0184492 0.996453 56.7051
0.996215 -0.0250716 -0.0832351 -3.77472 0.0266981 0.999473 0.0184853 -0.509494 0.0827277 -0.0206376 0.996358 57.6569
0.996102 -0.0243625 -0.0847764 -3.85704 0.0256717 0.999567 0.014387 -0.508745 0.0843892 -0.0165073 0.996296 58.6076
0.996039 -0.0227794 -0.0859546 -3.94305 0.0234272 0.999704 0.00653493 -0.509976 0.0857804 -0.00852271 0.996278 59.5357
0.996027 -0.020632 -0.0866289 -4.03166 0.0208389 0.999782 0.00148432 -0.513009 0.0865794 -0.00328368 0.99624 60.45
0.996034 -0.0154539 -0.0876229 -4.1153 0.0157092 0.999874 0.00222409 -0.520447 0.0875775 -0.00359175 0.996151 61.359
0.995942 -0.012587 -0.0891117 -4.19969 0.0130545 0.999904 0.004665 -0.536922 0.0890444 -0.00580938 0.996011 62.2522
0.995873 -0.0103334 -0.0901677 -4.28732 0.0109446 0.99992 0.00628713 -0.545068 0.0900955 -0.00724804 0.995907 63.1575
0.995812 -0.00940818 -0.0909358 -4.37611 0.00999068 0.999932 0.00595256 -0.548717 0.0908737 -0.00683614 0.995839 64.0229
0.995659 -0.0083754 -0.0926955 -4.46025 0.00904367 0.999936 0.0067916 -0.560372 0.0926326 -0.00760043 0.995671 64.8726
0.995544 -0.00719564 -0.094025 -4.54323 0.00793744 0.99994 0.00751787 -0.571972 0.0939653 -0.00823068 0.995541 65.7135
0.995384 -0.0078441 -0.0956487 -4.6195 0.00864213 0.999931 0.00793196 -0.579376 0.0955799 -0.00872196 0.995384 66.5412
0.995283 -0.00811388 -0.0966793 -4.70473 0.00901631 0.99992 0.00890104 -0.584149 0.0965994 -0.00973074 0.995276 67.3475
0.995143 -0.00576083 -0.098269 -4.79133 0.00692927 0.999909 0.0115531 -0.5911 0.0981935 -0.0121779 0.995093 68.1452
0.995015 -0.00456561 -0.0996184 -4.87744 0.00615383 0.999859 0.0156416 -0.597127 0.0995329 -0.0161766 0.994903 68.9328
0.994857 -0.00159879 -0.10128 -4.96227 0.00335403 0.999847 0.0171627 -0.601578 0.101237 -0.0174141 0.99471 69.7056
0.994724 0.000615309 -0.102587 -5.04903 0.000731686 0.999914 0.0130921 -0.612327 0.102587 -0.0130981 0.994638 70.4575
0.99458 5.29181e-05 -0.10397 -5.1298 0.000574818 0.999982 0.00600767 -0.623438 0.103969 -0.00603487 0.994562 71.1842
0.994428 -0.00086102 -0.105416 -5.20647 0.00089703 1 0.000294189 -0.631378 0.105416 -0.000387111 0.994428 71.8949
0.994389 2.8561e-05 -0.10579 -5.28019 -0.000131926 1 -0.000970086 -0.638963 0.10579 0.000978599 0.994388 72.5814
0.994303 0.00229526 -0.106568 -5.36671 -0.00205928 0.999995 0.00232432 -0.644397 0.106573 -0.00209162 0.994303 73.2684
0.994153 0.00233575 -0.107952 -5.44482 -0.00183101 0.999987 0.00477445 -0.662508 0.107962 -0.00454888 0.994145 73.9275
0.994069 -0.00121998 -0.108745 -5.51569 0.00141144 0.999998 0.00168373 -0.676347 0.108742 -0.00182723 0.994068 74.5588
0.993999 -0.00992869 -0.108937 -5.57265 0.00958473 0.999947 -0.00368064 -0.683256 0.108968 0.00261443 0.994042 75.183
0.994073 -0.014234 -0.107778 -5.63094 0.0134228 0.999876 -0.00824829 -0.697837 0.107882 0.00675273 0.994141 75.7705
0.994409 -0.011974 -0.104913 -5.69279 0.0111493 0.999902 -0.00844444 -0.707421 0.105004 0.00722753 0.994446 76.3586
0.994885 -0.00697678 -0.100774 -5.75864 0.00648773 0.999966 -0.00517986 -0.72348 0.100806 0.00449957 0.994896 76.9289
0.995332 -0.0088636 -0.0961046 -5.81171 0.00869562 0.99996 -0.00216663 -0.731779 0.09612 0.00132082 0.995369 77.4927
0.995776 -0.0128304 -0.0909117 -5.84528 0.0130716 0.999912 0.00205837 -0.741025 0.0908773 -0.00323804 0.995857 78.0402
0.996412 -0.0173418 -0.0828347 -5.87925 0.0178693 0.999824 0.00563129 -0.751 0.0827226 -0.00709129 0.996547 78.5749
0.997291 -0.0136715 -0.07228 -5.91354 0.0141225 0.999884 0.00573239 -0.759794 0.0721932 -0.00673763 0.997368 79.0919
0.998326 -0.00842934 -0.0572183 -5.94547 0.00875144 0.999947 0.00538113 -0.76086 0.05717 -0.00587286 0.998347 79.5998
0.999227 -0.00332771 -0.0391824 -5.96401 0.00357895 0.999973 0.00634368 -0.762114 0.0391603 -0.00647901 0.999212 80.0972
0.999835 -0.00536785 -0.0173716 -5.95617 0.00549672 0.999958 0.00737885 -0.766705 0.0173312 -0.00747311 0.999822 80.5806
0.999922 -0.00890731 0.00878843 -5.93038 0.00882615 0.999918 0.00922998 -0.778017 -0.00886993 -0.00915169 0.999919 81.0464
0.99921 -0.0102201 0.0384127 -5.89793 0.00976623 0.99988 0.0119839 -0.788222 -0.0385306 -0.0115993 0.99919 81.5034
0.997399 -0.0109119 0.0712409 -5.8469 0.00991335 0.999848 0.014355 -0.795539 -0.0713867 -0.0136114 0.997356 81.9434
0.99401 -0.0116499 0.108666 -5.77106 0.0100233 0.99983 0.015503 -0.797269 -0.108828 -0.014321 0.993957 82.3883
0.988584 -0.0117502 0.150211 -5.6801 0.00938369 0.999821 0.0164538 -0.79822 -0.150377 -0.0148564 0.988517 82.8158
0.980725 -0.0122907 0.195006 -5.56163 0.00907994 0.999808 0.0173505 -0.801136 -0.195182 -0.0152454 0.980649 83.237
0.969835 -0.0102758 0.243547 -5.42544 0.00649655 0.999846 0.0163157 -0.806376 -0.243677 -0.0142413 0.969752 83.6405
0.954964 -0.00986547 0.296559 -5.26994 0.00580845 0.999877 0.0145583 -0.808587 -0.296666 -0.0121801 0.954904 84.0304
0.935755 -0.00917737 0.35253 -5.09059 0.00478098 0.9999 0.0133396 -0.807743 -0.352617 -0.0107972 0.935705 84.4121
0.912092 -0.00842171 0.409899 -4.89548 0.00363791 0.999916 0.0124492 -0.807657 -0.409969 -0.0098636 0.912046 84.7604
0.883695 -0.00796403 0.467995 -4.68031 0.00278674 0.999927 0.011754 -0.808843 -0.468054 -0.00908281 0.883653 85.0866
0.850865 -0.00970658 0.525295 -4.43914 0.00469568 0.99993 0.0108711 -0.812295 -0.525363 -0.0067832 0.850851 85.394
0.814317 -0.0101664 0.580332 -4.18479 0.00452563 0.999927 0.0111667 -0.82178 -0.580403 -0.00646686 0.814303 85.6858
0.774764 -0.0121796 0.632134 -3.91212 0.00432189 0.999893 0.0139684 -0.83436 -0.632236 -0.0080902 0.774734 85.9602
0.732575 -0.0121673 0.680577 -3.62254 0.00132123 0.999864 0.0164533 -0.831052 -0.680685 -0.0111541 0.732492 86.2166
0.687748 -0.0138068 0.725818 -3.31756 0.0012829 0.999841 0.0178037 -0.831481 -0.725949 -0.0113133 0.687656 86.4496
0.641758 -0.0152542 0.766756 -2.99705 0.00312624 0.999846 0.0172748 -0.833448 -0.766901 -0.00868919 0.641707 86.6559
0.59491 -0.0181781 0.803586 -2.6706 0.00699184 0.999823 0.0174411 -0.838057 -0.803762 -0.00475733 0.594933 86.8433
0.548618 -0.0161425 0.835917 -2.34457 0.00404786 0.999853 0.0166517 -0.838031 -0.836063 -0.00575174 0.548603 87.0124
0.501356 -0.0130072 0.865143 -2.00991 -0.000907634 0.999879 0.0155589 -0.836152 -0.865241 -0.00858577 0.501283 87.1787
0.456137 -0.0114684 0.889836 -1.67175 -0.00236077 0.999898 0.0140971 -0.839518 -0.889907 -0.00853089 0.456063 87.3158
0.414051 -0.0139004 0.910148 -1.31563 0.00430019 0.999902 0.0133149 -0.832313 -0.910243 -0.00159924 0.41407 87.4291
0.374417 -0.021995 0.926999 -0.94674 0.0182658 0.9997 0.0163424 -0.83136 -0.92708 0.0108135 0.374707 87.5215
0.339168 -0.0258492 0.940371 -0.581536 0.0218409 0.999569 0.019599 -0.826697 -0.940472 0.0138912 0.339586 87.6152
0.306272 -0.0216298 0.951698 -0.215191 0.0185685 0.999687 0.0167449 -0.822291 -0.951763 0.0125431 0.306578 87.7139
0.275641 -0.0143307 0.961154 0.15229 0.00758934 0.99989 0.0127318 -0.829124 -0.961231 0.00378511 0.27572 87.8166
0.2478 -0.00991453 0.96876 0.535588 0.00227086 0.999951 0.00965287 -0.8369 -0.968809 -0.000192061 0.24781 87.9033
0.222341 -0.00803738 0.974936 0.929829 0.00347986 0.999966 0.00745012 -0.840632 -0.974963 0.00173618 0.222361 87.9713
0.198788 -0.00682243 0.980019 1.3296 0.0104861 0.999933 0.00483406 -0.841016 -0.979986 0.00931561 0.198846 88.0237
0.178663 -0.000854883 0.98391 1.74058 0.0180675 0.999834 -0.00241206 -0.829353 -0.983744 0.0182078 0.178648 88.0738
0.159003 0.00560662 0.987262 2.15792 0.0203462 0.999753 -0.0089544 -0.818921 -0.987068 0.0215108 0.158849 88.126
0.141723 0.00621 0.989887 2.59688 0.0175963 0.999807 -0.00879151 -0.824967 -0.98975 0.0186643 0.141587 88.1806
0.126549 0.00178613 0.991959 3.0534 0.0159629 0.999865 -0.00383682 -0.835343 -0.991832 0.01632 0.126503 88.2327
0.112175 -0.00192636 0.993687 3.52391 0.0156817 0.999877 0.000168084 -0.849509 -0.993565 0.0155638 0.112192 88.2788
0.098881 -0.00474671 0.995088 4.00588 0.0173342 0.999845 0.00304692 -0.858702 -0.994948 0.0169478 0.0989479 88.3171
0.0874656 -0.00568395 0.996151 4.50361 0.021132 0.999769 0.00384913 -0.861674 -0.995943 0.020714 0.0875655 88.3465
0.0774312 -0.00517846 0.996984 5.02074 0.0242195 0.999701 0.00331155 -0.864191 -0.996703 0.02389 0.0775335 88.3749
0.0695838 -0.00468498 0.997565 5.54722 0.0261866 0.999653 0.00286817 -0.863835 -0.997232 0.0259233 0.0696823 88.404
0.0640034 -0.00454429 0.997939 6.08906 0.0284875 0.99959 0.00272475 -0.867691 -0.997543 0.0282544 0.0641066 88.4342
0.0584269 -0.00356265 0.998285 6.65346 0.0300071 0.999548 0.00181092 -0.870103 -0.997841 0.0298498 0.0585074 88.4621
0.052522 -0.0031268 0.998615 7.23635 0.0302392 0.999542 0.00153927 -0.872939 -0.998162 0.0301165 0.0525924 88.4915
0.0480112 -0.00314358 0.998842 7.84018 0.0327835 0.999461 0.00156973 -0.874821 -0.998309 0.0326702 0.0480884 88.5183
0.0452226 -0.00358528 0.998971 8.46523 0.0342298 0.999412 0.00203731 -0.880357 -0.99839 0.0341024 0.0453187 88.5398
0.0421475 -0.00436425 0.999102 9.10343 0.0350884 0.99938 0.00288525 -0.886307 -0.998495 0.0349352 0.0422745 88.5665
0.0399689 -0.00523057 0.999187 9.76123 0.0376191 0.999285 0.00372627 -0.89048 -0.998493 0.0374396 0.0401371 88.5881
0.0391779 -0.00572338 0.999216 10.4354 0.0419861 0.99911 0.00407656 -0.892703 -0.99835 0.0417935 0.0393833 88.6113
0.0401202 -0.00632228 0.999175 11.1244 0.0462565 0.99892 0.00446332 -0.895221 -0.998124 0.0460393 0.0403693 88.638
0.0424972 -0.0066131 0.999075 11.8372 0.0482337 0.998826 0.00455976 -0.897258 -0.997932 0.0479952 0.0427663 88.6672
0.0466683 -0.00667348 0.998888 12.5618 0.0516987 0.998654 0.00425654 -0.89689 -0.997572 0.0514425 0.0469505 88.6959
0.0508085 -0.00700896 0.998684 13.2985 0.0520989 0.998632 0.00435804 -0.894467 -0.997349 0.0518089 0.0511042 88.7388
0.0547394 -0.00854813 0.998464 14.06 0.0535938 0.998547 0.00561064 -0.892393 -0.997061 0.0532043 0.055118 88.7817
0.058861 -0.0101301 0.998215 14.8318 0.0537964 0.998528 0.00696114 -0.891588 -0.996816 0.0532907 0.0593193 88.8262
0.0630514 -0.012023 0.997938 15.6162 0.0511183 0.998654 0.00880189 -0.888288 -0.9967 0.0504579 0.0635811 88.8853
0.0670997 -0.0135583 0.997654 16.4094 0.0507389 0.99866 0.0101594 -0.89621 -0.996455 0.0499382 0.0676977 88.9459
0.0710903 -0.0126484 0.99739 17.2106 0.0480781 0.998801 0.00923944 -0.899071 -0.996311 0.0472958 0.0716132 89.0144
0.0743142 -0.00844999 0.997199 18.0116 0.0464316 0.998909 0.00500426 -0.901266 -0.996153 0.0459297 0.0746255 89.079
0.0758498 -0.00303636 0.997115 18.8229 0.0414208 0.999142 -0.000108317 -0.899071 -0.996259 0.0413095 0.0759105 89.1587
0.0756292 0.000214866 0.997136 19.6484 0.0389296 0.999237 -0.00316799 -0.902722 -0.996376 0.0390577 0.0755632 89.2349
0.075793 -0.000391675 0.997123 20.4658 0.0367457 0.999322 -0.00240056 -0.915431 -0.996446 0.0368219 0.075756 89.3068
0.076259 -0.00236705 0.997085 21.2854 0.0345035 0.999405 -0.000266338 -0.931385 -0.996491 0.0344233 0.0762952 89.372
0.0761075 -0.00438455 0.99709 22.1126 0.0359809 0.999351 0.00164809 -0.950912 -0.99645 0.0357508 0.0762158 89.4378
0.0766001 -0.00535804 0.997047 22.9385 0.0338439 0.999423 0.00277069 -0.965106 -0.996487 0.0335318 0.0767373 89.5107
0.0767853 -0.00555343 0.997032 23.7541 0.0320485 0.999482 0.0030989 -0.985555 -0.996532 0.0317154 0.0769234 89.5822
0.0769557 -0.00477354 0.997023 24.5624 0.0294158 0.999564 0.00251523 -0.991782 -0.9966 0.0291347 0.0770626 89.6533
0.0755808 -0.00299967 0.997135 25.3731 0.0260358 0.99966 0.00103381 -0.998637 -0.9968 0.025883 0.0756333 89.7265
0.0727743 -0.00356912 0.997342 26.1837 0.0231658 0.99973 0.0018873 -1.00875 -0.997079 0.0229669 0.0728373 89.797
0.0686982 -0.00493471 0.997625 26.9995 0.0212066 0.999769 0.00348499 -1.01812 -0.997412 0.0209168 0.068787 89.8669
0.0641065 -0.00713322 0.997918 27.8152 0.0191707 0.999799 0.00591513 -1.02472 -0.997759 0.0187516 0.0642304 89.9233
0.0580268 -0.00916199 0.998273 28.6278 0.017601 0.999812 0.00815302 -1.0305 -0.99816 0.0170975 0.0581771 89.9749
0.0504077 -0.00859904 0.998692 29.439 0.0169089 0.999827 0.00775536 -1.0348 -0.998586 0.0164958 0.0505444 90.0244
0.0418505 -0.00780758 0.999093 30.2436 0.0170151 0.99983 0.00710059 -1.03884 -0.998979 0.0167025 0.0419763 90.0574
0.0320261 -0.00782006 0.999456 31.0487 0.0169348 0.99983 0.00728033 -1.04801 -0.999344 0.0166925 0.032153 90.0805
0.022134 -0.00886023 0.999716 31.8518 0.0181061 0.9998 0.00846011 -1.05259 -0.999591 0.0179137 0.02229 90.0928
0.0117448 -0.00998873 0.999881 32.6515 0.0176244 0.999797 0.00978087 -1.06021 -0.999776 0.0175075 0.0119185 90.0975
0.000743524 -0.0110515 0.999939 33.4406 0.0192712 0.999753 0.0110351 -1.06469 -0.999814 0.0192618 0.000956316 90.0952
-0.0101047 -0.0110196 0.999888 34.2229 0.0181183 0.999773 0.0112014 -1.0733 -0.999785 0.0182295 -0.00990278 90.0837
-0.0211187 -0.0106567 0.99972 35.0054 0.0184277 0.999769 0.0110465 -1.08098 -0.999607 0.0186558 -0.0209175 90.0648
-0.0317622 -0.00944002 0.999451 35.7807 0.0183799 0.999781 0.0100272 -1.08412 -0.999326 0.0186883 -0.0315818 90.041
-0.042178 -0.00829556 0.999076 36.5496 0.0193651 0.999771 0.00911887 -1.09041 -0.998922 0.0197318 -0.0420077 90.0119
-0.0520375 -0.00774817 0.998615 37.3264 0.0201455 0.999758 0.00880681 -1.09715 -0.998442 0.0205759 -0.0518688 89.9811
-0.0614656 -0.00708681 0.998084 38.0885 0.0207577 0.999749 0.00837697 -1.09866 -0.997893 0.0212328 -0.0613031 89.9319
-0.0711142 -0.00651412 0.997447 38.8286 0.0216471 0.999733 0.00807241 -1.10096 -0.997233 0.0221659 -0.0709542 89.885
-0.0800319 -0.00705896 0.996767 39.5685 0.0225443 0.999706 0.00888988 -1.10722 -0.996537 0.0231829 -0.0798492 89.8322
-0.0872764 -0.00838087 0.996149 40.3009 0.0242714 0.99965 0.0105368 -1.11411 -0.995888 0.0250975 -0.0870425 89.7649
-0.0926798 -0.0100603 0.995645 41.0248 0.0268777 0.999559 0.0126018 -1.11883 -0.995333 0.0279286 -0.0923685 89.6969
-0.0964596 -0.011898 0.995266 41.7373 0.029711 0.999449 0.0148276 -1.12519 -0.994893 0.0310006 -0.096053 89.6229
-0.098935 -0.0130169 0.995009 42.4436 0.0311806 0.999383 0.0161745 -1.1247 -0.994605 0.0326252 -0.0984681 89.5509
-0.10052 -0.0141168 0.994835 43.1287 0.0314809 0.999354 0.0173618 -1.1292 -0.994437 0.0330635 -0.100011 89.4815
-0.101254 -0.013622 0.994767 43.8057 0.0325148 0.999327 0.016994 -1.12875 -0.994329 0.0340654 -0.100743 89.413
-0.100376 -0.0125074 0.994871 44.4657 0.0335545 0.99931 0.0159487 -1.13177 -0.994384 0.0349833 -0.099887 89.3482
-0.0975641 -0.0111285 0.995167 45.1109 0.0341776 0.99931 0.0145255 -1.13798 -0.994642 0.0354295 -0.0971165 89.292
-0.092045 -0.0104178 0.9957 45.7326 0.0351814 0.999287 0.0137075 -1.13187 -0.995133 0.0362918 -0.0916129 89.2359
-0.0839905 -0.0101958 0.996414 46.3377 0.0346203 0.999314 0.0131437 -1.13819 -0.995865 0.0356002 -0.0835799 89.1916
-0.0728136 -0.0103081 0.997292 46.9158 0.0343523 0.999327 0.0128372 -1.14443 -0.996754 0.035194 -0.0724105 89.1587
-0.059278 -0.0100109 0.998191 47.4787 0.0344488 0.999334 0.0120681 -1.1465 -0.997647 0.0351019 -0.0588936 89.1395
-0.0418475 -0.00880281 0.999085 48.0096 0.0345806 0.999349 0.0102536 -1.15244 -0.998525 0.0349781 -0.0415159 89.1276
-0.0207812 -0.00658204 0.999762 48.5329 0.03392 0.999398 0.00728471 -1.16159 -0.999208 0.0340634 -0.0205454 89.1364
0.00390948 -0.00374916 0.999985 49.0594 0.0323985 0.999468 0.00362056 -1.17141 -0.999467 0.0323839 0.00402887 89.156
0.0322388 -0.00250629 0.999477 49.5748 0.0313986 0.999506 0.00149358 -1.1828 -0.998987 0.031334 0.0323015 89.1932
0.0655234 -0.00317641 0.997846 50.0926 0.0305122 0.999534 0.0011782 -1.19176 -0.997384 0.0303692 0.0655898 89.246
0.104085 -0.00543712 0.994554 50.6038 0.0303883 0.999536 0.00228408 -1.19351 -0.994104 0.0299851 0.104202 89.3135
0.146619 -0.00891553 0.989153 51.117 0.0301135 0.999536 0.00454549 -1.19637 -0.988735 0.0291204 0.14682 89.4079
0.19152 -0.0140365 0.981388 51.6124 0.0287397 0.999549 0.00868762 -1.2113 -0.981068 0.026541 0.191837 89.5373
0.240207 -0.0178186 0.970558 52.0916 0.024936 0.999615 0.0121806 -1.22643 -0.970401 0.0212759 0.240559 89.6842
0.291625 -0.019832 0.956327 52.5539 0.0224672 0.999651 0.0138792 -1.23657 -0.956269 0.0174384 0.291968 89.8577
0.346756 -0.0207585 0.937726 53.0044 0.0236576 0.999631 0.0133806 -1.24329 -0.937657 0.0175446 0.347119 90.0518
0.404357 -0.0202411 0.914377 53.436 0.0268271 0.999587 0.0102639 -1.2474 -0.914208 0.0203798 0.404733 90.2731
0.464008 -0.0178901 0.88565 53.8461 0.0298188 0.999545 0.0045682 -1.25952 -0.885329 0.0242893 0.46433 90.5182
0.523244 -0.0148965 0.852053 54.2321 0.0330268 0.999451 -0.00280823 -1.26582 -0.851543 0.02961 0.523449 90.7892
0.580731 -0.0107435 0.814025 54.5907 0.0303926 0.999502 -0.00849089 -1.27303 -0.813528 0.0296712 0.580768 91.0969
0.635928 -0.00771655 0.77171 54.9289 0.0281465 0.999517 -0.0131997 -1.27296 -0.771235 0.0301149 0.635838 91.4277
0.687313 -0.00714842 0.726326 55.2305 0.0281283 0.999463 -0.0167809 -1.28311 -0.725816 0.031964 0.687146 91.783
0.735483 -0.00885833 0.677485 55.5209 0.0288656 0.999416 -0.0182691 -1.29047 -0.676928 0.0329926 0.735309 92.1513
0.779962 -0.0129897 0.625692 55.7845 0.0286946 0.999475 -0.0150199 -1.3027 -0.625169 0.0296689 0.779925 92.5414
0.820267 -0.0171059 0.571725 56.0205 0.0285658 0.999531 -0.0110782 -1.30499 -0.571267 0.0254188 0.820371 92.9568
0.85589 -0.0195295 0.516789 56.2346 0.0271485 0.999606 -0.00718736 -1.31248 -0.516445 0.0201816 0.856083 93.3907
0.88606 -0.0223338 0.463033 56.4134 0.0266994 0.999639 -0.00287572 -1.31382 -0.462802 0.0149108 0.886336 93.827
0.91108 -0.0226117 0.411609 56.5744 0.0243572 0.999703 0.00100495 -1.33155 -0.41151 0.00911004 0.91136 94.2718
0.930677 -0.0207437 0.365254 56.7113 0.0212601 0.999771 0.0026081 -1.3421 -0.365224 0.00533804 0.930904 94.7233
0.945662 -0.0152656 0.324793 56.83 0.0148324 0.999883 0.00380989 -1.35156 -0.324813 0.0012146 0.945777 95.1885
0.957112 -0.0112899 0.289498 56.9386 0.011278 0.999935 0.00170954 -1.3572 -0.289499 0.00162873 0.957177 95.6595
0.965929 -0.00977499 0.258623 57.0366 0.00995582 0.99995 0.000610493 -1.36085 -0.258616 0.00198511 0.965978 96.1331
0.971479 -0.01547 0.236618 57.1398 0.0159047 0.999874 7.20167e-05 -1.36874 -0.23659 0.00369337 0.971603 96.6092
0.975141 -0.0183015 0.220828 57.2448 0.0187709 0.999824 -2.68586e-05 -1.37587 -0.220788 0.00417132 0.975313 97.0934
0.977978 -0.0141381 0.208229 57.3311 0.0146128 0.999893 -0.000741377 -1.38319 -0.208196 0.00376785 0.97808 97.5885
0.98005 -0.00971247 0.198514 57.411 0.0100396 0.999949 -0.000641537 -1.38287 -0.198498 0.00262174 0.980098 98.0923
0.981328 -0.00204861 0.192333 57.4972 0.00250061 0.999995 -0.00210737 -1.38582 -0.192328 0.00254898 0.981327 98.6076
0.981854 0.0033594 0.189606 57.585 -0.00228986 0.99998 -0.00585961 -1.3921 -0.189622 0.00531912 0.981843 99.1294
0.98203 0.00429774 0.188675 57.6868 -0.00281672 0.999963 -0.00811702 -1.40683 -0.188703 0.00743971 0.982006 99.6536
0.981583 0.00258638 0.19102 57.7986 -0.000380739 0.999933 -0.0115824 -1.41885 -0.191038 0.0112964 0.981518 100.199
0.980821 0.000473495 0.194909 57.9165 0.00309959 0.999833 -0.0180267 -1.42434 -0.194885 0.0182851 0.980656 100.74
0.979913 0.000356038 0.199425 58.0275 0.00424105 0.999735 -0.022624 -1.43499 -0.199381 0.0230153 0.979652 101.307
0.979042 0.00484069 0.203602 58.1452 -0.00035318 0.999756 -0.0220711 -1.44891 -0.203659 0.0215367 0.978805 101.886
0.977881 0.00765607 0.209024 58.2644 -0.00406148 0.999836 -0.0176208 -1.46754 -0.209125 0.0163821 0.977752 102.482
0.976993 0.00405873 0.213235 58.4077 -0.0013908 0.999919 -0.0126602 -1.48448 -0.213269 0.0120724 0.976919 103.09
0.976192 -0.000186932 0.216909 58.5496 0.00170367 0.999975 -0.00680554 -1.499 -0.216902 0.00701305 0.976168 103.712
0.97546 -0.00297652 0.220156 58.696 0.00346244 0.999992 -0.00182131 -1.51294 -0.220149 0.0025389 0.975463 104.332
0.974818 -0.00710669 0.222888 58.8481 0.00738873 0.999973 -0.000431469 -1.52849 -0.222879 0.00206746 0.974844 104.969
0.974683 -0.0112745 0.223305 59.0003 0.0123516 0.999918 -0.00342707 -1.53741 -0.223248 0.00609848 0.974743 105.614
0.974697 -0.0119846 0.223208 59.1509 0.0147112 0.999836 -0.0105564 -1.54371 -0.223045 0.013573 0.974714 106.272
0.974894 -0.00986153 0.22245 59.2947 0.0140134 0.999756 -0.0170934 -1.56014 -0.222227 0.0197816 0.974794 106.935
0.975554 -0.0076609 0.219627 59.4425 0.0125499 0.999703 -0.0208741 -1.57256 -0.219402 0.0231202 0.975361 107.61
0.976135 -0.0101366 0.216929 59.5938 0.0141149 0.999759 -0.0167974 -1.58805 -0.216706 0.0194585 0.976043 108.312
0.976462 -0.0144172 0.215205 59.7536 0.0167664 0.999818 -0.00909448 -1.6068 -0.215035 0.0124886 0.976526 109.027
0.977096 -0.0147407 0.212288 59.9085 0.0158152 0.999869 -0.00336445 -1.62219 -0.212211 0.00664477 0.977201 109.747
0.977516 -0.0112694 0.210561 60.0564 0.0123837 0.999915 -0.00397395 -1.63607 -0.210498 0.00649211 0.977573 110.478
0.977949 -0.00616343 0.208755 60.1921 0.00817695 0.999928 -0.00878377 -1.64536 -0.208686 0.0102971 0.977929 111.218
0.978729 -0.00580974 0.205074 60.3462 0.0089378 0.999857 -0.0143304 -1.65461 -0.204961 0.0158585 0.978642 111.972
0.979495 -0.00749446 0.201327 60.4977 0.0111322 0.999794 -0.0169426 -1.67022 -0.201159 0.0188364 0.979378 112.734
0.980285 -0.00998513 0.197338 60.6513 0.0133321 0.999789 -0.0156393 -1.68529 -0.19714 0.0179619 0.980211 113.505
0.980946 -0.0142518 0.193756 60.8072 0.0172139 0.999759 -0.0136129 -1.70309 -0.193515 0.0166888 0.980955 114.288
0.981306 -0.0153598 0.191839 60.9618 0.0178559 0.999777 -0.0112891 -1.71607 -0.191623 0.0145035 0.981361 115.091
0.981557 -0.0193131 0.19019 61.1261 0.0214338 0.999729 -0.00909931 -1.73062 -0.189963 0.013008 0.981705 115.907
0.981551 -0.0250926 0.189546 61.29 0.0269993 0.999607 -0.00748352 -1.75187 -0.189284 0.0124631 0.981843 116.712
0.981704 -0.0242663 0.18886 61.4365 0.0259005 0.999645 -0.00618925 -1.76147 -0.188643 0.0109676 0.981984 117.522
0.981732 -0.0191636 0.189304 61.5814 0.0211007 0.999744 -0.00822222 -1.77603 -0.189098 0.0120665 0.981884 118.343
0.981732 -0.0144433 0.189722 61.7365 0.0169112 0.999792 -0.0113957 -1.79547 -0.189518 0.014396 0.981772 119.182
0.981639 -0.0063587 0.190642 61.8818 0.00906834 0.99987 -0.0133441 -1.80343 -0.190533 0.0148279 0.981569 120.02
0.981086 -0.00109641 0.193567 62.033 0.00362526 0.999913 -0.0127108 -1.82011 -0.193536 0.0131721 0.981005 120.856
0.980556 0.00102838 0.196236 62.1842 0.00108438 0.999943 -0.0106587 -1.83812 -0.196236 0.0106642 0.980499 121.693
0.980056 0.0017248 0.198712 62.3508 0.000561574 0.999934 -0.011449 -1.85697 -0.198718 0.0113323 0.979991 122.536
0.979722 -0.000456436 0.200362 62.526 0.00325258 0.999902 -0.0136265 -1.884 -0.200336 0.0140018 0.979627 123.381
0.979439 -0.00717703 0.201615 62.709 0.00986036 0.999876 -0.012308 -1.89995 -0.201501 0.014043 0.979388 124.236
0.979346 -0.0144155 0.201676 62.8865 0.0175748 0.999749 -0.0138832 -1.92055 -0.201425 0.0171409 0.979354 125.06
0.979054 -0.0149264 0.203053 63.057 0.0180879 0.999742 -0.0137228 -1.94387 -0.202795 0.0171082 0.979072 125.908
0.978735 -0.0118833 0.204787 63.228 0.0144382 0.999835 -0.0109865 -1.96228 -0.204622 0.0137096 0.978745 126.761
0.978515 -0.009826 0.205942 63.3961 0.0111368 0.999924 -0.00520648 -1.97789 -0.205875 0.00738814 0.97855 127.614
0.9784 -0.00668072 0.206611 63.5607 0.00707501 0.999974 -0.00116957 -1.99466 -0.206597 0.00260608 0.978423 128.446
0.978169 -0.00787314 0.207663 63.7379 0.00957244 0.999928 -0.00717938 -2.01876 -0.207591 0.00901049 0.978174 129.274
0.978071 -0.0130338 0.207864 63.9229 0.0178725 0.999611 -0.0214171 -2.04336 -0.207504 0.0246625 0.977923 130.097
0.978053 -0.015904 0.207749 64.1048 0.0227247 0.999277 -0.0304865 -2.06659 -0.207114 0.0345384 0.977707 130.921
0.978245 -0.0193896 0.206543 64.2759 0.0243533 0.999472 -0.0215167 -2.08805 -0.206017 0.0260787 0.978201 131.743
0.978541 -0.0264177 0.204352 64.4557 0.0271982 0.99963 -0.00101134 -2.1067 -0.20425 0.00654765 0.978897 132.579
0.978825 -0.0303827 0.202433 64.6299 0.0280051 0.999501 0.0145998 -2.13357 -0.202776 -0.00862144 0.979187 133.415
0.979005 -0.0266058 0.202091 64.7923 0.0253083 0.999639 0.00900162 -2.14474 -0.202257 -0.00369805 0.979325 134.248
0.979456 -0.019378 0.200723 64.946 0.0212524 0.999748 -0.00718726 -2.14742 -0.200533 0.0113054 0.979622 135.05
0.979595 -0.0202478 0.19996 65.1057 0.0237724 0.999601 -0.015241 -2.1548 -0.199572 0.0196835 0.979685 135.865
0.97997 -0.0247615 0.1976 65.2748 0.0284573 0.999469 -0.0158854 -2.17897 -0.197102 0.0211904 0.980154 136.673
0.980578 -0.0253981 0.19448 65.4353 0.0287297 0.999485 -0.0143291 -2.20594 -0.194016 0.0196381 0.980802 137.493
0.981265 -0.0260335 0.190896 65.5895 0.029571 0.999439 -0.0157052 -2.22611 -0.19038 0.021056 0.981485 138.306
0.982251 -0.025449 0.185835 65.7446 0.0291999 0.999421 -0.0174745 -2.25248 -0.185283 0.0225907 0.982426 139.121
0.982903 -0.0204376 0.182988 65.8822 0.0240564 0.999556 -0.0175785 -2.28173 -0.182548 0.02168 0.982958 139.933
0.983351 -0.0150289 0.181092 66.0139 0.0186071 0.999663 -0.0180761 -2.30481 -0.180759 0.0211448 0.9833 140.745
0.98379 -0.0139605 0.178781 66.1584 0.0171429 0.999721 -0.0162679 -2.32815 -0.178504 0.019069 0.983754 141.549
0.984008 -0.0158537 0.177417 66.3001 0.0181654 0.99977 -0.0114129 -2.35327 -0.177195 0.0144532 0.98407 142.356
0.9843 -0.0179089 0.175591 66.4401 0.020245 0.999729 -0.0115216 -2.37632 -0.175337 0.0148955 0.984396 143.154
0.984669 -0.0195753 0.173334 66.577 0.0224189 0.999644 -0.0144628 -2.40167 -0.172989 0.0181271 0.984757 143.953
0.985349 -0.025102 0.168694 66.718 0.0286555 0.999415 -0.0186628 -2.42474 -0.168127 0.0232234 0.985492 144.745
0.986345 -0.02871 0.162173 66.8478 0.0323694 0.999276 -0.0199676 -2.44816 -0.161483 0.0249444 0.98656 145.531
0.98739 -0.0306973 0.1553 66.9728 0.0333719 0.999336 -0.0146438 -2.47337 -0.154747 0.0196418 0.987759 146.338
0.988286 -0.0335647 0.148874 67.0822 0.0348835 0.999372 -0.00625549 -2.49874 -0.148571 0.0113755 0.988836 147.13
0.988814 -0.0367482 0.144558 67.2095 0.0366665 0.999322 0.00322985 -2.5181 -0.144579 0.00210672 0.989491 147.954
0.989668 -0.0298675 0.140234 67.3071 0.0293574 0.999553 0.00570501 -2.52756 -0.140342 -0.00152915 0.990102 148.744
0.990332 -0.0273259 0.136001 67.4003 0.0274726 0.999622 0.000798469 -2.53623 -0.135972 0.00294556 0.990708 149.533
0.991281 -0.0273016 0.128909 67.4971 0.0288183 0.999535 -0.00991448 -2.54761 -0.128578 0.013543 0.991607 150.311
0.991922 -0.0309707 0.123011 67.5883 0.0331436 0.999328 -0.0156563 -2.55699 -0.122444 0.0196069 0.992282 151.11
0.992688 -0.0319863 0.116392 67.6748 0.0339547 0.999311 -0.0149676 -2.57201 -0.115833 0.0188102 0.993091 151.92
0.993769 -0.0259888 0.108384 67.7474 0.0274492 0.999551 -0.0120039 -2.59407 -0.108024 0.0149042 0.994037 152.738
0.994682 -0.0211657 0.100791 67.8083 0.0226907 0.999644 -0.0140075 -2.6176 -0.100458 0.01622 0.994809 153.559
0.995685 -0.0181518 0.0910089 67.8698 0.0200923 0.999589 -0.0204516 -2.63333 -0.0906002 0.022192 0.99564 154.36
0.996386 -0.0200489 0.0825355 67.9331 0.0220433 0.999485 -0.023324 -2.65606 -0.0820254 0.0250591 0.996315 155.186
0.99703 -0.020439 0.0742529 67.9899 0.0220611 0.999534 -0.0210914 -2.67689 -0.0737872 0.0226669 0.997016 156.019
0.99766 -0.0183344 0.0658604 68.0394 0.0193261 0.999709 -0.0144513 -2.70158 -0.0655763 0.0156903 0.997724 156.853
0.998248 -0.0147415 0.0573052 68.0759 0.0152926 0.999841 -0.00919098 -2.72212 -0.0571606 0.0100512 0.998314 157.681
0.998649 -0.0157222 0.0495341 68.1117 0.0160669 0.999849 -0.0065694 -2.73579 -0.0494234 0.00735638 0.998751 158.511
0.998954 -0.0152217 0.0431186 68.1388 0.0154434 0.999869 -0.00481284 -2.75278 -0.0430397 0.0054737 0.999058 159.333
0.999104 -0.0164312 0.0389969 68.1666 0.0167138 0.999836 -0.00693232 -2.76929 -0.0388766 0.0075779 0.999215 160.159
0.999325 -0.0118186 0.0347729 68.1824 0.0122667 0.999844 -0.0127008 -2.78829 -0.0346173 0.0131188 0.999315 160.978
0.9995 -0.00564721 0.0311171 68.192 0.00625703 0.99979 -0.019535 -2.81284 -0.0310002 0.01972 0.999325 161.796
0.999596 -0.00436706 0.0280702 68.2051 0.0049955 0.999738 -0.0223571 -2.83143 -0.0279652 0.0224883 0.999356 162.616
0.999698 -0.00285983 0.0244256 68.2209 0.00326297 0.999859 -0.0164808 -2.85186 -0.024375 0.0165555 0.999566 163.448
0.999761 -0.000754817 0.0218449 68.231 0.000882655 0.999983 -0.00584306 -2.87606 -0.0218401 0.00586095 0.999744 164.278
0.999832 0.000478196 0.0183384 68.2347 -0.000497392 0.999999 0.00104224 -2.89057 -0.0183379 -0.00105118 0.999831 165.118
0.999904 -0.00331162 0.0134229 68.2441 0.00334435 0.999991 -0.00241651 -2.91011 -0.0134148 0.00246117 0.999907 165.929
0.999837 -0.015979 0.00836544 68.2567 0.0160797 0.999797 -0.0121078 -2.9318 -0.00817028 0.0122403 0.999892 166.743
0.999832 -0.0182764 0.00139966 68.2609 0.0182974 0.99969 -0.0168714 -2.9451 -0.00109088 0.0168942 0.999857 167.556
0.999872 -0.0149722 -0.00556124 68.2432 0.0148823 0.999764 -0.0158561 -2.96575 0.00579733 0.0157714 0.999859 168.391
0.999769 -0.0168529 -0.0133547 68.2263 0.0167156 0.999807 -0.0103245 -2.99032 0.0135261 0.0100988 0.999858 169.233
0.999521 -0.0225509 -0.021182 68.211 0.0224013 0.999723 -0.00727666 -3.00692 0.0213403 0.00679867 0.999749 170.065
0.999125 -0.0317837 -0.0271879 68.1945 0.031707 0.999492 -0.00325062 -3.02051 0.0272774 0.00238573 0.999625 170.899
0.998811 -0.0356292 -0.0332862 68.1605 0.0355236 0.999362 -0.00375933 -3.03493 0.0333989 0.00257241 0.999439 171.745
0.998417 -0.0399976 -0.0395392 68.1326 0.0395893 0.999155 -0.011054 -3.05055 0.0399479 0.00947115 0.999157 172.57
0.997697 -0.0492518 -0.0466275 68.1018 0.0483065 0.998608 -0.0211889 -3.07344 0.0476062 0.0188877 0.998688 173.389
0.99685 -0.0593192 -0.052642 68.0699 0.0580352 0.997986 -0.0255952 -3.09133 0.0540543 0.0224595 0.998285 174.223
0.99662 -0.0562022 -0.059916 68.0197 0.0551577 0.998298 -0.0189477 -3.1063 0.0608789 0.0155788 0.998024 175.051
0.996813 -0.045369 -0.0656187 67.9408 0.0450649 0.998965 -0.00610778 -3.13048 0.0658279 0.00313121 0.997826 175.896
0.996651 -0.0406952 -0.0709243 67.8707 0.040902 0.999162 0.00146531 -3.1555 0.0708053 -0.00436136 0.997481 176.742
0.99638 -0.0414245 -0.0742331 67.7982 0.0414165 0.999141 -0.00164749 -3.17179 0.0742375 -0.00143295 0.99724 177.577
0.996333 -0.0401727 -0.0755386 67.7266 0.0393291 0.999147 -0.0126227 -3.18459 0.0759813 0.00960559 0.997063 178.418
0.996515 -0.0301035 -0.0777966 67.6372 0.0284735 0.999353 -0.0219762 -3.20447 0.0784078 0.0196845 0.996727 179.25
0.996265 -0.0325003 -0.0800012 67.5653 0.0305081 0.999196 -0.0259999 -3.22439 0.0807819 0.0234621 0.996456 180.09
0.99582 -0.0380892 -0.0830193 67.5066 0.0364407 0.999109 -0.0212824 -3.24683 0.0837559 0.0181682 0.996321 180.947
0.995799 -0.0380829 -0.0832735 67.4299 0.0371723 0.999231 -0.0124578 -3.26878 0.0836839 0.00931001 0.996449 181.813
0.995817 -0.0364592 -0.083786 67.3566 0.0360148 0.999328 -0.00680913 -3.29339 0.0839779 0.00376311 0.996461 182.667
0.995656 -0.0368644 -0.0854976 67.2796 0.0363472 0.99931 -0.00759864 -3.31596 0.0857188 0.00445803 0.996309 183.521
0.99539 -0.0404169 -0.0869772 67.2055 0.0391052 0.999095 -0.0167324 -3.33742 0.0875747 0.013254 0.99607 184.357
0.994712 -0.0519648 -0.08859 67.1426 0.0496078 0.998359 -0.028604 -3.35986 0.0899311 0.024058 0.995657 185.209
0.993949 -0.0626571 -0.0902163 67.0749 0.0599257 0.997668 -0.0326765 -3.38698 0.0920533 0.0270725 0.995386 186.064
0.994062 -0.0595491 -0.0910715 66.985 0.0572273 0.997971 -0.0278992 -3.42229 0.0925481 0.0225218 0.995453 186.918
0.994209 -0.0538093 -0.0930191 66.8972 0.0524234 0.998475 -0.017281 -3.45445 0.0938072 0.0123046 0.995514 187.772
0.994015 -0.0533092 -0.0953509 66.8171 0.0522372 0.998541 -0.0137048 -3.48837 0.0959424 0.00864187 0.995349 188.614
0.993846 -0.055209 -0.096027 66.7349 0.0537632 0.998399 -0.0175809 -3.51773 0.0968439 0.01231 0.995223 189.458
0.993859 -0.0557721 -0.0955715 66.6523 0.0537356 0.998273 -0.0237528 -3.54541 0.0967311 0.0184714 0.995139 190.302
0.994151 -0.049384 -0.0960513 66.5599 0.0472727 0.99859 -0.0241356 -3.5735 0.0971078 0.0194538 0.995084 191.135
0.994252 -0.0465994 -0.0963871 66.4675 0.0447447 0.998771 -0.0213162 -3.60229 0.0972619 0.0168809 0.995116 191.972
0.994328 -0.0429292 -0.0973094 66.3771 0.0413371 0.998977 -0.0183194 -3.63201 0.0979963 0.014193 0.995086 192.809
0.994473 -0.0392189 -0.0973913 66.2862 0.0378685 0.99916 -0.0156772 -3.6587 0.0979243 0.0119025 0.995123 193.646
0.994484 -0.0369806 -0.0981483 66.1962 0.0355834 0.999239 -0.0159494 -3.68702 0.0986634 0.012369 0.995044 194.464
0.994329 -0.0400094 -0.0985345 66.1152 0.0382565 0.999075 -0.0196154 -3.71834 0.0992282 0.0157346 0.99494 195.289
0.994393 -0.0375169 -0.0988656 66.0218 0.0351824 0.999062 -0.0252518 -3.74225 0.0997202 0.0216319 0.99478 196.098
0.994278 -0.0367679 -0.100296 65.9344 0.0344195 0.999094 -0.0250454 -3.76578 0.101126 0.0214499 0.994642 196.907
