0.999995 -0.0025616 -0.00158292 -0.00300449 0.00256686 0.999991 0.00333196 -0.0249039 0.00157437 -0.00333601 0.999993 1.53135
0.999988 -0.00366498 -0.00325754 -0.00966512 0.00367848 0.999985 0.00414724 -0.0363933 0.00324229 -0.00415917 0.999986 3.04536
0.999986 -0.00253991 -0.00454893 -0.0272625 0.00255726 0.999989 0.00381309 -0.0481169 0.0045392 -0.00382467 0.999982 4.57362
0.999977 -0.00257261 -0.0062257 -0.0435756 0.00259564 0.99999 0.00369336 -0.0611587 0.00621614 -0.00370943 0.999974 6.07245
0.999969 -0.0024028 -0.00751682 -0.0640537 0.00243257 0.999989 0.00395294 -0.075184 0.00750724 -0.0039711 0.999964 7.58688
0.999953 -0.00304114 -0.00916583 -0.0828905 0.0030807 0.999986 0.0043053 -0.0900812 0.00915261 -0.00433334 0.999949 9.0954
0.999929 -0.00496209 -0.0108639 -0.100668 0.00500398 0.99998 0.00383158 -0.108935 0.0108447 -0.00388567 0.999934 10.597
0.999906 -0.00614965 -0.0122228 -0.121692 0.00619889 0.999973 0.00399481 -0.124531 0.0121979 -0.00407021 0.999917 12.0983
0.999886 -0.00657069 -0.0135757 -0.143675 0.00662602 0.99997 0.0040348 -0.139874 0.0135488 -0.00412429 0.9999 13.5973
0.999869 -0.00672027 -0.0147537 -0.178588 0.00678494 0.999968 0.00433809 -0.160533 0.014724 -0.00443762 0.999882 15.1004
0.999871 -0.00549815 -0.0150755 -0.214932 0.00557454 0.999972 0.0050301 -0.182837 0.0150474 -0.00511349 0.999874 16.6006
0.99987 -0.00423802 -0.0155538 -0.24999 0.00432476 0.999975 0.00554758 -0.190892 0.0155299 -0.00561412 0.999864 18.0796
0.999862 -0.00320948 -0.0162857 -0.277625 0.0033158 0.999973 0.00650506 -0.197281 0.0162644 -0.00655817 0.999846 19.571
0.999853 -0.00352173 -0.0167621 -0.305169 0.0036308 0.999972 0.00648078 -0.211742 0.0167389 -0.00654068 0.999839 21.0493
0.999844 -0.00326723 -0.0173651 -0.334662 0.00338378 0.999972 0.00668672 -0.223478 0.0173428 -0.00674443 0.999827 22.5252
0.999841 -0.00301567 -0.0175705 -0.367473 0.00314762 0.999967 0.00748651 -0.235184 0.0175474 -0.00754063 0.999818 23.991
0.999845 -0.00216852 -0.0174495 -0.409396 0.00232228 0.999959 0.00879642 -0.251246 0.0174297 -0.00883558 0.999809 25.4235
0.999842 -0.00254413 -0.0175853 -0.434485 0.00267596 0.999968 0.00747698 -0.262674 0.0175657 -0.00752286 0.999817 26.8573
0.999842 -0.00245018 -0.0175958 -0.47214 0.00254758 0.999982 0.00551512 -0.273965 0.0175819 -0.00555908 0.99983 28.3054
0.999842 -0.00422387 -0.0172464 -0.497319 0.00431949 0.999975 0.00551069 -0.288254 0.0172227 -0.00558432 0.999836 29.7466
0.999837 -0.00530205 -0.0172526 -0.52488 0.00544267 0.999952 0.0081139 -0.2932 0.0172088 -0.00820648 0.999818 31.2263
0.999829 -0.00713094 -0.017073 -0.55639 0.00729244 0.999929 0.00941583 -0.300661 0.0170046 -0.00953872 0.99981 32.6157
0.999821 -0.00820409 -0.0170315 -0.581471 0.00835466 0.999926 0.0087879 -0.312115 0.0169582 -0.00892862 0.999816 34.0167
0.999831 -0.00813354 -0.0165046 -0.610614 0.00824959 0.999942 0.0069753 -0.325181 0.0164469 -0.00711027 0.999839 35.424
0.999845 -0.00722422 -0.0160822 -0.641414 0.00732738 0.999953 0.0063646 -0.336386 0.0160354 -0.00648145 0.99985 36.7888
0.999859 -0.00711584 -0.0152073 -0.675633 0.00719641 0.99996 0.00525012 -0.348758 0.0151694 -0.00535882 0.999871 38.1518
0.999883 -0.00670052 -0.0137225 -0.709841 0.00678876 0.999957 0.00639365 -0.362885 0.0136791 -0.00648606 0.999885 39.5196
0.999902 -0.00628942 -0.0124789 -0.727463 0.00639641 0.999943 0.00855236 -0.376482 0.0124244 -0.00863134 0.999886 40.8631
0.999911 -0.00753475 -0.0109801 -0.746186 0.00764346 0.999922 0.00989204 -0.394908 0.0109047 -0.00997509 0.999891 42.1893
0.999935 -0.00737295 -0.00873181 -0.770153 0.00746795 0.999913 0.0108979 -0.412296 0.0086507 -0.0109624 0.999902 43.4947
0.999949 -0.00839669 -0.00559162 -0.779792 0.00845451 0.99991 0.0103977 -0.422409 0.00550381 -0.0104444 0.99993 44.7627
0.999956 -0.00918268 -0.00188211 -0.787652 0.00919855 0.999921 0.00860349 -0.4326 0.00180296 -0.00862042 0.999961 46.0058
0.999955 -0.00924978 0.00186173 -0.803615 0.00923722 0.999935 0.00664199 -0.435277 -0.00192305 -0.00662449 0.999976 47.2678
0.999943 -0.00883219 0.00600369 -0.803442 0.00878726 0.999934 0.00746848 -0.447347 -0.00606926 -0.00741529 0.999954 48.489
0.999896 -0.00854161 0.0116581 -0.802717 0.00845579 0.999937 0.00739088 -0.458323 -0.0117204 -0.00729153 0.999905 49.7036
0.999813 -0.00726936 0.0179251 -0.784886 0.00715535 0.999954 0.00641669 -0.47035 -0.0179709 -0.00628723 0.999819 50.8931
0.999659 -0.0053571 0.0255673 -0.769344 0.00519194 0.999965 0.00652161 -0.478654 -0.0256013 -0.00638664 0.999652 52.1145
0.999413 -0.00501715 0.033877 -0.735182 0.0047558 0.999958 0.00779073 -0.492653 -0.0339147 -0.00762504 0.999396 53.3107
0.999025 -0.00304579 0.0440421 -0.689152 0.00266696 0.999959 0.00865776 -0.509826 -0.0440667 -0.00853187 0.998992 54.513
0.998381 -0.00145905 0.0568665 -0.635156 0.000967869 0.999962 0.00866396 -0.523008 -0.056877 -0.00859489 0.998344 55.6744
0.997449 0.000963738 0.0713817 -0.558757 -0.00163046 0.999956 0.00928251 -0.531555 -0.0713696 -0.00937521 0.997406 56.8293
0.996164 0.00257206 0.0874656 -0.467642 -0.00351965 0.999937 0.0106813 -0.543351 -0.0874326 -0.0109482 0.99611 57.9667
0.994465 0.00278925 0.105031 -0.358561 -0.00403538 0.999924 0.0116537 -0.547403 -0.104991 -0.012013 0.994401 59.0931
