0.999991 -0.0025724 -0.00332782 -0.00254222 0.00256552 0.999995 -0.0020706 -0.00408621 0.00333313 0.00206205 0.999992 0.676066
0.999972 -0.00128465 -0.00731579 -0.0141594 0.00125857 0.999993 -0.00356849 -0.00564507 0.00732032 0.00355918 0.999967 1.37231
0.999935 -0.00145259 -0.0112981 -0.0265926 0.00139884 0.999988 -0.00476428 -0.0127643 0.0113049 0.00474817 0.999925 2.08954
0.999868 -0.000353985 -0.0162574 -0.041717 0.00026917 0.999986 -0.00521891 -0.0197025 0.016259 0.00521385 0.999854 2.82441
0.999785 -0.00159858 -0.0206977 -0.0597325 0.00149074 0.999985 -0.00522468 -0.0309257 0.0207057 0.00519269 0.999772 3.57017
0.999685 -0.000131489 -0.0251113 -0.0881082 -3.13984e-05 0.999979 -0.00648612 -0.0377986 0.0251116 0.00648487 0.999664 4.33492
0.999544 0.0026028 -0.0300687 -0.118979 -0.00281492 0.999971 -0.0070143 -0.04667 0.0300496 0.00709575 0.999523 5.11723
0.999404 0.00281198 -0.0344102 -0.151313 -0.00300217 0.99998 -0.00547662 -0.0525714 0.0343942 0.00557666 0.999393 5.90787
0.999241 0.00218901 -0.0388878 -0.186014 -0.00230001 0.999993 -0.00281009 -0.0598584 0.0388814 0.0028974 0.99924 6.71164
0.999099 0.00190103 -0.0423954 -0.22285 -0.00190261 0.999998 3.15912e-06 -0.0704507 0.0423953 7.75056e-05 0.999101 7.5272
0.998979 0.003134 -0.0450682 -0.265936 -0.00316031 0.999995 -0.000512482 -0.0797324 0.0450663 0.000654388 0.998984 8.34762
0.998873 0.00225053 -0.0474191 -0.306405 -0.00227652 0.999997 -0.000493925 -0.0887077 0.0474178 0.000601318 0.998875 9.17205
0.99879 -0.00101431 -0.0491608 -0.346623 0.000967588 0.999999 -0.0009742 -0.0941242 0.0491617 0.000925454 0.99879 10.0083
0.998674 -0.00130434 -0.0514544 -0.388984 0.00130565 0.999999 -8.26775e-06 -0.101671 0.0514543 -5.89245e-05 0.998675 10.8525
0.998593 -0.00283378 -0.0529573 -0.435151 0.00282997 0.999996 -0.000147048 -0.111026 0.0529575 -3.02637e-06 0.998597 11.7079
0.998499 -0.000399294 -0.0547689 -0.487857 0.000276802 0.999997 -0.00224409 -0.121696 0.0547697 0.00222556 0.998497 12.5708
0.998423 -3.58379e-06 -0.0561471 -0.543348 -0.000271497 0.999988 -0.00489165 -0.131283 0.0561464 0.00489918 0.998411 13.4391
0.998314 0.00369123 -0.0579304 -0.601739 -0.00406762 0.999971 -0.00638065 -0.14142 0.0579052 0.00660553 0.9983 14.3204
0.998253 0.00434436 -0.0589233 -0.658795 -0.00469492 0.999972 -0.00581243 -0.154266 0.0588964 0.00607892 0.998246 15.2135
0.998177 0.0033963 -0.0602646 -0.71656 -0.00364609 0.999985 -0.00403538 -0.169988 0.06025 0.00424775 0.998174 16.1029
0.998086 0.00402857 -0.0617085 -0.777252 -0.00417898 0.999989 -0.00230866 -0.183283 0.0616985 0.00256212 0.998092 17.0042
0.998029 0.00356631 -0.0626486 -0.837216 -0.00369324 0.999991 -0.00191035 -0.196956 0.0626412 0.00213796 0.998034 17.9107
0.997919 0.00350591 -0.0643776 -0.897681 -0.0036873 0.99999 -0.002699 -0.20722 0.0643675 0.00293076 0.997922 18.816
0.99785 0.00175139 -0.0655087 -0.959718 -0.00197041 0.999993 -0.00327886 -0.220655 0.0655024 0.00340089 0.997847 19.7301
0.99782 0.00184363 -0.0659668 -1.02385 -0.00194398 0.999997 -0.00145694 -0.229507 0.0659639 0.001582 0.997821 20.6634
0.997813 0.00303431 -0.0660364 -1.08956 -0.00290033 0.999994 0.0021246 -0.240235 0.0660424 -0.00192843 0.997815 21.5923
0.997866 0.00412283 -0.0651623 -1.15702 -0.00374726 0.999976 0.00588471 -0.247078 0.065185 -0.00562798 0.997857 22.531
0.997968 0.00273234 -0.0636621 -1.21896 -0.00217214 0.999958 0.00886719 -0.251197 0.0636836 -0.00871089 0.997932 23.4794
0.99806 0.00267467 -0.0622066 -1.27892 -0.00206661 0.999949 0.00983718 -0.255721 0.0622297 -0.00968953 0.998015 24.4202
0.998147 0.00276801 -0.0607776 -1.33928 -0.00233547 0.999971 0.00718674 -0.25951 0.0607958 -0.00703148 0.998125 25.3711
0.998198 0.0035462 -0.059907 -1.39955 -0.00339993 0.999991 0.00254336 -0.263501 0.0599154 -0.0023351 0.998201 26.3184
0.998264 0.00238524 -0.0588556 -1.45521 -0.00240926 0.999997 -0.000337169 -0.268349 0.0588547 0.000478382 0.998266 27.2748
0.998306 -0.000249711 -0.0581733 -1.511 0.000298853 1 0.000836047 -0.277478 0.058173 -0.000852016 0.998306 28.2389
0.998284 -0.00233807 -0.0585038 -1.56778 0.00268107 0.99998 0.00578509 -0.283 0.0584891 -0.00593202 0.99827 29.2115
0.998222 -0.00611433 -0.0592855 -1.62523 0.00667365 0.999935 0.00924083 -0.287736 0.0592252 -0.00962005 0.998198 30.1952
0.998061 -0.0137461 -0.0607098 -1.67106 0.0142933 0.999861 0.00858681 -0.290633 0.0605833 -0.00943789 0.998119 31.1747
0.997926 -0.0160392 -0.0623401 -1.72616 0.0163659 0.999855 0.00473454 -0.292918 0.0622551 -0.00574497 0.998044 32.1578
0.997848 -0.016077 -0.0635617 -1.79264 0.0161628 0.999869 0.000835976 -0.297936 0.06354 -0.00186151 0.997978 33.1431
0.99772 -0.0148091 -0.0658491 -1.86177 0.0148578 0.99989 0.000249726 -0.306685 0.0658381 -0.00122753 0.99783 34.1314
0.99767 -0.0150961 -0.0665368 -1.92887 0.0152439 0.999882 0.00171359 -0.315922 0.0665031 -0.00272387 0.997783 35.1357
0.99761 -0.0118647 -0.0680738 -2.00215 0.0122042 0.999915 0.0045743 -0.323783 0.0680137 -0.00539415 0.99767 36.1306
0.997542 -0.0121378 -0.0690119 -2.07785 0.0125833 0.999903 0.00602504 -0.33213 0.0689321 -0.00687863 0.997598 37.1377
0.997463 -0.0114261 -0.0702585 -2.15047 0.0120711 0.999889 0.00876158 -0.337679 0.0701506 -0.00958745 0.99749 38.1311
0.997482 -0.0117699 -0.0699325 -2.22508 0.0126248 0.999851 0.0117954 -0.341382 0.0697832 -0.0126486 0.997482 39.1324
0.997464 -0.00671792 -0.0708572 -2.30393 0.00773908 0.99987 0.0141469 -0.342443 0.070753 -0.0146594 0.997386 40.1246
0.997441 -0.0075172 -0.0710974 -2.37884 0.00850701 0.999871 0.0136293 -0.339989 0.0709858 -0.0141992 0.997376 41.1272
0.99744 -0.00776428 -0.0710791 -2.45018 0.00863567 0.999891 0.0119603 -0.340569 0.0709785 -0.0125435 0.997399 42.1257
0.997447 -0.00602187 -0.071154 -2.52923 0.00673661 0.999929 0.00980923 -0.341992 0.0710899 -0.0102635 0.997417 43.1192
0.997389 -0.00629506 -0.0719439 -2.60557 0.00701102 0.999928 0.00970346 -0.343396 0.0718777 -0.0101825 0.997361 44.1204
0.99726 -0.00851567 -0.0734878 -2.67423 0.00934675 0.999896 0.0109727 -0.345543 0.0733867 -0.0116295 0.997236 45.1046
0.997204 -0.00815705 -0.0742801 -2.75026 0.00908559 0.999885 0.0121712 -0.350017 0.0741722 -0.0128121 0.997163 46.1003
0.997198 -0.00612417 -0.0745559 -2.82649 0.00679024 0.999939 0.00868355 -0.356926 0.0744982 -0.00916547 0.997179 47.0816
0.997135 -0.00591358 -0.0754161 -2.90631 0.00628125 0.99997 0.00463891 -0.362325 0.0753864 -0.00509932 0.997141 48.0474
0.997091 -0.00526835 -0.0760404 -2.98732 0.00556627 0.999978 0.00370654 -0.371153 0.0760191 -0.00411902 0.997098 49.018
0.997066 -0.00666634 -0.0762494 -3.06378 0.0072389 0.999948 0.00723499 -0.379822 0.0761972 -0.00776573 0.997063 49.997
0.997047 -0.00859848 -0.0763097 -3.14029 0.00942666 0.9999 0.0104993 -0.388343 0.0762118 -0.0111876 0.997029 50.9739
0.997008 -0.0106203 -0.0765665 -3.2154 0.0115113 0.999871 0.0112044 -0.392461 0.0764377 -0.0120522 0.997002 51.9356
0.996942 -0.01398 -0.0768901 -3.28557 0.0148045 0.999839 0.0101638 -0.398551 0.0767356 -0.011271 0.996988 52.8929
0.996874 -0.0169044 -0.0771729 -3.36228 0.0176366 0.999806 0.00881636 -0.398664 0.0770089 -0.0101499 0.996979 53.8523
0.996759 -0.0184715 -0.0783014 -3.43698 0.0193253 0.999762 0.0101599 -0.402158 0.0780951 -0.0116402 0.996878 54.8071
0.99657 -0.0219778 -0.0797804 -3.50658 0.0231943 0.999628 0.0143536 -0.404302 0.0794352 -0.0161548 0.996709 55.7623
0.996486 -0.0229373 -0.0805516 -3.58189 0.0245797 0.999509 0.0194574 -0.404087 0.0800657 -0.021369 0.996561 56.7144
0.996461 -0.0215433 -0.0812526 -3.66269 0.0233788 0.999491 0.0217071 -0.399814 0.0807436 -0.0235298 0.996457 57.669
0.996377 -0.0204511 -0.0825552 -3.74534 0.0219929 0.999599 0.01781 -0.399504 0.0821579 -0.0195611 0.996427 58.6096
0.996298 -0.0190696 -0.0838271 -3.82732 0.0199661 0.999752 0.00986943 -0.394545 0.0836181 -0.0115066 0.996431 59.5335
0.996253 -0.0176719 -0.0846577 -3.91063 0.018178 0.999821 0.00521065 -0.397695 0.0845505 -0.00673004 0.996396 60.4431
0.996246 -0.0128853 -0.0856039 -4.0004 0.0134579 0.999891 0.00611535 -0.403302 0.0855158 -0.00724444 0.99631 61.3542
0.996158 -0.00998904 -0.0869981 -4.08494 0.0107728 0.999905 0.00854395 -0.415481 0.0869046 -0.00944834 0.996172 62.2454
0.99609 -0.00766021 -0.0880069 -4.16908 0.00860219 0.99991 0.0103292 -0.425636 0.0879199 -0.0110459 0.996066 63.1427
0.996001 -0.00703817 -0.0890621 -4.25132 0.00797615 0.999916 0.0101802 -0.430992 0.088983 -0.0108498 0.995974 64.0064
0.995855 -0.00546892 -0.0907919 -4.33246 0.0065001 0.999918 0.0110658 -0.436843 0.0907239 -0.0116101 0.995808 64.8603
0.995739 -0.00467186 -0.0920982 -4.4159 0.00576916 0.999915 0.0116518 -0.442863 0.092036 -0.0121335 0.995682 65.7046
0.995604 -0.00496185 -0.0935326 -4.49438 0.00612256 0.999908 0.0121267 -0.448129 0.0934638 -0.0126461 0.995542 66.5316
0.995498 -0.00508229 -0.0946484 -4.57674 0.00637143 0.999891 0.0133231 -0.45303 0.0945704 -0.0138661 0.995422 67.3448
0.995373 -0.00256479 -0.096057 -4.66039 0.0041257 0.999863 0.0160547 -0.455132 0.0960026 -0.0163767 0.995246 68.1401
0.995238 -0.00136734 -0.0974683 -4.74451 0.00335165 0.99979 0.0201978 -0.456291 0.0974202 -0.0204283 0.995034 68.9334
0.995068 0.00150987 -0.0991842 -4.82838 0.000667571 0.99976 0.0219166 -0.456424 0.0991935 -0.0218748 0.994828 69.7096
0.994934 0.00374069 -0.100457 -4.91227 -0.00195484 0.999838 0.0178698 -0.458024 0.100507 -0.0175829 0.994781 70.4612
0.994798 0.00322495 -0.101817 -4.98792 -0.00215857 0.999942 0.010582 -0.462512 0.101845 -0.0103072 0.994747 71.1861
0.994644 0.00183281 -0.103347 -5.06338 -0.00133944 0.999987 0.00484313 -0.465575 0.103355 -0.00467876 0.994634 71.8968
0.994609 0.00229954 -0.103675 -5.14221 -0.00193847 0.999992 0.00358333 -0.465095 0.103683 -0.00336304 0.994605 72.5962
0.994507 0.00486705 -0.104561 -5.22047 -0.00412612 0.999965 0.00730119 -0.476331 0.104593 -0.00682965 0.994492 73.2663
0.994362 0.00495968 -0.105919 -5.295 -0.00393915 0.999944 0.00984205 -0.491723 0.105962 -0.00936934 0.994326 73.9218
0.994274 0.00161484 -0.106848 -5.36165 -0.000911628 0.999978 0.00662995 -0.501111 0.106856 -0.00649458 0.994253 74.5587
0.994256 -0.00676383 -0.106819 -5.417 0.00696884 0.999975 0.00154609 -0.508375 0.106805 -0.00228161 0.994277 75.1723
0.994331 -0.01096 -0.10576 -5.47563 0.0106759 0.999938 -0.00325165 -0.513425 0.105789 0.00210413 0.994386 75.7756
0.994679 -0.0086492 -0.102658 -5.54099 0.00835205 0.99996 -0.00332401 -0.522348 0.102682 0.00244892 0.994711 76.3575
0.995118 -0.00392198 -0.0986137 -5.60734 0.00392419 0.999992 -0.000171587 -0.531038 0.0986136 -0.00021623 0.995126 76.9278
0.995553 -0.0054957 -0.0940464 -5.65788 0.00581304 0.999978 0.00310062 -0.53934 0.0940273 -0.00363352 0.995563 77.4887
0.996043 -0.00935229 -0.0883758 -5.69573 0.0100518 0.999922 0.00747388 -0.547275 0.088299 -0.00833265 0.996059 78.0333
0.996659 -0.0139888 -0.0804723 -5.72536 0.0149389 0.999825 0.011217 -0.557642 0.0803014 -0.0123816 0.996694 78.5626
0.997515 -0.0105016 -0.0696685 -5.76293 0.0113103 0.999873 0.0112236 -0.560833 0.0695418 -0.0119837 0.997507 79.0764
0.998494 -0.00537356 -0.0545903 -5.79409 0.00598529 0.999921 0.0110484 -0.564427 0.0545266 -0.0113585 0.998448 79.5799
0.999329 -0.000383334 -0.0366257 -5.81093 0.000818002 0.999929 0.0118536 -0.564919 0.0366186 -0.0118756 0.999259 80.0736
0.999889 -0.00251172 -0.0147152 -5.80338 0.00270017 0.999914 0.012801 -0.566986 0.0146818 -0.0128393 0.99981 80.5585
0.999914 -0.00622674 0.0115048 -5.77686 0.00606103 0.999878 0.0143828 -0.570801 -0.0115929 -0.0143118 0.99983 81.0286
0.999131 -0.00774693 0.0409655 -5.73718 0.00707664 0.999839 0.016482 -0.573605 -0.0410866 -0.0161777 0.999025 81.4875
0.997236 -0.00856203 0.0738101 -5.68141 0.00721175 0.999802 0.0185411 -0.576575 -0.0739542 -0.0179576 0.9971 81.9371
0.993757 -0.00904036 0.111199 -5.60749 0.0068739 0.999779 0.0198508 -0.578864 -0.111354 -0.0189625 0.9936 82.3801
0.988239 -0.00923751 0.152638 -5.51458 0.00615421 0.999768 0.0206602 -0.5782 -0.152793 -0.0194779 0.988066 82.8135
0.980228 -0.0098576 0.197624 -5.39987 0.00572316 0.999753 0.021481 -0.578051 -0.197786 -0.0199253 0.980043 83.2363
0.969076 -0.00782943 0.246638 -5.26827 0.0028908 0.999788 0.0203795 -0.58195 -0.246746 -0.0190363 0.968893 83.6421
0.953973 -0.00695351 0.299811 -5.11434 0.00150456 0.99983 0.0184016 -0.583843 -0.299888 -0.0171036 0.953821 84.0305
0.934673 -0.00665551 0.355448 -4.93243 0.000641355 0.999855 0.0170351 -0.582439 -0.355509 -0.0156943 0.934541 84.4039
0.910982 -0.00626536 0.412398 -4.72957 -0.000281337 0.999875 0.0158121 -0.578471 -0.412446 -0.0145205 0.910866 84.7567
0.882443 -0.00597258 0.470381 -4.51001 -0.000977903 0.999894 0.0145306 -0.575761 -0.470417 -0.0132824 0.882344 85.0873
0.849423 -0.00719572 0.527664 -4.26895 0.000343511 0.999914 0.0130828 -0.575676 -0.527713 -0.0109316 0.849353 85.3938
0.813037 -0.00747146 0.582164 -4.01094 0.000202961 0.999921 0.0125495 -0.578292 -0.582212 -0.010085 0.812974 85.68
0.773664 -0.00878914 0.633535 -3.73482 -0.000240911 0.9999 0.014166 -0.581375 -0.633596 -0.0111123 0.773584 85.9501
0.731431 -0.00923056 0.681853 -3.44419 -0.00283722 0.999859 0.0165791 -0.580057 -0.681909 -0.014061 0.731301 86.2033
0.68658 -0.0103378 0.726981 -3.1395 -0.00302105 0.99985 0.0170712 -0.57684 -0.727048 -0.013917 0.686445 86.4342
0.64054 -0.011886 0.767833 -2.82244 -0.000621037 0.999872 0.015996 -0.575714 -0.767924 -0.0107229 0.640451 86.6376
0.594055 -0.0147218 0.80429 -2.49134 0.00393354 0.999874 0.0153964 -0.576679 -0.804415 -0.00598263 0.594038 86.8197
0.547717 -0.0127642 0.836567 -2.15855 0.000977153 0.999893 0.0146165 -0.578409 -0.836663 -0.00718823 0.54767 86.9928
0.500657 -0.00999533 0.865588 -1.82517 -0.00383158 0.999898 0.0137625 -0.580547 -0.865637 -0.0102068 0.500568 87.1538
0.455391 -0.00800629 0.890256 -1.48175 -0.00562592 0.999914 0.0118703 -0.582548 -0.890274 -0.0104141 0.455306 87.2953
0.413149 -0.0108598 0.910599 -1.12891 0.000869066 0.999933 0.0115309 -0.58201 -0.910663 -0.00397261 0.413131 87.4083
0.373451 -0.0186301 0.927463 -0.760115 0.0148612 0.99979 0.0140989 -0.578416 -0.927531 0.008518 0.373649 87.5008
0.338314 -0.0224715 0.940765 -0.394106 0.0181637 0.999685 0.017347 -0.575158 -0.940858 0.0112191 0.338615 87.5925
0.30536 -0.0185664 0.952056 -0.0282724 0.0150707 0.999779 0.0146633 -0.574136 -0.952118 0.00987052 0.305573 87.6906
0.274529 -0.0107781 0.961518 0.337423 0.00329734 0.999942 0.0102673 -0.579891 -0.961573 0.000351773 0.274549 87.794
0.246353 -0.00658912 0.969158 0.717545 -0.00193662 0.999972 0.00729089 -0.589645 -0.969178 -0.00367303 0.246333 87.8824
0.220891 -0.00519099 0.975285 1.10943 -0.00076174 0.999985 0.00549498 -0.596694 -0.975298 -0.0019567 0.220883 87.9496
0.197617 -0.00395099 0.980271 1.5146 0.00673133 0.999974 0.00267341 -0.596225 -0.980256 0.00607021 0.197639 88.0032
0.17748 0.00208076 0.984122 1.92712 0.0134984 0.999899 -0.00454845 -0.588078 -0.984032 0.0140913 0.177434 88.0505
0.157712 0.00870968 0.987447 2.34811 0.0155715 0.999815 -0.0113058 -0.578846 -0.987362 0.0171591 0.157547 88.1047
0.140178 0.00938001 0.990082 2.7839 0.0128117 0.999854 -0.0112865 -0.583346 -0.990043 0.0142668 0.140037 88.1616
0.124841 0.00491403 0.992165 3.23978 0.0106633 0.999923 -0.00629418 -0.596844 -0.99212 0.0113655 0.124779 88.2147
0.110455 0.00147901 0.99388 3.70922 0.0107634 0.999938 -0.00268422 -0.608527 -0.993823 0.010994 0.110432 88.2579
0.0971405 -0.00124034 0.99527 4.19139 0.0128178 0.999918 -4.91021e-06 -0.616506 -0.995188 0.0127576 0.0971484 88.2947
0.085445 -0.00225542 0.99634 4.68848 0.0165974 0.999862 0.000840014 -0.6206 -0.996205 0.0164649 0.0854706 88.3252
0.0751619 -0.00179926 0.99717 5.19843 0.0195534 0.999809 0.000330179 -0.62401 -0.99698 0.0194732 0.0751827 88.355
0.0673169 -0.00148183 0.997731 5.72757 0.0214512 0.99977 3.75467e-05 -0.628849 -0.997501 0.0214 0.0673332 88.3835
0.0615859 -0.00139531 0.998101 6.27469 0.0229783 0.999736 -2.0236e-05 -0.633216 -0.997837 0.0229359 0.0616017 88.4146
0.0559996 -0.000472354 0.998431 6.84072 0.0242357 0.999706 -0.000886366 -0.636792 -0.998137 0.0242473 0.0559946 88.4429
0.0500582 2.15982e-05 0.998746 7.42373 0.0246619 0.999695 -0.0012577 -0.640151 -0.998442 0.0246939 0.0500424 88.4707
0.0457372 -7.25179e-05 0.998954 8.02707 0.0269866 0.999635 -0.00116302 -0.644176 -0.998589 0.0270115 0.0457225 88.4932
0.0428417 -0.000254679 0.999082 8.64762 0.0285548 0.999592 -0.000969652 -0.64724 -0.998674 0.0285701 0.0428315 88.5161
0.0398141 -0.000760342 0.999207 9.28692 0.0293887 0.999568 -0.000410395 -0.650265 -0.998775 0.0293817 0.0398192 88.5399
0.0374301 -0.00163943 0.999298 9.94423 0.031577 0.999501 0.000457002 -0.654528 -0.9988 0.0315377 0.0374632 88.5621
0.0367219 -0.00216667 0.999323 10.6194 0.0360663 0.999349 0.000841411 -0.657845 -0.998674 0.0360109 0.0367761 88.5812
0.0377523 -0.00283233 0.999283 11.3116 0.0399431 0.999201 0.00132307 -0.662645 -0.998489 0.0398645 0.0378353 88.6018
0.0401128 -0.00305999 0.99919 12.0211 0.0418881 0.999121 0.00137817 -0.665358 -0.998317 0.0417989 0.0402058 88.6294
0.0439919 -0.00333179 0.999026 12.7451 0.0449431 0.998989 0.0013526 -0.669692 -0.99802 0.0448399 0.0440971 88.6595
0.0483932 -0.00399251 0.99882 13.4869 0.0458188 0.998948 0.00177309 -0.672641 -0.997777 0.0456789 0.0485253 88.6951
0.052374 -0.00585405 0.99861 14.2481 0.0477834 0.998852 0.00334938 -0.673144 -0.997484 0.0475416 0.0525936 88.7355
0.0563311 -0.00751966 0.998384 15.0202 0.0475195 0.998859 0.00484208 -0.674912 -0.997281 0.04717 0.0566241 88.7827
0.0607961 -0.009831 0.998102 15.8063 0.0448462 0.998969 0.00710788 -0.677093 -0.997142 0.044329 0.0611743 88.8357
0.0649489 -0.011033 0.997828 16.6078 0.0445123 0.998976 0.00814835 -0.676951 -0.996895 0.0438863 0.0653734 88.8924
0.069197 -0.010169 0.997551 17.4091 0.0419239 0.999094 0.00727663 -0.679812 -0.996722 0.0413177 0.0695607 88.9551
0.0723137 -0.00634955 0.997362 18.2179 0.0402596 0.999183 0.00344213 -0.688169 -0.996569 0.0399045 0.0725103 89.0201
0.0739881 -0.00111307 0.997259 19.0255 0.0347289 0.999396 -0.00146114 -0.694153 -0.996654 0.0347418 0.073982 89.0905
0.073885 0.00191001 0.997265 19.8422 0.0322173 0.999472 -0.00430114 -0.70455 -0.996746 0.032447 0.0737844 89.1572
0.0741422 0.00129116 0.997247 20.6591 0.0302517 0.999536 -0.00354325 -0.717653 -0.996789 0.0304312 0.0740687 89.2261
0.0742865 -0.000350351 0.997237 21.4812 0.0277906 0.999612 -0.001719 -0.728777 -0.99685 0.0278415 0.0742674 89.2958
0.0740682 -0.00157445 0.997252 22.3075 0.0288857 0.999583 -0.000567276 -0.738113 -0.996835 0.0288483 0.0740827 89.3613
0.0745741 -0.00240849 0.997213 23.1299 0.0266021 0.999646 0.000424992 -0.753292 -0.996861 0.0264962 0.0746117 89.4278
0.0746953 -0.00210058 0.997204 23.9431 0.0254908 0.999675 0.000196401 -0.763582 -0.996881 0.0254048 0.0747246 89.4954
0.0749139 -0.00165002 0.997189 24.7563 0.0228255 0.999739 -6.05279e-05 -0.77744 -0.996929 0.0227658 0.0749321 89.5631
0.0737553 -0.000292423 0.997276 25.5688 0.0199659 0.9998 -0.00118345 -0.789599 -0.997076 0.0199988 0.0737463 89.6309
0.0710093 -0.00100472 0.997475 26.3839 0.0168723 0.999858 -0.000194004 -0.804643 -0.997333 0.0168435 0.0710162 89.6961
0.0670708 -0.0023747 0.997745 27.2002 0.0141213 0.999899 0.00143055 -0.816424 -0.997648 0.0139936 0.0670976 89.7602
0.0624366 -0.00501798 0.998036 28.0138 0.0124013 0.999914 0.0042516 -0.829294 -0.997972 0.0121115 0.0624935 89.8145
0.0563022 -0.00712065 0.998388 28.8287 0.0102092 0.999926 0.0065559 -0.838963 -0.998362 0.00982363 0.0563707 89.865
0.0489457 -0.00709901 0.998776 29.6367 0.00959441 0.999932 0.00663704 -0.849344 -0.998755 0.00925781 0.0490105 89.9065
0.0404372 -0.00628466 0.999162 30.4412 0.00926913 0.99994 0.00591442 -0.8558 -0.999139 0.00902221 0.040493 89.9405
0.0306776 -0.00603137 0.999511 31.2477 0.00961505 0.999937 0.00573883 -0.861481 -0.999483 0.00943429 0.0307337 89.9632
0.0206351 -0.00712534 0.999762 32.0485 0.0111039 0.999915 0.00689725 -0.86728 -0.999725 0.0109589 0.0207124 89.9753
0.00990862 -0.00833067 0.999916 32.8465 0.00998802 0.999916 0.00823169 -0.875459 -0.999901 0.00990561 0.009991 89.9841
-0.00132455 -0.00929212 0.999956 33.6385 0.0111467 0.999895 0.00930631 -0.880028 -0.999937 0.0111586 -0.00122084 89.9822
-0.0123084 -0.00905727 0.999883 34.4232 0.0111428 0.999896 0.00919455 -0.886162 -0.999862 0.0112547 -0.0122062 89.9723
-0.0232981 -0.00855908 0.999692 35.2068 0.0112204 0.999898 0.00882234 -0.89121 -0.999666 0.0114225 -0.0231997 89.9527
-0.0337855 -0.00762839 0.9994 35.9828 0.0110237 0.999907 0.00800493 -0.898128 -0.999368 0.0112875 -0.0336982 89.9255
-0.0438867 -0.00663502 0.999014 36.7505 0.0121671 0.9999 0.0071754 -0.903058 -0.998962 0.01247 -0.0438016 89.8872
-0.0534419 -0.00595247 0.998553 37.5167 0.0130888 0.999892 0.00666095 -0.908858 -0.998485 0.0134258 -0.0533582 89.8463
-0.0630948 -0.00554077 0.997992 38.275 0.0138856 0.999883 0.00642914 -0.91622 -0.997911 0.0142634 -0.0630105 89.7955
-0.0726039 -0.00490927 0.997349 39.02 0.0143582 0.999879 0.00596696 -0.918238 -0.997257 0.0147533 -0.0725247 89.7431
-0.0812197 -0.00565141 0.99668 39.7597 0.0154303 0.999857 0.00692684 -0.927118 -0.996577 0.0159417 -0.0811209 89.6819
-0.0886171 -0.0069703 0.996041 40.4914 0.0173106 0.999814 0.00853681 -0.934457 -0.995915 0.0179985 -0.0884799 89.6145
-0.0940347 -0.00877725 0.99553 41.2139 0.0200165 0.999742 0.0107051 -0.940644 -0.995368 0.0209336 -0.0938348 89.5453
-0.0977937 -0.0104985 0.995151 41.9252 0.0230307 0.999653 0.0128092 -0.945974 -0.99494 0.0241717 -0.0975179 89.4699
-0.100634 -0.0117134 0.994855 42.6258 0.0244878 0.999599 0.0142463 -0.948952 -0.994622 0.0257954 -0.100307 89.3996
-0.102371 -0.0127058 0.994665 43.3113 0.024821 0.999574 0.0153231 -0.952401 -0.994437 0.0262572 -0.102012 89.3302
-0.103062 -0.0122936 0.994599 43.9875 0.0257766 0.999555 0.0150259 -0.95492 -0.994341 0.027186 -0.102699 89.2592
-0.102087 -0.0113959 0.99471 44.6455 0.0269542 0.999536 0.0142175 -0.959655 -0.99441 0.0282631 -0.101733 89.1906
-0.0990482 -0.00986402 0.995034 45.2862 0.0281104 0.999524 0.0127067 -0.962185 -0.994686 0.0292293 -0.0987237 89.1281
-0.0938634 -0.00946672 0.99554 45.9124 0.028541 0.999518 0.0121955 -0.966599 -0.995176 0.0295584 -0.093548 89.0729
-0.0857517 -0.00878558 0.996278 46.5181 0.0283314 0.999535 0.0112528 -0.969537 -0.995914 0.0291909 -0.085463 89.027
-0.0744983 -0.00898516 0.997181 47.1002 0.027626 0.999557 0.0110705 -0.976897 -0.996838 0.0283728 -0.0742171 88.9918
-0.0608398 -0.00871416 0.99811 47.6619 0.0271609 0.999577 0.0103826 -0.982618 -0.997778 0.0277413 -0.0605774 88.9703
-0.0434481 -0.00778313 0.999025 48.2059 0.0269243 0.999597 0.00895854 -0.991711 -0.998693 0.0272873 -0.043221 88.958
-0.0220892 -0.00537245 0.999742 48.7351 0.0260091 0.999644 0.0059466 -0.999606 -0.999418 0.0261338 -0.0219416 88.9612
0.00253299 -0.0025471 0.999994 49.2623 0.0248507 0.999688 0.00248338 -1.00729 -0.999688 0.0248442 0.0025955 88.9811
0.0309437 -0.000993437 0.999521 49.7855 0.0238066 0.999717 0.000256614 -1.01483 -0.999238 0.0237873 0.0309586 89.0172
0.0642084 -0.00191214 0.997935 50.2987 0.0226103 0.999744 0.000460833 -1.02485 -0.99768 0.0225341 0.0642352 89.0703
0.102368 -0.00459423 0.994736 50.8112 0.0228926 0.999735 0.00226144 -1.03193 -0.994483 0.0225406 0.102447 89.1423
0.144452 -0.00849548 0.989475 51.3124 0.0220332 0.999743 0.00536703 -1.0389 -0.989266 0.0210261 0.144602 89.2402
0.189579 -0.0130441 0.981779 51.8052 0.020253 0.999751 0.00937205 -1.04724 -0.981657 0.0181072 0.189796 89.3653
0.23777 -0.0162088 0.971186 52.2869 0.0171567 0.999775 0.0124856 -1.05196 -0.97117 0.0136936 0.237995 89.516
0.289401 -0.0176876 0.957044 52.7524 0.0148256 0.999792 0.0139945 -1.05578 -0.957093 0.0101388 0.289603 89.688
0.343912 -0.0180116 0.938829 53.2005 0.0158146 0.999785 0.0133878 -1.05764 -0.938869 0.010243 0.344123 89.8867
0.401369 -0.0176245 0.915747 53.635 0.0195881 0.999751 0.0106558 -1.05972 -0.915707 0.0136608 0.401614 90.1107
0.460579 -0.0143238 0.887503 54.0429 0.0223057 0.999741 0.0045595 -1.06374 -0.887339 0.0176964 0.460779 90.362
0.519843 -0.0116679 0.854182 54.4343 0.0257 0.999668 -0.00198543 -1.07089 -0.853875 0.0229846 0.51997 90.6353
0.577699 -0.00802263 0.816211 54.8035 0.0235446 0.999699 -0.00683824 -1.07751 -0.815911 0.0231678 0.577714 90.9431
0.63308 -0.00497172 0.774071 55.1454 0.0212943 0.999713 -0.0109948 -1.07967 -0.773794 0.0234439 0.633004 91.2754
0.68532 -0.00405682 0.728231 55.4618 0.0212056 0.999672 -0.0143871 -1.08353 -0.727933 0.0253023 0.685181 91.6258
0.733351 -0.00605128 0.679823 55.7558 0.0223758 0.999633 -0.0152396 -1.08978 -0.679482 0.0263876 0.733218 92.002
0.777801 -0.00942662 0.628439 56.0197 0.0216983 0.999694 -0.0118599 -1.09599 -0.628135 0.0228608 0.777768 92.3955
0.818501 -0.0139911 0.574334 56.2621 0.0220194 0.999733 -0.00702642 -1.09866 -0.574082 0.0183976 0.818591 92.8085
0.854239 -0.0163274 0.519625 56.4688 0.0206918 0.999783 -0.0026017 -1.1029 -0.519469 0.0129744 0.854391 93.2339
0.884698 -0.0200158 0.465735 56.6582 0.0210984 0.999773 0.00288911 -1.10755 -0.465687 0.00727029 0.884919 93.6767
0.909743 -0.0194103 0.414717 56.8166 0.0182313 0.999811 0.00680186 -1.1171 -0.414771 0.00137291 0.909925 94.1253
0.929372 -0.0175962 0.368726 56.9558 0.0153859 0.999842 0.00893399 -1.12435 -0.368825 -0.00262983 0.929495 94.584
0.944413 -0.0118828 0.328547 57.0736 0.00898548 0.999906 0.0103354 -1.12963 -0.328639 -0.00680877 0.944431 95.0467
0.955989 -0.00797103 0.293295 57.1813 0.00579195 0.999949 0.00829738 -1.12943 -0.293346 -0.00623346 0.955986 95.5161
0.964924 -0.00620144 0.262455 57.2853 0.00440651 0.999963 0.00742701 -1.12899 -0.262492 -0.00600998 0.964916 95.9911
0.970602 -0.0117617 0.240401 57.3947 0.0103754 0.999921 0.00703168 -1.13403 -0.240465 -0.0043307 0.970648 96.4659
0.974292 -0.0148619 0.224798 57.4985 0.0135778 0.999881 0.007257 -1.13811 -0.224879 -0.00401817 0.974378 96.9526
0.977203 -0.0110312 0.212021 57.5904 0.00984256 0.999929 0.00666094 -1.14114 -0.212079 -0.00442227 0.977243 97.4474
0.979264 -0.00569828 0.20251 57.6753 0.00440947 0.999967 0.00681474 -1.13908 -0.202542 -0.00578046 0.979256 97.9524
0.980501 0.00170364 0.196508 57.7594 -0.00281773 0.999982 0.00538998 -1.14004 -0.196495 -0.00583859 0.980487 98.4674
0.981046 0.00704079 0.193648 57.8489 -0.00754563 0.99997 0.00186954 -1.14612 -0.193629 -0.00329531 0.981069 98.9875
0.981204 0.00808918 0.192804 57.9524 -0.00814598 0.999967 -0.00049812 -1.15636 -0.192801 -0.00108182 0.981237 99.5201
0.98071 0.00632514 0.195365 58.0631 -0.00567346 0.999976 -0.00389509 -1.1648 -0.195385 0.00271156 0.980723 100.066
0.979917 0.00460467 0.19935 58.1803 -0.0026445 0.999946 -0.010098 -1.16918 -0.199386 0.00936798 0.979876 100.611
0.979061 0.0044981 0.203519 58.3 -0.00156497 0.999893 -0.0145707 -1.17408 -0.203562 0.0139471 0.978963 101.173
0.978099 0.00913451 0.207941 58.4137 -0.00637441 0.999883 -0.0139397 -1.182 -0.208044 0.0123089 0.978042 101.755
0.976861 0.012042 0.213536 58.5334 -0.0102269 0.999902 -0.00960278 -1.19397 -0.213631 0.00719677 0.976888 102.357
0.975897 0.00874675 0.218057 58.6724 -0.00789149 0.999957 -0.00479278 -1.20511 -0.21809 0.00295647 0.975924 102.961
0.9751 0.00423125 0.221727 58.8183 -0.00457264 0.999989 0.00102635 -1.21349 -0.221721 -0.00201467 0.975108 103.581
0.974316 0.00131641 0.225183 58.9667 -0.00270216 0.999979 0.00584579 -1.22156 -0.225171 -0.00630412 0.974299 104.212
0.973624 -0.00372649 0.228128 59.119 0.00225698 0.999975 0.00670215 -1.2231 -0.228147 -0.00601049 0.973608 104.849
0.97351 -0.00741069 0.228525 59.2739 0.00673359 0.99997 0.00374253 -1.22893 -0.228546 -0.0021046 0.973531 105.491
0.973536 -0.00856067 0.228372 59.4282 0.00949706 0.99995 -0.00300162 -1.23661 -0.228335 0.00509105 0.973569 106.143
0.973689 -0.00667426 0.227783 59.5771 0.00906748 0.999914 -0.0094617 -1.24382 -0.227701 0.0112782 0.973666 106.806
0.97429 -0.00394403 0.225265 59.7269 0.00708035 0.999889 -0.0131167 -1.24936 -0.225188 0.0143744 0.974209 107.485
0.974906 -0.0060668 0.222534 59.8867 0.00818452 0.99993 -0.00859542 -1.26025 -0.222466 0.0102011 0.974887 108.184
0.97526 -0.0102777 0.220823 60.0494 0.0107707 0.999941 -0.00102874 -1.26906 -0.220799 0.0033817 0.975313 108.897
0.975876 -0.0101056 0.218091 60.2041 0.0092812 0.999945 0.00480408 -1.28193 -0.218127 -0.00266405 0.975917 109.616
0.97629 -0.00716669 0.216346 60.356 0.00643966 0.999971 0.00406525 -1.28901 -0.216369 -0.00257567 0.976308 110.348
0.976756 -0.00174199 0.214349 60.5042 0.00190987 0.999998 -0.000576129 -1.2936 -0.214347 0.000972116 0.976757 111.089
0.977567 -0.00132977 0.210619 60.6588 0.00265087 0.999979 -0.00599026 -1.29849 -0.210607 0.00641421 0.97755 111.831
0.978381 -0.0030474 0.206789 60.8138 0.00494349 0.99995 -0.0086531 -1.30935 -0.206752 0.00948829 0.978347 112.584
0.979173 -0.00550736 0.202952 60.9678 0.00708971 0.99995 -0.00707051 -1.3203 -0.202903 0.00836212 0.979163 113.355
0.979855 -0.009747 0.199474 61.1265 0.0109511 0.999928 -0.00493405 -1.33333 -0.199412 0.00701911 0.979891 114.134
0.980222 -0.0111844 0.197584 61.2838 0.0118115 0.999928 -0.00199573 -1.34675 -0.197547 0.00429003 0.980284 114.928
0.980459 -0.0147767 0.196166 61.4487 0.0150094 0.999887 0.000300399 -1.35383 -0.196148 0.0026498 0.980571 115.728
0.980491 -0.0206963 0.195472 61.6203 0.0207925 0.999783 0.00156029 -1.3578 -0.195461 0.00253448 0.980708 116.537
0.980674 -0.0201357 0.194608 61.7785 0.0198893 0.999797 0.00322033 -1.36473 -0.194634 0.00071253 0.980876 117.347
0.980661 -0.0151055 0.195131 61.9268 0.0151165 0.999885 0.00143292 -1.3739 -0.19513 0.0015445 0.980776 118.169
0.980594 -0.00963984 0.195812 62.081 0.0102122 0.999946 -0.00191349 -1.37975 -0.195783 0.00387602 0.98064 118.996
0.980465 -0.0010383 0.196691 62.236 0.00174525 0.999993 -0.00342092 -1.38885 -0.196686 0.00369737 0.98046 119.828
0.979852 0.0046933 0.199667 62.389 -0.00427415 0.999988 -0.00253028 -1.40234 -0.199677 0.00162589 0.97986 120.666
0.979289 0.00679578 0.202354 62.5526 -0.00685366 0.999976 -0.000414639 -1.41523 -0.202352 -0.000980814 0.979312 121.502
0.978771 0.00667352 0.204848 62.725 -0.00659864 0.999978 -0.00104864 -1.42435 -0.20485 -0.000325341 0.978793 122.347
0.978374 0.00479317 0.206787 62.8997 -0.00414425 0.999985 -0.00357116 -1.43428 -0.206801 0.00263695 0.978379 123.186
0.978115 -0.00180327 0.208056 63.0853 0.00229025 0.999995 -0.00209976 -1.44302 -0.208052 0.00253031 0.978115 124.033
0.978067 -0.00888732 0.208101 63.2737 0.00984014 0.999945 -0.00354387 -1.4565 -0.208058 0.00551388 0.978101 124.862
0.977808 -0.00989139 0.209269 63.454 0.0108457 0.999935 -0.00341304 -1.47108 -0.209222 0.00560697 0.977852 125.706
0.977413 -0.00772407 0.211197 63.6251 0.0080149 0.999968 -0.000521018 -1.47773 -0.211186 0.00220197 0.977443 126.572
0.977209 -0.0060019 0.212194 63.7979 0.00499082 0.999973 0.00530017 -1.48775 -0.21222 -0.00412036 0.977213 127.411
0.977087 -0.00285668 0.212821 63.9709 0.000835912 0.999954 0.00958455 -1.49921 -0.212839 -0.00918704 0.977044 128.247
0.976804 -0.00377013 0.214101 64.1504 0.00312647 0.99999 0.00334492 -1.5105 -0.214111 -0.00259795 0.976806 129.08
0.97671 -0.00863083 0.21439 64.3361 0.0112063 0.999879 -0.0108007 -1.52515 -0.214271 0.0129517 0.976688 129.896
0.976721 -0.011067 0.21423 64.5205 0.015643 0.999684 -0.0196767 -1.5399 -0.213944 0.0225698 0.976585 130.712
0.976933 -0.0141234 0.21308 64.6973 0.0167567 0.999804 -0.0105575 -1.55261 -0.212889 0.0138845 0.976978 131.535
0.977216 -0.0204867 0.211258 64.876 0.0187489 0.999772 0.0102259 -1.5659 -0.21142 -0.00603201 0.977377 132.376
0.977501 -0.0243056 0.209527 65.0542 0.0193679 0.999485 0.025586 -1.58184 -0.210041 -0.0209522 0.977468 133.21
0.977658 -0.0202869 0.209219 65.2195 0.0164646 0.999665 0.0199949 -1.58302 -0.209554 -0.0161034 0.977664 134.036
0.978119 -0.0128504 0.207649 65.3795 0.0122876 0.999917 0.0039996 -1.57931 -0.207683 -0.00136057 0.978195 134.831
0.978301 -0.0129669 0.206785 65.5479 0.0140606 0.999894 -0.00382002 -1.57913 -0.206713 0.00664464 0.978379 135.645
0.978676 -0.017227 0.204687 65.7205 0.0185465 0.999818 -0.00452972 -1.59321 -0.204572 0.00822935 0.978817 136.458
0.979273 -0.0179804 0.201744 65.8871 0.0189458 0.999816 -0.00285558 -1.61311 -0.201656 0.0066186 0.979434 137.274
0.979981 -0.0187514 0.198207 66.0467 0.0199812 0.999792 -0.00420621 -1.62264 -0.198087 0.00808242 0.980151 138.089
0.980988 -0.0186306 0.193173 66.2031 0.0201369 0.99978 -0.00583696 -1.63726 -0.193022 0.0096159 0.981147 138.887
0.981622 -0.0138145 0.190335 66.3479 0.0152165 0.999867 -0.00590605 -1.65346 -0.190228 0.00869373 0.981701 139.698
0.982077 -0.00817927 0.188301 66.4861 0.00951091 0.999936 -0.0061694 -1.6674 -0.188238 0.00784974 0.982092 140.505
0.98247 -0.00716684 0.186284 66.6286 0.00809955 0.999958 -0.00424633 -1.68237 -0.186246 0.0056807 0.982487 141.309
0.982699 -0.00952473 0.184963 66.7762 0.00958145 0.999954 0.000587175 -1.69474 -0.18496 0.0011952 0.982745 142.119
0.982981 -0.0111932 0.183365 66.9211 0.0112899 0.999936 0.000516918 -1.70833 -0.183359 0.00156204 0.983045 142.915
0.983415 -0.0129879 0.180906 67.0688 0.0136734 0.999903 -0.00254237 -1.72105 -0.180856 0.0049738 0.983497 143.716
0.984169 -0.0178269 0.176331 67.2144 0.0192674 0.999793 -0.00646083 -1.73496 -0.17618 0.009756 0.98431 144.507
0.985264 -0.0213998 0.169699 67.3554 0.0230111 0.999707 -0.00753391 -1.75243 -0.169488 0.0113279 0.985467 145.297
0.986331 -0.023476 0.163094 67.4856 0.0241815 0.999705 -0.00234147 -1.76447 -0.162991 0.00625331 0.986608 146.104
0.98733 -0.0261095 0.156517 67.6069 0.0254771 0.999657 0.00604589 -1.7788 -0.156621 -0.00198169 0.987657 146.892
0.987848 -0.0292738 0.152644 67.7295 0.0272475 0.999511 0.0153506 -1.78274 -0.153018 -0.0110049 0.988162 147.706
0.988666 -0.0230184 0.148358 67.8319 0.0205807 0.999627 0.0179455 -1.7866 -0.148715 -0.0146888 0.988771 148.498
0.989365 -0.0203794 0.14402 67.9349 0.0186746 0.999739 0.0131797 -1.78761 -0.144251 -0.01035 0.989487 149.292
0.990398 -0.0205538 0.136707 68.0426 0.0203741 0.999789 0.00271314 -1.79173 -0.136734 9.82034e-05 0.990608 150.072
0.991138 -0.0243028 0.130596 68.1453 0.0248934 0.999686 -0.00289134 -1.79323 -0.130485 0.00611669 0.991431 150.874
0.991988 -0.0252206 0.123792 68.2422 0.0256725 0.999668 -0.00205637 -1.80016 -0.123699 0.00521793 0.992306 151.677
0.99307 -0.0187605 0.116019 68.3215 0.0187466 0.999824 0.00121158 -1.81315 -0.116021 0.000971776 0.993246 152.495
0.994036 -0.0134174 0.108225 68.3914 0.01356 0.999908 -0.000582181 -1.82416 -0.108207 0.00204624 0.994126 153.312
0.995116 -0.0111314 0.0980852 68.464 0.0118594 0.999906 -0.00684274 -1.8345 -0.0979998 0.00797255 0.995155 154.116
0.995892 -0.0127475 0.0896483 68.5342 0.0136528 0.999862 -0.00949275 -1.84498 -0.0895149 0.0106777 0.995928 154.933
0.996587 -0.0130432 0.0815112 68.5937 0.0136396 0.999884 -0.00676401 -1.85974 -0.0814136 0.00785271 0.996649 155.761
0.997237 -0.0103023 0.07357 68.6389 0.0103241 0.999947 8.34747e-05 -1.87372 -0.0735669 0.000676302 0.99729 156.589
0.997855 -0.00713437 0.0650787 68.681 0.0067903 0.999962 0.00550677 -1.88329 -0.0651155 -0.00505305 0.997865 157.42
0.998318 -0.00879391 0.0573133 68.722 0.00831002 0.999928 0.00867583 -1.89181 -0.0573855 -0.00818496 0.998319 158.248
0.998671 -0.00849779 0.0508383 68.7571 0.00797335 0.999913 0.0105098 -1.89489 -0.0509232 -0.0100905 0.998652 159.074
0.998855 -0.00995746 0.0467956 68.7894 0.00955681 0.999916 0.00877766 -1.90412 -0.0468791 -0.00832039 0.998866 159.903
0.999084 -0.0054572 0.042445 68.8146 0.00532359 0.999981 0.00326029 -1.91172 -0.042462 -0.00303135 0.999093 160.726
0.999244 6.53685e-05 0.0388775 68.8278 6.63419e-05 0.999994 -0.00338653 -1.92211 -0.0388775 0.00338655 0.999238 161.541
0.999348 0.00148958 0.0360753 68.8479 -0.00128929 0.999984 -0.00557449 -1.93228 -0.0360831 0.00552434 0.999334 162.36
0.999463 0.00310737 0.0326245 68.8687 -0.00312841 0.999995 0.000593886 -1.9435 -0.0326225 -0.00069563 0.999468 163.189
0.999532 0.00515798 0.0301668 68.8823 -0.00549616 0.999923 0.0111381 -1.95225 -0.030107 -0.0112987 0.999483 164.024
0.999627 0.00615878 0.0266116 68.8977 -0.00664857 0.999809 0.018356 -1.95853 -0.0264935 -0.018526 0.999477 164.857
0.999767 0.00204046 0.0214793 68.9143 -0.00236116 0.999886 0.0149159 -1.95987 -0.0214464 -0.0149631 0.999658 165.671
0.999812 -0.0106146 0.0162535 68.9369 0.0105344 0.999932 0.005015 -1.96179 -0.0163057 -0.00484283 0.999855 166.487
0.999868 -0.0134948 0.00910053 68.9466 0.0134946 0.999909 9.00707e-05 -1.9559 -0.00910092 3.27488e-05 0.999959 167.299
0.999946 -0.0101533 0.00224401 68.9362 0.0101506 0.999948 0.00120887 -1.96086 -0.00225617 -0.00118603 0.999997 168.132
0.999906 -0.0125468 -0.00548017 68.9258 0.0125863 0.999895 0.00722629 -1.97143 0.00538893 -0.00729459 0.999959 168.971
0.999745 -0.0182771 -0.0132396 68.9195 0.0184163 0.999776 0.0104701 -1.97531 0.0130453 -0.0107113 0.999858 169.798
0.999434 -0.0275894 -0.0192677 68.9092 0.0278705 0.999507 0.0144732 -1.97348 0.0188589 -0.015002 0.99971 170.636
0.99915 -0.0322182 -0.0257171 68.8931 0.0325931 0.999366 0.0142975 -1.97765 0.0252402 -0.0151235 0.999567 171.465
0.998862 -0.0357149 -0.0315968 68.864 0.0359634 0.999326 0.00732953 -1.9858 0.0313137 -0.00845752 0.999474 172.294
0.998227 -0.0453088 -0.038594 68.8391 0.0452251 0.998972 -0.00303864 -1.98973 0.038692 0.00128783 0.99925 173.119
0.997428 -0.0558561 -0.0449171 68.8179 0.0555806 0.998427 -0.00735895 -1.9937 0.0452575 0.0048435 0.998964 173.95
0.997285 -0.0522364 -0.0519085 68.7687 0.0522939 0.998632 -0.000249005 -2.00307 0.0518505 -0.00246617 0.998652 174.788
0.997462 -0.0414972 -0.0578619 68.7028 0.0422931 0.999026 0.0125987 -2.01027 0.0572827 -0.0150139 0.998245 175.632
0.997337 -0.0367653 -0.0629831 68.637 0.0380951 0.999073 0.0200441 -2.01664 0.0621878 -0.02239 0.997813 176.479
0.997075 -0.037608 -0.0665336 68.5745 0.0388219 0.999101 0.0170472 -2.01845 0.0658326 -0.0195803 0.997639 177.319
0.997026 -0.0363773 -0.0679368 68.5086 0.0368893 0.9993 0.00629683 -2.01846 0.0676601 -0.00878425 0.99767 178.152
0.997175 -0.0262343 -0.0703769 68.4291 0.0260849 0.999655 -0.00304158 -2.02253 0.0704324 0.00119722 0.997516 178.988
0.996974 -0.0281891 -0.0724389 68.3616 0.0277776 0.999592 -0.00668137 -2.03152 0.0725977 0.00464897 0.99735 179.831
0.996587 -0.0338044 -0.0753098 68.3082 0.0337642 0.999428 -0.00180734 -2.04255 0.0753278 -0.000741599 0.997159 180.688
0.996571 -0.0338694 -0.0754913 68.2417 0.0345037 0.999379 0.00711299 -2.04982 0.0752035 -0.00969332 0.997121 181.555
0.99661 -0.0321761 -0.0757212 68.1701 0.0332317 0.999367 0.0127214 -2.05723 0.0752639 -0.0151947 0.997048 182.409
0.99646 -0.0327537 -0.0774293 68.1022 0.0337656 0.99936 0.0117959 -2.05997 0.0769934 -0.0143686 0.996928 183.265
0.996191 -0.0365617 -0.0791661 68.0347 0.0368868 0.999316 0.00264783 -2.06691 0.0790152 -0.00555793 0.996858 184.117
0.995585 -0.047748 -0.0808123 67.9784 0.0471853 0.998847 -0.0088595 -2.07656 0.0811422 0.00500723 0.99669 184.961
0.994882 -0.058363 -0.0824829 67.9207 0.0574898 0.998262 -0.0129242 -2.08644 0.0830938 0.00811616 0.996509 185.815
0.994911 -0.0559928 -0.0837672 67.8459 0.0554906 0.998425 -0.00831341 -2.10026 0.0841008 0.00362281 0.996451 186.668
0.995076 -0.0499315 -0.0856237 67.7631 0.0503205 0.99873 0.00238993 -2.11695 0.0853956 -0.00668679 0.996325 187.522
0.994924 -0.0493834 -0.087675 67.688 0.0500916 0.998727 0.00589492 -2.13247 0.0872723 -0.0102568 0.996132 188.366
0.994795 -0.0507291 -0.088374 67.6136 0.0511193 0.99869 0.00215616 -2.14341 0.0881488 -0.00666255 0.996085 189.21
0.994839 -0.0508838 -0.0877799 67.5361 0.0507382 0.998704 -0.00389086 -2.15305 0.0878641 -0.000583012 0.996132 190.045
0.995121 -0.0444553 -0.0880758 67.4477 0.0442459 0.999011 -0.0043296 -2.16335 0.0881812 0.00041149 0.996104 190.882
0.995164 -0.0420337 -0.08878 67.3661 0.0420954 0.999113 -0.00117896 -2.17941 0.0887508 -0.00256397 0.996051 191.719
0.995236 -0.0383125 -0.0896512 67.282 0.0386355 0.999252 0.00187052 -2.19266 0.0895124 -0.00532533 0.995971 192.554
0.995347 -0.0350324 -0.0897603 67.1986 0.035591 0.999356 0.00462953 -2.20293 0.0895403 -0.00780265 0.995953 193.388
0.995372 -0.032525 -0.0904291 67.1145 0.0330544 0.999444 0.00436294 -2.21422 0.0902369 -0.00733183 0.995893 194.212
