0.999991 -0.00258855 -0.00337776 -0.00124577 0.00258148 0.999994 -0.00209743 -0.00142199 0.00338318 0.00208869 0.999992 0.683633
0.999969 -0.0023813 -0.00753255 -0.0112303 0.00235616 0.999992 -0.00334477 -0.00765964 0.00754045 0.00332692 0.999966 1.38425
0.99993 -0.0024806 -0.0115341 -0.0237784 0.00243053 0.999988 -0.00435247 -0.0165023 0.0115448 0.00432413 0.999924 2.09621
0.99986 -0.00129769 -0.0167102 -0.0376519 0.00121198 0.999986 -0.00513826 -0.018878 0.0167167 0.00511728 0.999847 2.82726
0.999774 -0.00218671 -0.0211572 -0.056566 0.00207261 0.999983 -0.00541312 -0.0240929 0.0211687 0.00536804 0.999762 3.57388
0.999657 -8.009e-05 -0.0261759 -0.0766853 -0.000112448 0.999973 -0.00735401 -0.0241085 0.0261758 0.00735444 0.99963 4.33633
0.999516 0.00260552 -0.0309863 -0.111179 -0.00284241 0.999967 -0.00760315 -0.0352106 0.0309655 0.00768755 0.999491 5.10472
0.999367 0.00281324 -0.0354697 -0.138573 -0.00302858 0.999977 -0.00601895 -0.0419054 0.035452 0.00612256 0.999353 5.89956
0.999204 0.00221509 -0.0398347 -0.176766 -0.002349 0.999992 -0.00331512 -0.0494241 0.039827 0.00340605 0.999201 6.70011
0.999065 0.00156325 -0.0432093 -0.217589 -0.0015846 0.999999 -0.000459822 -0.0622228 0.0432085 0.000527862 0.999066 7.52132
0.99893 0.00267429 -0.046171 -0.257496 -0.00271937 0.999996 -0.000913642 -0.0748785 0.0461684 0.00103822 0.998933 8.34317
0.998823 0.00219056 -0.048445 -0.304314 -0.00225086 0.999997 -0.00119023 -0.0816842 0.0484422 0.00129787 0.998825 9.16799
0.998746 -0.00117555 -0.0500546 -0.347132 0.00109777 0.999998 -0.00158137 -0.0887248 0.0500563 0.00152444 0.998745 10.0012
0.998635 -0.00137417 -0.0522129 -0.393062 0.00135592 0.999999 -0.000385045 -0.102534 0.0522133 0.000313723 0.998636 10.8405
0.998544 -0.00325212 -0.0538508 -0.440123 0.00321094 0.999994 -0.000851336 -0.107909 0.0538532 0.000677185 0.998549 11.69
0.998435 -0.00112349 -0.0559147 -0.489339 0.000945003 0.999994 -0.00321843 -0.113968 0.055918 0.00316055 0.99843 12.5585
0.998358 -0.000781793 -0.0572835 -0.546191 0.000445152 0.999983 -0.00588928 -0.122949 0.0572871 0.00585411 0.998341 13.4142
0.99826 0.00267271 -0.0589027 -0.610924 -0.00309367 0.99997 -0.00705661 -0.138992 0.0588821 0.00722656 0.998239 14.2921
0.9982 0.00365363 -0.0598567 -0.670004 -0.00407242 0.999968 -0.00687597 -0.148156 0.0598297 0.00710736 0.998183 15.1938
0.998117 0.00263543 -0.0612845 -0.728137 -0.00297359 0.999981 -0.00542728 -0.162844 0.061269 0.00559929 0.998106 16.0939
0.998019 0.00333771 -0.0628193 -0.789007 -0.00358913 0.999986 -0.00388989 -0.173012 0.0628055 0.00410766 0.998017 16.993
0.997967 0.00295172 -0.0636626 -0.851671 -0.0031898 0.999988 -0.00363847 -0.188174 0.0636511 0.00383414 0.997965 17.8994
0.99782 0.00233758 -0.0659537 -0.907042 -0.002635 0.999987 -0.00442282 -0.202746 0.0659424 0.00458696 0.997813 18.8092
0.997735 0.00073254 -0.0672652 -0.968224 -0.00107108 0.999987 -0.00499698 -0.213266 0.0672606 0.00505771 0.997723 19.7195
0.997704 0.000177086 -0.0677301 -1.03969 -0.000393823 0.999995 -0.00318667 -0.227228 0.0677292 0.00320603 0.997699 20.6512
0.997678 0.000913226 -0.0681044 -1.1031 -0.000893453 1 0.000320794 -0.241088 0.0681046 -0.000259201 0.997678 21.5802
0.997725 0.00195793 -0.0673916 -1.17057 -0.00169414 0.999991 0.0039712 -0.248787 0.0673987 -0.00384799 0.997719 22.5191
0.997841 0.000797411 -0.0656754 -1.23804 -0.000342962 0.999976 0.00693061 -0.255566 0.0656794 -0.00689312 0.997817 23.4615
0.997934 0.000976622 -0.0642362 -1.30088 -0.000480388 0.99997 0.00774014 -0.258803 0.0642418 -0.00769329 0.997905 24.4044
0.998017 0.000453245 -0.0629508 -1.3661 -0.000152767 0.999989 0.00477795 -0.259315 0.0629523 -0.00475886 0.998005 25.3624
0.998057 0.000638869 -0.0623046 -1.42689 -0.00064911 1 -0.000144123 -0.258841 0.0623045 0.000184286 0.998057 26.3188
0.998128 -0.000714475 -0.0611494 -1.4878 0.00054577 0.999996 -0.00277557 -0.268535 0.0611511 0.002737 0.998125 27.2811
0.998146 -0.00396512 -0.0607367 -1.54324 0.00386256 0.999991 -0.00180595 -0.278026 0.0607434 0.001568 0.998152 28.2542
0.998117 -0.0059227 -0.0610603 -1.60168 0.00612312 0.999976 0.00309581 -0.287923 0.0610406 -0.00346386 0.998129 29.2253
0.998024 -0.0103423 -0.0619796 -1.65814 0.0107705 0.99992 0.00657819 -0.295235 0.0619067 -0.00723274 0.998056 30.2058
0.997843 -0.0178604 -0.0631739 -1.71224 0.0182828 0.999814 0.00611377 -0.303885 0.063053 -0.00725558 0.997984 31.1733
0.997723 -0.0198511 -0.06446 -1.77917 0.0200315 0.999797 0.0021535 -0.310901 0.0644041 -0.00343983 0.997918 32.1669
0.997649 -0.0194677 -0.0657027 -1.84764 0.0193963 0.99981 -0.00172461 -0.319775 0.0657238 0.000446166 0.997838 33.1509
0.997505 -0.018525 -0.0681154 -1.91645 0.018386 0.999827 -0.00266729 -0.324907 0.068153 0.00140826 0.997674 34.1352
0.997454 -0.0182878 -0.0689237 -1.98658 0.0182426 0.999833 -0.00128491 -0.335018 0.0689357 2.4288e-05 0.997621 35.1476
0.997405 -0.0159418 -0.0702092 -2.06809 0.0160706 0.99987 0.00126933 -0.342525 0.0701798 -0.00239434 0.997531 36.1413
0.997333 -0.0162969 -0.0711461 -2.14572 0.0165341 0.99986 0.00274647 -0.352997 0.0710914 -0.00391548 0.997462 37.1482
0.997263 -0.0153082 -0.0723349 -2.22189 0.0157477 0.999861 0.00551012 -0.36318 0.0722405 -0.00663415 0.997365 38.1443
0.997281 -0.0156446 -0.0720109 -2.29907 0.016319 0.999828 0.00878527 -0.371626 0.0718611 -0.00993652 0.997365 39.1454
0.997294 -0.0102499 -0.0727946 -2.38233 0.0111105 0.999873 0.0114274 -0.380946 0.0726682 -0.0122053 0.997281 40.1382
0.997275 -0.011115 -0.0729284 -2.46139 0.0119527 0.999867 0.0110599 -0.386083 0.0727958 -0.0119015 0.997276 41.1526
0.997286 -0.0109577 -0.072806 -2.53719 0.0116684 0.999888 0.00934467 -0.390946 0.0726955 -0.0101688 0.997302 42.1544
0.997292 -0.00891744 -0.0730053 -2.61501 0.00947464 0.999929 0.00728958 -0.400523 0.0729351 -0.00796154 0.997305 43.1523
0.997205 -0.00951547 -0.0741094 -2.69013 0.0100778 0.999923 0.00721697 -0.404084 0.074035 -0.00794365 0.997224 44.144
0.997062 -0.0117738 -0.0756838 -2.76087 0.0124628 0.999885 0.00863778 -0.411771 0.0755734 -0.00955564 0.997094 45.1309
0.997011 -0.0110641 -0.0764584 -2.83985 0.0118439 0.999882 0.00975329 -0.422515 0.0763415 -0.0106297 0.997025 46.1212
0.997015 -0.00942915 -0.0766264 -2.91975 0.00996885 0.999928 0.0066638 -0.436801 0.0765581 -0.00740779 0.997038 47.0891
0.996948 -0.00966322 -0.0774723 -3.00029 0.00989133 0.999948 0.0025611 -0.445508 0.0774435 -0.00331959 0.996991 48.0514
0.996875 -0.00909343 -0.0784722 -3.07379 0.00924256 0.999956 0.00153743 -0.456701 0.0784548 -0.00225791 0.996915 49.0246
0.996872 -0.0100763 -0.0783873 -3.15844 0.0105182 0.999931 0.00522651 -0.47391 0.0783292 -0.00603465 0.996909 50.0024
0.996842 -0.0123389 -0.078449 -3.23666 0.0130152 0.999882 0.00811527 -0.481881 0.0783396 -0.00911067 0.996885 50.9752
0.99678 -0.0148388 -0.0788057 -3.31237 0.0155931 0.999838 0.00896398 -0.490782 0.0786599 -0.0101639 0.99685 51.9387
0.996712 -0.0179991 -0.0790063 -3.38833 0.0186713 0.999795 0.0077777 -0.495137 0.0788501 -0.00922728 0.996844 52.8913
0.996638 -0.0207504 -0.0792637 -3.46479 0.0212908 0.999755 0.00597896 -0.494206 0.0791203 -0.00764645 0.996836 53.8565
0.996514 -0.0221481 -0.080437 -3.54221 0.0227938 0.999715 0.00711704 -0.501363 0.0802565 -0.00892569 0.996734 54.8106
0.996301 -0.0260408 -0.0818879 -3.61657 0.0270543 0.99957 0.011292 -0.509849 0.0815586 -0.0134656 0.996578 55.7573
0.996221 -0.0269184 -0.0825799 -3.6937 0.0283465 0.999467 0.0161695 -0.508062 0.0821007 -0.0184492 0.996453 56.7051
0.996215 -0.0250716 -0.0832351 -3.77472 0.0266981 0.999473 0.0184853 -0.509494 0.0827277 -0.0206376 0.996358 57.6569
0.996102 -0.0243625 -0.0847764 -3.85704 0.0256717 0.999567 0.014387 -0.508745 0.0843892 -0.0165073 0.996296 58.6076
0.996039 -0.0227794 -0.0859546 -3.94305 0.0234272 0.999704 0.00653493 -0.509976 0.0857804 -0.00852271 0.996278 59.5357
0.996027 -0.020632 -0.0866289 -4.03166 0.0208389 0.999782 0.00148432 -0.513009 0.0865794 -0.00328368 0.99624 60.45
0.996034 -0.0154539 -0.0876229 -4.1153 0.0157092 0.999874 0.00222409 -0.520447 0.0875775 -0.00359175 0.996151 61.359
0.995942 -0.012587 -0.0891117 -4.19969 0.0130545 0.999904 0.004665 -0.536922 0.0890444 -0.00580938 0.996011 62.2522
0.995873 -0.0103334 -0.0901677 -4.28732 0.0109446 0.99992 0.00628713 -0.545068 0.0900955 -0.00724804 0.995907 63.1575
0.995812 -0.00940818 -0.0909358 -4.37611 0.00999068 0.999932 0.00595256 -0.548717 0.0908737 -0.00683614 0.995839 64.0229
0.995659 -0.0083754 -0.0926955 -4.46025 0.00904367 0.999936 0.0067916 -0.560372 0.0926326 -0.00760043 0.995671 64.8726
0.995544 -0.00719564 -0.094025 -4.54323 0.00793744 0.99994 0.00751787 -0.571972 0.0939653 -0.00823068 0.995541 65.7135
0.995384 -0.0078441 -0.0956487 -4.6195 0.00864213 0.999931 0.00793196 -0.579376 0.0955799 -0.00872196 0.995384 66.5412
0.995283 -0.00811388 -0.0966793 -4.70473 0.00901631 0.99992 0.00890104 -0.584149 0.0965994 -0.00973074 0.995276 67.3475
0.995143 -0.00576083 -0.098269 -4.79133 0.00692927 0.999909 0.0115531 -0.5911 0.0981935 -0.0121779 0.995093 68.1452
0.995015 -0.00456561 -0.0996184 -4.87744 0.00615383 0.999859 0.0156416 -0.597127 0.0995329 -0.0161766 0.994903 68.9328
0.994857 -0.00159879 -0.10128 -4.96227 0.00335403 0.999847 0.0171627 -0.601578 0.101237 -0.0174141 0.99471 69.7056
0.994724 0.000615309 -0.102587 -5.04903 0.000731686 0.999914 0.0130921 -0.612327 0.102587 -0.0130981 0.994638 70.4575
0.99458 5.29181e-05 -0.10397 -5.1298 0.000574818 0.999982 0.00600767 -0.623438 0.103969 -0.00603487 0.994562 71.1842
0.994428 -0.00086102 -0.105416 -5.20647 0.00089703 1 0.000294189 -0.631378 0.105416 -0.000387111 0.994428 71.8949
0.994389 2.8561e-05 -0.10579 -5.28019 -0.000131926 1 -0.000970086 -0.638963 0.10579 0.000978599 0.994388 72.5814
0.994303 0.00229526 -0.106568 -5.36671 -0.00205928 0.999995 0.00232432 -0.644397 0.106573 -0.00209162 0.994303 73.2684
0.994153 0.00233575 -0.107952 -5.44482 -0.00183101 0.999987 0.00477445 -0.662508 0.107962 -0.00454888 0.994145 73.9275
0.994069 -0.00121998 -0.108745 -5.51569 0.00141144 0.999998 0.00168373 -0.676347 0.108742 -0.00182723 0.994068 74.5588
0.993999 -0.00992869 -0.108937 -5.57265 0.00958473 0.999947 -0.00368064 -0.683256 0.108968 0.00261443 0.994042 75.183
0.994073 -0.014234 -0.107778 -5.63094 0.0134228 0.999876 -0.00824829 -0.697837 0.107882 0.00675273 0.994141 75.7705
0.994409 -0.011974 -0.104913 -5.69279 0.0111493 0.999902 -0.00844444 -0.707421 0.105004 0.00722753 0.994446 76.3586
0.994885 -0.00697678 -0.100774 -5.75864 0.00648773 0.999966 -0.00517986 -0.72348 0.100806 0.00449957 0.994896 76.9289
0.995332 -0.0088636 -0.0961046 -5.81171 0.00869562 0.99996 -0.00216663 -0.731779 0.09612 0.00132082 0.995369 77.4927
0.995776 -0.0128304 -0.0909117 -5.84528 0.0130716 0.999912 0.00205837 -0.741025 0.0908773 -0.00323804 0.995857 78.0402
0.996412 -0.0173418 -0.0828347 -5.87925 0.0178693 0.999824 0.00563129 -0.751 0.0827226 -0.00709129 0.996547 78.5749
0.997291 -0.0136715 -0.07228 -5.91354 0.0141225 0.999884 0.00573239 -0.759794 0.0721932 -0.00673763 0.997368 79.0919
0.998326 -0.00842934 -0.0572183 -5.94547 0.00875144 0.999947 0.00538113 -0.76086 0.05717 -0.00587286 0.998347 79.5998
0.999227 -0.00332771 -0.0391824 -5.96401 0.00357895 0.999973 0.00634368 -0.762114 0.0391603 -0.00647901 0.999212 80.0972
0.999835 -0.00536785 -0.0173716 -5.95617 0.00549672 0.999958 0.00737885 -0.766705 0.0173312 -0.00747311 0.999822 80.5806
0.999922 -0.00890731 0.00878843 -5.93038 0.00882615 0.999918 0.00922998 -0.778017 -0.00886993 -0.00915169 0.999919 81.0464
0.99921 -0.0102201 0.0384127 -5.89793 0.00976623 0.99988 0.0119839 -0.788222 -0.0385306 -0.0115993 0.99919 81.5034
0.997399 -0.0109119 0.0712409 -5.8469 0.00991335 0.999848 0.014355 -0.795539 -0.0713867 -0.0136114 0.997356 81.9434
0.99401 -0.0116499 0.108666 -5.77106 0.0100233 0.99983 0.015503 -0.797269 -0.108828 -0.014321 0.993957 82.3883
0.988584 -0.0117502 0.150211 -5.6801 0.00938369 0.999821 0.0164538 -0.79822 -0.150377 -0.0148564 0.988517 82.8158
0.980725 -0.0122907 0.195006 -5.56163 0.00907994 0.999808 0.0173505 -0.801136 -0.195182 -0.0152454 0.980649 83.237
0.969835 -0.0102758 0.243547 -5.42544 0.00649655 0.999846 0.0163157 -0.806376 -0.243677 -0.0142413 0.969752 83.6405
0.954964 -0.00986547 0.296559 -5.26994 0.00580845 0.999877 0.0145583 -0.808587 -0.296666 -0.0121801 0.954904 84.0304
0.935755 -0.00917737 0.35253 -5.09059 0.00478098 0.9999 0.0133396 -0.807743 -0.352617 -0.0107972 0.935705 84.4121
0.912092 -0.00842171 0.409899 -4.89548 0.00363791 0.999916 0.0124492 -0.807657 -0.409969 -0.0098636 0.912046 84.7604
0.883695 -0.00796403 0.467995 -4.68031 0.00278674 0.999927 0.011754 -0.808843 -0.468054 -0.00908281 0.883653 85.0866
0.850865 -0.00970658 0.525295 -4.43914 0.00469568 0.99993 0.0108711 -0.812295 -0.525363 -0.0067832 0.850851 85.394
0.814317 -0.0101664 0.580332 -4.18479 0.00452563 0.999927 0.0111667 -0.82178 -0.580403 -0.00646686 0.814303 85.6858
0.774764 -0.0121796 0.632134 -3.91212 0.00432189 0.999893 0.0139684 -0.83436 -0.632236 -0.0080902 0.774734 85.9602
0.732575 -0.0121673 0.680577 -3.62254 0.00132123 0.999864 0.0164533 -0.831052 -0.680685 -0.0111541 0.732492 86.2166
0.687748 -0.0138068 0.725818 -3.31756 0.0012829 0.999841 0.0178037 -0.831481 -0.725949 -0.0113133 0.687656 86.4496
0.641758 -0.0152542 0.766756 -2.99705 0.00312624 0.999846 0.0172748 -0.833448 -0.766901 -0.00868919 0.641707 86.6559
0.59491 -0.0181781 0.803586 -2.6706 0.00699184 0.999823 0.0174411 -0.838057 -0.803762 -0.00475733 0.594933 86.8433
0.548618 -0.0161425 0.835917 -2.34457 0.00404786 0.999853 0.0166517 -0.838031 -0.836063 -0.00575174 0.548603 87.0124
0.501356 -0.0130072 0.865143 -2.00991 -0.000907634 0.999879 0.0155589 -0.836152 -0.865241 -0.00858577 0.501283 87.1787
0.456137 -0.0114684 0.889836 -1.67175 -0.00236077 0.999898 0.0140971 -0.839518 -0.889907 -0.00853089 0.456063 87.3158
0.414051 -0.0139004 0.910148 -1.31563 0.00430019 0.999902 0.0133149 -0.832313 -0.910243 -0.00159924 0.41407 87.4291
0.374417 -0.021995 0.926999 -0.94674 0.0182658 0.9997 0.0163424 -0.83136 -0.92708 0.0108135 0.374707 87.5215
0.339168 -0.0258492 0.940371 -0.581536 0.0218409 0.999569 0.019599 -0.826697 -0.940472 0.0138912 0.339586 87.6152
0.306272 -0.0216298 0.951698 -0.215191 0.0185685 0.999687 0.0167449 -0.822291 -0.951763 0.0125431 0.306578 87.7139
0.275641 -0.0143307 0.961154 0.15229 0.00758934 0.99989 0.0127318 -0.829124 -0.961231 0.00378511 0.27572 87.8166
0.2478 -0.00991453 0.96876 0.535588 0.00227086 0.999951 0.00965287 -0.8369 -0.968809 -0.000192061 0.24781 87.9033
0.222341 -0.00803738 0.974936 0.929829 0.00347986 0.999966 0.00745012 -0.840632 -0.974963 0.00173618 0.222361 87.9713
0.198788 -0.00682243 0.980019 1.3296 0.0104861 0.999933 0.00483406 -0.841016 -0.979986 0.00931561 0.198846 88.0237
0.178663 -0.000854883 0.98391 1.74058 0.0180675 0.999834 -0.00241206 -0.829353 -0.983744 0.0182078 0.178648 88.0738
0.159003 0.00560662 0.987262 2.15792 0.0203462 0.999753 -0.0089544 -0.818921 -0.987068 0.0215108 0.158849 88.126
0.141723 0.00621 0.989887 2.59688 0.0175963 0.999807 -0.00879151 -0.824967 -0.98975 0.0186643 0.141587 88.1806
0.126549 0.00178613 0.991959 3.0534 0.0159629 0.999865 -0.00383682 -0.835343 -0.991832 0.01632 0.126503 88.2327
0.112175 -0.00192636 0.993687 3.52391 0.0156817 0.999877 0.000168084 -0.849509 -0.993565 0.0155638 0.112192 88.2788
0.098881 -0.00474671 0.995088 4.00588 0.0173342 0.999845 0.00304692 -0.858702 -0.994948 0.0169478 0.0989479 88.3171
0.0874656 -0.00568395 0.996151 4.50361 0.021132 0.999769 0.00384913 -0.861674 -0.995943 0.020714 0.0875655 88.3465
0.0774312 -0.00517846 0.996984 5.02074 0.0242195 0.999701 0.00331155 -0.864191 -0.996703 0.02389 0.0775335 88.3749
0.0695838 -0.00468498 0.997565 5.54722 0.0261866 0.999653 0.00286817 -0.863835 -0.997232 0.0259233 0.0696823 88.404
0.0640034 -0.00454429 0.997939 6.08906 0.0284875 0.99959 0.00272475 -0.867691 -0.997543 0.0282544 0.0641066 88.4342
0.0584269 -0.00356265 0.998285 6.65346 0.0300071 0.999548 0.00181092 -0.870103 -0.997841 0.0298498 0.0585074 88.4621
0.052522 -0.0031268 0.998615 7.23635 0.0302392 0.999542 0.00153927 -0.872939 -0.998162 0.0301165 0.0525924 88.4915
