1.000000000 -0.000000000 0.000000000 -0.000000007 -0.000000000 1.000000000 -0.000000000 -0.000000060 0.000000000 -0.000000000 1.000000000 0.000000004
0.999991238 -0.002499045 -0.003363667 -0.002824729 0.002491718 0.999994516 -0.002180531 -0.005470211 0.003369097 0.002172130 0.999991953 0.666731536
0.999971092 -0.001464615 -0.007462859 -0.010014908 0.001437703 0.999992371 -0.003610157 -0.009648955 0.007468091 0.003599323 0.999965608 1.368784666
0.999935448 -0.001160779 -0.011303304 -0.025805973 0.001103830 0.999986649 -0.005043149 -0.011231077 0.011309005 0.005030347 0.999923408 2.072026491
0.999868095 0.000029495 -0.016238976 -0.044803802 -0.000123298 0.999983251 -0.005775435 -0.013219167 0.016238531 0.005776675 0.999851465 2.802445889
0.999790490 -0.000812752 -0.020455748 -0.063092776 0.000694951 0.999983191 -0.005765269 -0.028396456 0.020460088 0.005749846 0.999774098 3.541017056
0.999687314 0.001028067 -0.024985563 -0.088146940 -0.001208597 0.999973357 -0.007211355 -0.030617490 0.024977481 0.007239298 0.999661803 4.296788692
0.999561310 0.003870833 -0.029364930 -0.124760360 -0.004101133 0.999961317 -0.007786522 -0.041606139 0.029333651 0.007903535 0.999538481 5.054901600
0.999413311 0.004137745 -0.033998188 -0.152307481 -0.004350943 0.999971271 -0.006199268 -0.048103619 0.033971563 0.006343556 0.999402583 5.861610413
0.999254107 0.003446642 -0.038463611 -0.187472165 -0.003589301 0.999986827 -0.003640471 -0.053568941 0.038450558 0.003775813 0.999253392 6.663575172
0.999119461 0.003108282 -0.041841172 -0.227627531 -0.003141065 0.999994755 -0.000717766 -0.064563841 0.041838720 0.000848559 0.999123991 7.469647884
0.999014795 0.004426307 -0.044158440 -0.274843305 -0.004500866 0.999988556 -0.001589167 -0.070847362 0.044150896 0.001786352 0.999023318 8.278204918
0.998910785 0.004294836 -0.046462428 -0.319629639 -0.004392692 0.999988317 -0.002004228 -0.078092985 0.046453290 0.002206139 0.998918056 9.128758430
0.998844981 0.001481986 -0.048024967 -0.362727672 -0.001607809 0.999995351 -0.002581422 -0.083254695 0.048020914 0.002655656 0.998842776 9.962628365
0.998731613 0.001043066 -0.050339431 -0.403846979 -0.001126016 0.999997973 -0.001619473 -0.092790812 0.050337639 0.001674102 0.998730838 10.811756134
0.998619497 -0.000752545 -0.052521281 -0.443365455 0.000632714 0.999997079 -0.002298180 -0.097168498 0.052522860 0.002261777 0.998617172 11.667643547
0.998552740 0.001473570 -0.053759508 -0.494926840 -0.001676309 0.999991655 -0.003726318 -0.118165188 0.053753570 0.003811043 0.998546958 12.516242027
0.998484612 0.001833775 -0.055000171 -0.552715659 -0.002203664 0.999975383 -0.006665343 -0.123701826 0.054986600 0.006776445 0.998464108 13.384049416
0.998394907 0.005773954 -0.056340251 -0.616893947 -0.006256096 0.999945283 -0.008385055 -0.137073919 0.056288756 0.008724069 0.998376429 14.253133774
0.998304367 0.006453951 -0.057851762 -0.664491653 -0.006909059 0.999946713 -0.007670240 -0.151649982 0.057799175 0.008056935 0.998295724 15.159595490
0.998235464 0.006034390 -0.059073377 -0.723651886 -0.006391811 0.999962330 -0.005863360 -0.173081547 0.059035774 0.006230599 0.998236418 16.045061111
0.998151660 0.006770662 -0.060393360 -0.783702910 -0.007053666 0.999965131 -0.004474067 -0.183733597 0.060360961 0.004891791 0.998164594 16.943401337
0.998108029 0.006452077 -0.061146598 -0.846003115 -0.006723483 0.999968410 -0.004233900 -0.201242045 0.061117351 0.004637007 0.998119831 17.848861694
0.997981727 0.006117814 -0.063206293 -0.897712767 -0.006458527 0.999965668 -0.005187586 -0.211240575 0.063172400 0.005585335 0.997987032 18.753334045
0.997925282 0.004614713 -0.064217739 -0.960961223 -0.004992755 0.999971092 -0.005727647 -0.224196061 0.064189471 0.006036387 0.997919500 19.668237686
0.997879624 0.004266764 -0.064946756 -1.016085386 -0.004535629 0.999981642 -0.003992894 -0.235405579 0.064928539 0.004279000 0.997880816 20.588254929
0.997886658 0.006205944 -0.064681940 -1.082717061 -0.006268620 0.999980092 -0.000766087 -0.247205138 0.064675890 0.001169935 0.997905612 21.506113052
0.997945309 0.007301625 -0.063654467 -1.146926165 -0.007118094 0.999969840 0.003109564 -0.257349998 0.063675255 -0.002650075 0.997967124 22.436326981
0.998068273 0.006522161 -0.061782684 -1.214257240 -0.006185536 0.999965012 0.005638228 -0.259907424 0.061817303 -0.005245176 0.998073757 23.368658066
0.998137355 0.006125780 -0.060699388 -1.264508247 -0.005728092 0.999961078 0.006723593 -0.269061983 0.060738198 -0.006363377 0.998133421 24.311059952
0.998222709 0.006569930 -0.059230905 -1.320768118 -0.006351725 0.999972343 0.003871500 -0.275545597 0.059254706 -0.003488400 0.998236775 25.251998901
0.998271763 0.007085092 -0.058339085 -1.382709861 -0.007145859 0.999974072 -0.000833068 -0.280218810 0.058331672 0.001248511 0.998296499 26.193235397
0.998339534 0.006869842 -0.057191949 -1.435701489 -0.007094962 0.999967754 -0.003734122 -0.293598711 0.057164464 0.004133697 0.998356223 27.149015427
0.998374164 0.004096689 -0.056851659 -1.484010458 -0.004262136 0.999986947 -0.002789252 -0.302644521 0.056839488 0.003027027 0.998378754 28.106525421
0.998411655 0.002481998 -0.056287657 -1.552660704 -0.002356694 0.999994516 0.002292417 -0.314386010 0.056293041 -0.002156123 0.998411953 29.080484390
0.998353481 -0.001105772 -0.057349682 -1.600890636 0.001441800 0.999982059 0.005818247 -0.324563622 0.057342209 -0.005891356 0.998337209 30.040733337
0.998251259 -0.008579072 -0.058487676 -1.649647593 0.008899368 0.999946833 0.005218019 -0.331716210 0.058439791 -0.005729399 0.998274505 31.016458511
0.998148680 -0.010772144 -0.059860364 -1.704536319 0.010864264 0.999940217 0.001213626 -0.334268600 0.059843715 -0.001861719 0.998206019 31.984176636
0.998069584 -0.010484654 -0.061214305 -1.768107176 0.010335901 0.999942780 -0.002746215 -0.341743052 0.061239593 0.002108207 0.998120785 32.964492798
0.997957885 -0.009337418 -0.063189745 -1.840941429 0.009137056 0.999952257 -0.003459042 -0.349374473 0.063219011 0.002874609 0.997995496 33.953838348
0.997907281 -0.009306128 -0.063987352 -1.898159027 0.009214019 0.999956071 -0.001734437 -0.369119406 0.064000674 0.001141226 0.997949183 34.923748016
0.997842193 -0.006342412 -0.065350391 -1.967297316 0.006422849 0.999978900 0.001020844 -0.380941212 0.065342546 -0.001438377 0.997861862 35.923133850
0.997771680 -0.006080272 -0.066444948 -2.037830830 0.006253981 0.999977529 0.002406639 -0.393312275 0.066428848 -0.002816823 0.997787178 36.904842377
0.997714162 -0.004821978 -0.067404047 -2.107832670 0.005171288 0.999974072 0.005008808 -0.401701331 0.067378134 -0.005345925 0.997713208 37.883232117
0.997721553 -0.004984896 -0.067281969 -2.173564434 0.005537689 0.999952376 0.008032062 -0.407022268 0.067238733 -0.008386350 0.997701645 38.874290466
0.997691035 0.000494900 -0.067914717 -2.251305103 0.000197176 0.999948084 0.010183282 -0.406097710 0.067916237 -0.010173161 0.997639120 39.861980438
0.997678459 0.001086835 -0.068091758 -2.329882145 -0.000450012 0.999956012 0.009367071 -0.410007149 0.068098947 -0.009314682 0.997635067 40.857063293
0.997686505 0.000927830 -0.067975752 -2.390642166 -0.000386405 0.999968052 0.007977691 -0.416351795 0.067980960 -0.007932968 0.997655094 41.847068787
0.997679591 0.003203855 -0.068008423 -2.470453978 -0.002823669 0.999979854 0.005685676 -0.420310795 0.068025261 -0.005480449 0.997668564 42.843242645
0.997641802 0.002485610 -0.068589941 -2.545961618 -0.002096802 0.999981344 0.005739993 -0.423222572 0.068602934 -0.005582639 0.997628450 43.818023682
0.997538090 0.000631882 -0.070122771 -2.607365847 -0.000136438 0.999974966 0.007069940 -0.435220152 0.070125505 -0.007042968 0.997513235 44.817703247
0.997483671 0.001075252 -0.070887841 -2.680336475 -0.000496137 0.999966323 0.008186552 -0.442169040 0.070894271 -0.008130781 0.997450650 45.802967072
0.997477472 0.003935830 -0.070873879 -2.761403084 -0.003624684 0.999983191 0.004518203 -0.453320175 0.070890486 -0.004249909 0.997475088 46.769847870
0.997386813 0.004391822 -0.072112419 -2.833025455 -0.004376194 0.999990225 0.000374711 -0.463064998 0.072113380 -0.000058152 0.997396529 47.732311249
0.997332692 0.004777825 -0.072833911 -2.894431829 -0.004852353 0.999987841 -0.000846354 -0.467189848 0.072828986 0.001197512 0.997343719 48.698764801
0.997323573 0.003826564 -0.073015831 -2.966239929 -0.003627104 0.999989271 0.002864135 -0.480316520 0.073026016 -0.002591633 0.997326612 49.679973602
0.997340620 0.001634695 -0.072863638 -3.043032408 -0.001211590 0.999982059 0.005850635 -0.489224792 0.072871909 -0.005746795 0.997324705 50.648719788
0.997308671 -0.000294106 -0.073316544 -3.104198456 0.000774336 0.999978423 0.006521759 -0.496996313 0.073313043 -0.006560979 0.997287333 51.597221375
0.997287333 -0.003622978 -0.073517904 -3.175436974 0.004035583 0.999976993 0.005464535 -0.506751120 0.073496409 -0.005746400 0.997278929 52.554920197
0.997237802 -0.006486202 -0.073991448 -3.242104053 0.006814314 0.999967992 0.004182878 -0.514523506 0.073961958 -0.004675524 0.997250080 53.510337830
0.997143567 -0.007765265 -0.075129315 -3.313263893 0.008176683 0.999953151 0.005170085 -0.521653175 0.075085655 -0.005769625 0.997160375 54.465721130
0.997005939 -0.011174713 -0.076513000 -3.379576206 0.011920673 0.999885619 0.009299692 -0.526704550 0.076400325 -0.010183934 0.997025311 55.413043976
0.996968448 -0.011487193 -0.076954551 -3.453171730 0.012618477 0.999819040 0.014230532 -0.529354274 0.076777183 -0.015158440 0.996933043 56.359851837
0.996953487 -0.009840161 -0.077375300 -3.534246445 0.011122373 0.999807596 0.016157854 -0.526227593 0.077201433 -0.016969226 0.996871114 57.306747437
0.996855617 -0.008687980 -0.078762010 -3.612130404 0.009673169 0.999879479 0.012135519 -0.527965188 0.078647077 -0.012859236 0.996819615 58.236503601
0.996761799 -0.006919899 -0.080113247 -3.688830853 0.007317707 0.999962389 0.004673055 -0.534884453 0.080077894 -0.005244168 0.996774852 59.159965515
0.996724546 -0.004797731 -0.080729470 -3.773902416 0.004776678 0.999988496 -0.000453904 -0.540493071 0.080730714 0.000066799 0.996736050 60.070613861
0.996676385 0.000080210 -0.081463195 -3.859327078 -0.000053183 0.999999881 0.000333916 -0.548589289 0.081463225 -0.000328473 0.996676385 60.969497681
0.996544540 0.002491565 -0.083022691 -3.934551716 -0.002247970 0.999992907 0.003027420 -0.566448689 0.083029658 -0.002830327 0.996543050 61.865627289
0.996449888 0.005188480 -0.084028348 -4.014096737 -0.004831495 0.999978423 0.004451186 -0.577466369 0.084049620 -0.004029402 0.996453404 62.751285553
0.996319413 0.005962530 -0.085511051 -4.087449551 -0.005601387 0.999974370 0.004462657 -0.593363881 0.085535452 -0.003967251 0.996327162 63.631660461
0.996209681 0.007345000 -0.086673625 -4.173697472 -0.006914300 0.999962151 0.005268361 -0.599728942 0.086709030 -0.004649107 0.996222794 64.470214844
0.996085703 0.008446422 -0.087987922 -4.253314495 -0.007961165 0.999951065 0.005864492 -0.609558225 0.088033140 -0.005141051 0.996104240 65.313468933
0.995960772 0.008047903 -0.089427687 -4.327707291 -0.007516221 0.999952018 0.006280537 -0.619251788 0.089473940 -0.005583012 0.995973468 66.129638672
0.995861948 0.007903215 -0.090533726 -4.402215958 -0.007280298 0.999947548 0.007208679 -0.625431657 0.090585925 -0.006519739 0.995867312 66.934867859
0.995692909 0.010595532 -0.092105940 -4.478708267 -0.009713298 0.999902606 0.010021483 -0.632059336 0.092203133 -0.009083669 0.995698750 67.735969543
0.995576978 0.012518474 -0.093111619 -4.558891773 -0.011248229 0.999836564 0.014154496 -0.638257444 0.093273588 -0.013044551 0.995555043 68.514793396
0.995360553 0.015234701 -0.095001511 -4.639374256 -0.013778711 0.999777496 0.015963202 -0.641641498 0.095223576 -0.014580140 0.995349288 69.297149658
0.995184124 0.018283464 -0.096302874 -4.719340324 -0.017244048 0.999783754 0.011614481 -0.646610439 0.096494399 -0.009897897 0.995284438 70.045745850
0.995052278 0.017898217 -0.097727165 -4.792364120 -0.017531272 0.999835610 0.004612242 -0.657102704 0.097793639 -0.002876140 0.995202541 70.769561768
0.994906664 0.017138550 -0.099332996 -4.862362862 -0.017344326 0.999848843 -0.001208310 -0.662752151 0.099297285 0.002925020 0.995053530 71.475593567
0.994855881 0.017855383 -0.099714957 -4.937361717 -0.018203532 0.999830902 -0.002582612 -0.665983558 0.099652007 0.004384492 0.995012701 72.170745850
0.994737089 0.020541381 -0.100379527 -5.016095161 -0.020543830 0.999788404 0.001009439 -0.676217139 0.100379042 0.001058053 0.994948685 72.845024109
0.994599283 0.020889919 -0.101665132 -5.089341164 -0.020649821 0.999780893 0.003413653 -0.693930566 0.101714186 -0.001295850 0.994812787 73.499107361
0.994560659 0.017626509 -0.102656148 -5.154879570 -0.017697889 0.999843359 0.000215486 -0.705786586 0.102643862 0.001602483 0.994716883 74.126319885
0.994656980 0.009482238 -0.102798924 -5.203191757 -0.010042823 0.999937356 -0.004937005 -0.718808472 0.102745682 0.005943018 0.994689882 74.739013672
0.994801581 0.005556186 -0.101681955 -5.260247231 -0.006593478 0.999929488 -0.009868083 -0.725152075 0.101619974 0.010487219 0.994768023 75.337860107
0.995051146 0.007681511 -0.099066980 -5.311245441 -0.008711456 0.999912322 -0.009968047 -0.739894509 0.098981723 0.010781734 0.995030820 75.917732239
0.995422721 0.012866552 -0.094699159 -5.378688335 -0.013588006 0.999883235 -0.006977464 -0.752113700 0.094598338 0.008232297 0.995481431 76.487686157
0.995878160 0.011268409 -0.089998193 -5.430788994 -0.011674457 0.999923825 -0.003986567 -0.761278749 0.089946434 0.005020815 0.995933890 77.047409058
0.996420383 0.007770737 -0.084177651 -5.468226910 -0.007809253 0.999969363 -0.000128290 -0.766842902 0.084174089 0.000785195 0.996450722 77.587524414
0.997090816 0.003017558 -0.076163165 -5.494904518 -0.002764677 0.999990284 0.003425506 -0.780653954 0.076172784 -0.003204974 0.997089505 78.120979309
0.997824728 0.006944622 -0.065555781 -5.524027824 -0.006730966 0.999971271 0.003479443 -0.792486846 0.065578066 -0.003030620 0.997842848 78.635551453
0.998654664 0.012100718 -0.050423726 -5.553439617 -0.011973633 0.999924302 0.002821650 -0.797272146 0.050454050 -0.002214098 0.998723984 79.140785217
0.999327004 0.017047731 -0.032480083 -5.564659595 -0.016950680 0.999850988 0.003261138 -0.802884221 0.032530826 -0.002708384 0.999467134 79.636291504
0.999826252 0.015662996 -0.010114379 -5.559630394 -0.015623050 0.999869883 0.004016401 -0.811804652 0.010175977 -0.003857684 0.999940813 80.107711792
0.999799907 0.012093472 0.015934618 -5.526314259 -0.012170615 0.999914646 0.004753172 -0.815507293 -0.015875775 -0.004946156 0.999861717 80.567161560
0.998908639 0.010977039 0.045397576 -5.481207371 -0.011281343 0.999915540 0.006452347 -0.826162338 -0.045322914 -0.006957452 0.998948157 81.020393372
0.996862411 0.010622215 0.078438252 -5.425870895 -0.011270967 0.999905765 0.007832780 -0.832073271 -0.078347653 -0.008692280 0.996888220 81.469932556
0.993188024 0.010645665 0.116035447 -5.350643158 -0.011672638 0.999898374 0.008174565 -0.834367752 -0.115936629 -0.009473321 0.993211389 81.913475037
0.987431467 0.010541145 0.157695174 -5.264135361 -0.011962287 0.999895871 0.008065522 -0.840000510 -0.157593742 -0.009850549 0.987454832 82.316474915
0.979156196 0.010197992 0.202852473 -5.149684906 -0.012032514 0.999897063 0.007812423 -0.844482183 -0.202751949 -0.010090409 0.979178131 82.733909607
0.967699766 0.012497235 0.251795232 -5.015460968 -0.014335287 0.999882221 0.005466710 -0.850048959 -0.251697272 -0.008899692 0.967765033 83.136909485
0.952164948 0.013526306 0.305285037 -4.866989136 -0.015142500 0.999881029 0.002926648 -0.860912800 -0.305209160 -0.007409432 0.952256501 83.519462585
0.932533264 0.013958577 0.360813886 -4.684192657 -0.015065067 0.999886453 0.000254111 -0.861318946 -0.360769421 -0.005672654 0.932637751 83.886863708
0.908399343 0.013896680 0.417872667 -4.495357513 -0.014798263 0.999889851 -0.001082670 -0.876043797 -0.417841703 -0.005200293 0.908504963 84.211074829
0.879191995 0.014333953 0.476252139 -4.278827667 -0.014463177 0.999889553 -0.003394134 -0.878504634 -0.476248264 -0.003904024 0.879302204 84.542022705
0.845799923 0.013299330 0.533334374 -4.036003113 -0.012002317 0.999910533 -0.005899824 -0.883010626 -0.533365130 -0.001411179 0.845883965 84.845405579
0.809130073 0.012704730 0.587492228 -3.772201538 -0.010421995 0.999919176 -0.007269808 -0.891987205 -0.587537110 -0.000240620 0.809197247 85.131942749
0.769179106 0.011661109 0.638926804 -3.496292114 -0.009467310 0.999931633 -0.006852515 -0.898129702 -0.638963163 -0.000778107 0.769236982 85.402206421
0.727218568 0.010436609 0.686326742 -3.202342987 -0.010537581 0.999936283 -0.004040093 -0.913459659 -0.686325073 -0.004294192 0.727282166 85.638763428
0.682911634 0.009497712 0.730439305 -2.904556274 -0.009399143 0.999946833 -0.004214482 -0.916443884 -0.730440497 -0.003987384 0.682964683 85.840744019
0.636240125 0.008297843 0.771446526 -2.585765839 -0.006213672 0.999964714 -0.005631191 -0.922415078 -0.771466017 -0.001210725 0.636269331 86.048240662
0.589448512 0.005736010 0.807785749 -2.251472473 -0.000561973 0.999977350 -0.006690668 -0.929634333 -0.807805777 0.003489850 0.589438379 86.231643677
0.543225884 0.007825813 0.839550257 -1.912231445 -0.003007947 0.999968231 -0.007374868 -0.943132758 -0.839581251 0.001480896 0.543232143 86.397918701
0.495282173 0.010894235 0.868663967 -1.583316803 -0.006239011 0.999940097 -0.008983351 -0.948729396 -0.868709803 -0.000970310 0.495320529 86.562896729
0.450200617 0.012950887 0.892833591 -1.238109589 -0.006892132 0.999915302 -0.011028875 -0.957514644 -0.892900765 -0.001188320 0.450251818 86.695533752
0.406448781 0.010391166 0.913614452 -0.888311386 0.000125762 0.999934614 -0.011428893 -0.967022479 -0.913673639 0.004760158 0.406420797 86.825569153
0.367114723 0.002618577 0.930171967 -0.519771576 0.015221384 0.999845207 -0.008822205 -0.972181201 -0.930051088 0.017397268 0.367018014 86.910575867
0.331811935 -0.000960306 0.943345010 -0.150640488 0.019682214 0.999788821 -0.005905250 -0.974775314 -0.943140328 0.020526553 0.331760705 87.001922607
0.298688829 0.003238941 0.954344988 0.216226578 0.016895516 0.999819517 -0.008681199 -0.983012259 -0.954201102 0.018717131 0.298580170 87.098548889
0.267567426 0.010377944 0.963483214 0.579729080 0.006263292 0.999902070 -0.012509591 -0.999838591 -0.963518798 0.009381737 0.267476231 87.199386597
0.238614187 0.015608547 0.970988929 0.976701736 0.001172749 0.999865353 -0.016360931 -1.009493351 -0.971113741 0.005042676 0.238563791 87.298751831
0.212860003 0.017201049 0.976931155 1.366708755 0.002648309 0.999831080 -0.018181287 -1.024272203 -0.977079213 0.006457283 0.212778509 87.363349915
0.189116746 0.018772701 0.981775105 1.776134491 0.009898525 0.999729991 -0.021022746 -1.032868624 -0.981904685 0.013693878 0.188879892 87.421531677
0.169343829 0.024723735 0.985246837 2.189016342 0.016747708 0.999468565 -0.027959209 -1.037408352 -0.985414743 0.021235349 0.168839812 87.459625244
0.149682626 0.031785037 0.988223016 2.611249924 0.019390231 0.999196529 -0.035074957 -1.031600475 -0.988543987 0.024411986 0.148946047 87.511917114
0.132041529 0.032281395 0.990718424 3.049900055 0.017154137 0.999245465 -0.034845520 -1.046815515 -0.991095722 0.021595975 0.131388128 87.566223145
0.116702646 0.027904825 0.992774844 3.511527061 0.014978798 0.999442041 -0.029853012 -1.071906567 -0.993053973 0.018354502 0.116219550 87.614540100
0.101723015 0.024652295 0.994507253 3.981923103 0.014668938 0.999547064 -0.026277624 -1.094009876 -0.994704664 0.017261405 0.101315290 87.663360596
0.088885225 0.022404829 0.995789886 4.472033501 0.017329890 0.999560893 -0.024036560 -1.105529189 -0.995891035 0.019393425 0.088457912 87.693168640
0.077329770 0.021658488 0.996770382 4.967846394 0.020986980 0.999507129 -0.023346132 -1.120032072 -0.996784627 0.022724546 0.076837115 87.717636108
0.066983297 0.022267193 0.997505546 5.481087685 0.024321372 0.999417424 -0.023943068 -1.134852409 -0.997457623 0.025864489 0.066402704 87.746566772
0.059115402 0.022851417 0.997989655 6.018693447 0.026140105 0.999359667 -0.024431188 -1.148152351 -0.997908831 0.027531812 0.058480218 87.772346497
0.053710446 0.023129769 0.998288751 6.557090282 0.028035652 0.999302626 -0.024661653 -1.165284753 -0.998162866 0.029312262 0.053024545 87.791687012
0.048317760 0.024120416 0.998540819 7.116866112 0.029403184 0.999240696 -0.025560101 -1.181004047 -0.998399019 0.030595282 0.047571868 87.811370850
0.042334974 0.024862787 0.998794138 7.702554226 0.029630216 0.999219298 -0.026129283 -1.200267315 -0.998663962 0.030700671 0.041565239 87.833671570
0.037708823 0.024860173 0.998979509 8.305675507 0.032272037 0.999138713 -0.026082318 -1.215883493 -0.998767555 0.033222631 0.036874060 87.853340149
0.034932584 0.024836399 0.999081016 8.928129196 0.033521552 0.999099493 -0.026008928 -1.232874990 -0.998827398 0.034399312 0.034068570 87.868446350
0.031986527 0.024189167 0.999195576 9.568359375 0.034859125 0.999071836 -0.025302088 -1.255772352 -0.998880208 0.035640407 0.031113630 87.883003235
0.029548261 0.023513813 0.999286771 10.224076271 0.036946908 0.999014378 -0.024599895 -1.276583195 -0.998880208 0.037647441 0.028650381 87.900398254
0.028943818 0.023250919 0.999310672 10.899594307 0.041000716 0.998860478 -0.024427980 -1.294947028 -0.998739779 0.041679487 0.027957529 87.912445068
0.030070532 0.022826299 0.999287248 11.588704109 0.044618502 0.998712063 -0.024155822 -1.313766599 -0.998551369 0.045313064 0.029013326 87.927810669
0.032522190 0.022662681 0.999214113 12.294952393 0.046623524 0.998620212 -0.024166698 -1.336351871 -0.998382866 0.047372833 0.031420700 87.951171875
0.036189452 0.022750558 0.999085903 13.026268959 0.048914243 0.998502135 -0.024509067 -1.356139898 -0.998147130 0.049756505 0.035022419 87.975898743
0.040743206 0.021976825 0.998927891 13.768595695 0.049485333 0.998486757 -0.023985479 -1.380091190 -0.997943521 0.050409514 0.039594024 88.006416321
0.044749614 0.020487366 0.998788178 14.523674011 0.051187340 0.998429358 -0.022773404 -1.399809361 -0.997685969 0.052144408 0.043630637 88.038528442
0.048520356 0.019072244 0.998640060 15.289967537 0.050432067 0.998495579 -0.021519799 -1.421234369 -0.997548103 0.051407631 0.047485515 88.082939148
0.052573238 0.017077761 0.998471081 16.075241089 0.047670078 0.998670995 -0.019591188 -1.436595917 -0.997478664 0.048627172 0.051689267 88.130554199
0.056305833 0.016088387 0.998283982 16.867477417 0.046959858 0.998720944 -0.018744087 -1.456596136 -0.997308612 0.047934685 0.055478301 88.187515259
0.060548674 0.016896792 0.998022258 17.673978806 0.044296071 0.998826146 -0.019597789 -1.479570150 -0.997181952 0.045395102 0.059729137 88.243461609
0.063774399 0.020829752 0.997746944 18.475038528 0.041759122 0.998850703 -0.023521971 -1.509175062 -0.997090280 0.043165129 0.062831275 88.288307190
0.065134592 0.026449030 0.997525930 19.276103973 0.036023151 0.998934746 -0.028838556 -1.530317426 -0.997226119 0.037812404 0.064112425 88.350761414
0.064756371 0.029465962 0.997465968 20.083358765 0.033001404 0.998953938 -0.031652398 -1.559437275 -0.997355282 0.034967467 0.063716225 88.414199829
0.065224729 0.028911827 0.997451723 20.908615112 0.030814983 0.999045014 -0.030973045 -1.593903303 -0.997394681 0.032756671 0.064271532 88.471458435
0.065136470 0.027135639 0.997507334 21.722976685 0.027852451 0.999191284 -0.029000187 -1.627648950 -0.997487545 0.029672002 0.064327992 88.534736633
0.065298311 0.025828345 0.997531474 22.538288116 0.029054245 0.999191940 -0.027773226 -1.661530733 -0.997442722 0.030796070 0.064495124 88.582962036
0.065099135 0.025064711 0.997563958 23.364791870 0.026577007 0.999286294 -0.026842354 -1.698104262 -0.997524798 0.028259674 0.064386532 88.654541016
0.065423205 0.025171328 0.997540116 24.174364090 0.024917450 0.999328792 -0.026850667 -1.733003139 -0.997546434 0.026612811 0.064752094 88.709487915
0.065299198 0.025999632 0.997526944 24.987424850 0.021930773 0.999381602 -0.027483588 -1.763643742 -0.997624636 0.023671199 0.064688630 88.772918701
0.064123400 0.027163247 0.997572243 25.796770096 0.019001668 0.999414921 -0.028434841 -1.800153732 -0.997761071 0.020778878 0.063569739 88.829719543
0.061210461 0.026993465 0.997759819 26.611919403 0.015953783 0.999480128 -0.028018732 -1.829925895 -0.997997344 0.017633084 0.060747977 88.889358521
0.057057753 0.025765197 0.998038352 27.422525406 0.013315235 0.999558330 -0.026565669 -1.862875938 -0.998282135 0.014804890 0.056689475 88.947052002
0.052370299 0.023309909 0.998355687 28.240339279 0.011813853 0.999643087 -0.023959681 -1.892144680 -0.998557866 0.013049206 0.052076228 88.991790771
0.046501808 0.021078575 0.998695910 29.053882599 0.009724964 0.999720395 -0.021553019 -1.924127579 -0.998870850 0.010714537 0.046283819 89.029853821
0.038880344 0.021725301 0.999007761 29.860267639 0.009339260 0.999711990 -0.022104092 -1.950261950 -0.999200225 0.010189408 0.038666256 89.063217163
0.030437695 0.022299241 0.999287844 30.652021408 0.009020869 0.999704182 -0.022583298 -1.983086348 -0.999495983 0.009701828 0.030227531 89.080574036
0.020283483 0.022904176 0.999531925 31.456214905 0.009265214 0.999690354 -0.023095824 -2.007544756 -0.999751389 0.009729341 0.020064987 89.099861145
0.010058239 0.021786097 0.999711990 32.255123138 0.011404222 0.999695063 -0.021900468 -2.037345648 -0.999884427 0.011621219 0.009806719 89.105384827
-0.000747405 0.020914249 0.999781013 33.047824860 0.010078060 0.999730706 -0.020905659 -2.064511776 -0.999948919 0.010060227 -0.000957979 89.103973389
-0.011686123 0.020300329 0.999725640 33.836055756 0.011667635 0.999728680 -0.020164000 -2.089661837 -0.999863625 0.011428795 -0.011919808 89.091117859
-0.022787375 0.020635698 0.999527514 34.621555328 0.011987827 0.999720752 -0.020366387 -2.117819786 -0.999668479 0.011518062 -0.023028385 89.071205139
-0.033929717 0.021308476 0.999197125 35.400928497 0.012198539 0.999707103 -0.020905128 -2.143151522 -0.999349773 0.011479435 -0.034179706 89.044113159
-0.044342469 0.022152005 0.998770833 36.176052094 0.011666148 0.999697387 -0.021654613 -2.173812151 -0.998948216 0.010691588 -0.044587482 89.005363464
-0.054749116 0.023262303 0.998229265 36.937969208 0.012124160 0.999670386 -0.022630922 -2.198565006 -0.998426497 0.010863668 -0.055013109 88.964149475
-0.063762352 0.023867117 0.997679770 37.698089600 0.013585743 0.999642074 -0.023045786 -2.229544640 -0.997872591 0.012084770 -0.064063787 88.902648926
-0.074048154 0.024363544 0.996956944 38.467254639 0.014036307 0.999627888 -0.023386277 -2.257362127 -0.997155905 0.012261884 -0.074362583 88.857284546
-0.083533473 0.024864526 0.996194661 39.207427979 0.014695025 0.999610603 -0.023717569 -2.284108162 -0.996396601 0.012657895 -0.083866350 88.797332764
-0.092151985 0.024344977 0.995447278 39.937072754 0.016034415 0.999607623 -0.022962360 -2.309492111 -0.995615900 0.013845388 -0.092506208 88.723991394
-0.099525869 0.023110406 0.994766474 40.664047241 0.017438669 0.999617159 -0.021478362 -2.338235378 -0.994882226 0.015209751 -0.099890798 88.649139404
-0.104220256 0.021567341 0.994320273 41.412757874 0.020789521 0.999593437 -0.019502655 -2.368490219 -0.994336903 0.018638875 -0.104626291 88.553726196
-0.107364729 0.020368319 0.994010985 42.118064880 0.024204113 0.999547303 -0.017867437 -2.388505220 -0.993924975 0.022140823 -0.107809126 88.461318970
-0.110526934 0.019010175 0.993691325 42.830959320 0.025477704 0.999542534 -0.016288267 -2.413754463 -0.993546546 0.023516677 -0.110960737 88.388000488
-0.112227842 0.017942401 0.993520498 43.514904022 0.025400411 0.999561965 -0.015182285 -2.438989401 -0.993357778 0.023531951 -0.112634443 88.311264038
-0.113173522 0.018427974 0.993404329 44.185825348 0.026458677 0.999529302 -0.015527288 -2.460491180 -0.993222892 0.024526889 -0.113607839 88.236251831
-0.112102278 0.019423416 0.993506789 44.840774536 0.027062269 0.999497771 -0.016486973 -2.481925249 -0.993328094 0.025038324 -0.112571612 88.161911011
-0.108819291 0.021298295 0.993833423 45.460243225 0.028174192 0.999434888 -0.018333420 -2.501068592 -0.993662238 0.026005421 -0.109357864 88.091865540
-0.103993759 0.021490814 0.994345784 46.081050873 0.028506190 0.999420285 -0.018619165 -2.527195454 -0.994169295 0.026408734 -0.104546085 88.033401489
-0.095985435 0.022421243 0.995130241 46.677932739 0.028081423 0.999409318 -0.019809064 -2.543627262 -0.994986534 0.026043290 -0.096558355 87.978904724
-0.084794477 0.022036323 0.996154845 47.262416840 0.026493721 0.999451816 -0.019854071 -2.573523521 -0.996046126 0.024708332 -0.085331820 87.940093994
-0.071082629 0.022294048 0.997221291 47.815883636 0.025841543 0.999455810 -0.020501999 -2.596271515 -0.997135639 0.024312399 -0.071620062 87.908790588
-0.054095827 0.023266340 0.998264730 48.362987518 0.024902834 0.999448955 -0.021944467 -2.625091791 -0.998225152 0.023672516 -0.054645427 87.897583008
-0.033104546 0.025916630 0.999115825 48.892105103 0.022601575 0.999427378 -0.025175840 -2.647899389 -0.999196291 0.021748159 -0.033671349 87.898529053
-0.008577419 0.029145401 0.999538422 49.415206909 0.020446878 0.999371231 -0.028965071 -2.669845581 -0.999754131 0.020188995 -0.009167956 87.915428162
0.019642301 0.030783542 0.999333143 49.931137085 0.018638548 0.999340892 -0.031150129 -2.691402197 -0.999633312 0.019237978 0.019055590 87.949676514
0.052938864 0.030144777 0.998142719 50.440319061 0.015768562 0.999394298 -0.031018907 -2.716950893 -0.998473167 0.017381378 0.052431460 87.993957520
0.092139751 0.027537590 0.995365262 50.913131714 0.014787333 0.999469399 -0.029019980 -2.741098642 -0.995636225 0.017392695 0.091683634 88.034042358
0.133702382 0.023563676 0.990741313 51.446205139 0.012744911 0.999593675 -0.025494166 -2.766974688 -0.990939617 0.016035546 0.133347750 88.139053345
0.179598436 0.019212283 0.983552396 51.935661316 0.010064131 0.999720991 -0.021365842 -2.788424969 -0.983688653 0.013735872 0.179354995 88.246849060
0.228082418 0.015817767 0.973513305 52.421073914 0.005504319 0.999830961 -0.017534975 -2.807052851 -0.973626375 0.009357946 0.227956831 88.389480591
0.279702157 0.014340965 0.959979653 52.882980347 0.001749346 0.999879241 -0.015446705 -2.825055361 -0.960085273 0.005999816 0.279643297 88.559509277
0.335004449 0.014141130 0.942110360 53.335411072 0.000394564 0.999885201 -0.015148632 -2.841859818 -0.942216456 0.005446583 0.334960461 88.748130798
0.389663726 0.014814807 0.920837998 53.763427734 0.002799544 0.999846876 -0.017270597 -2.855360031 -0.920952976 0.009307650 0.389562607 88.994407654
0.450123847 0.017410727 0.892796338 54.180931091 0.003898495 0.999761999 -0.021462219 -2.877570391 -0.892957687 0.013141220 0.449948847 89.233016968
0.510505736 0.020426732 0.859631598 54.580253601 0.004782233 0.999634862 -0.026593518 -2.898512602 -0.859861076 0.017687103 0.510221541 89.496932983
0.569263816 0.025844024 0.821748495 54.937023163 0.001173374 0.999479234 -0.032246511 -2.892828941 -0.822154045 0.019320995 0.568937063 89.783851624
0.622739613 0.028175255 0.781921685 55.257843018 -0.002319099 0.999413490 -0.034165233 -2.911689520 -0.782425702 0.019462690 0.622439802 90.124633789
0.676239491 0.028282950 0.736138761 55.585182190 -0.003806868 0.999383628 -0.034899887 -2.936356544 -0.736671984 0.020798301 0.675930321 90.465888977
0.725067854 0.025569988 0.688202620 55.877292633 -0.003609238 0.999437928 -0.033331271 -2.960066795 -0.688668072 0.021683542 0.724752605 90.827316284
0.769407094 0.023835268 0.638313890 56.119659424 -0.006780797 0.999552071 -0.029150857 -2.963553667 -0.638722777 0.018100597 0.769224048 91.206665039
0.811506152 0.020425078 0.583986759 56.381542206 -0.008378165 0.999692857 -0.023322215 -2.964002609 -0.584283829 0.014033381 0.811428010 91.610992432
0.848252714 0.018500336 0.529268324 56.601459503 -0.011073435 0.999790668 -0.017199948 -2.971967697 -0.529475808 0.008729085 0.848280072 92.035461426
0.879204392 0.015351599 0.476197481 56.782981873 -0.012074835 0.999877632 -0.009940146 -2.980081320 -0.476291925 0.002989410 0.879282236 92.468070984
0.905009687 0.016506590 0.425070584 56.943237305 -0.016223807 0.999859214 -0.004285306 -2.994665384 -0.425081432 -0.003018018 0.905150056 92.894302368
0.924666405 0.018001556 0.380352348 57.048767090 -0.019411139 0.999811471 -0.000129705 -3.015426636 -0.380283058 -0.007263142 0.924841642 93.292320251
0.939826190 0.023571404 0.340838909 57.169303894 -0.026052438 0.999656856 0.002703471 -3.025237083 -0.340658218 -0.011420476 0.940117836 93.736068726
0.951753497 0.027831985 0.305598646 57.280921936 -0.029843409 0.999552667 0.001911120 -3.027759790 -0.305408806 -0.010939020 0.952158511 94.195976257
0.960913897 0.030311668 0.275182992 57.384681702 -0.032074571 0.999483645 0.001907414 -3.026256561 -0.274983078 -0.010659238 0.961389959 94.660720825
0.967024744 0.024848728 0.253466964 57.495040894 -0.026340786 0.999649823 0.002494091 -3.034814596 -0.253316313 -0.009088368 0.967340887 95.128128052
0.971030831 0.022404643 0.237901703 57.604667664 -0.023835480 0.999710858 0.003139201 -3.043283463 -0.237762630 -0.008718763 0.971284270 95.614074707
0.973871946 0.026554063 0.225539863 57.695426941 -0.027896397 0.999606907 0.002766220 -3.047551632 -0.225377828 -0.008985694 0.974229991 96.102882385
0.975907266 0.031782795 0.215858370 57.783714294 -0.033460908 0.999431431 0.004123145 -3.052732229 -0.215604633 -0.011246623 0.976415992 96.620567322
0.977111399 0.037879791 0.209328294 57.889213562 -0.039120320 0.999232888 0.001787523 -3.037184238 -0.209100008 -0.009935600 0.977843821 97.099304199
0.977468252 0.043742228 0.206500337 57.983398438 -0.044348612 0.999014676 -0.001693779 -3.042394638 -0.206370935 -0.007502387 0.978445113 97.618331909
0.977552295 0.045430385 0.205736145 58.090827942 -0.045489855 0.998954952 -0.004443510 -3.049043655 -0.205722988 -0.005015142 0.978597522 98.156021118
0.976975918 0.044577662 0.208639979 58.201236725 -0.043875333 0.999005020 -0.007995428 -3.060525894 -0.208788797 -0.001342806 0.977959931 98.692527771
0.976248384 0.043366648 0.212269336 58.326400757 -0.041254818 0.999045312 -0.014369918 -3.068500519 -0.212689862 0.005271478 0.977105558 99.248497009
0.975515604 0.042510878 0.215782076 58.464515686 -0.039283466 0.999042988 -0.019225698 -3.069306135 -0.216392905 0.010278304 0.976252258 99.788597107
0.974226594 0.047360662 0.220543787 58.582004547 -0.044265848 0.998839796 -0.018956579 -3.079146385 -0.221185774 0.008705446 0.975192964 100.373703003
0.972817719 0.050360534 0.226030245 58.713977814 -0.048216615 0.998724222 -0.014999382 -3.091585398 -0.226497278 0.003693251 0.974004865 100.960838318
0.971878171 0.047047023 0.230736300 58.861412048 -0.045880314 0.998892486 -0.010422448 -3.102734566 -0.230971113 -0.000456901 0.972960532 101.556182861
0.971160352 0.043006223 0.234516472 59.013946533 -0.043128807 0.999058783 -0.004608482 -3.118830681 -0.234493956 -0.005638842 0.972101271 102.178619385
0.970361292 0.040618133 0.238220870 59.167823792 -0.041862775 0.999123275 0.000165826 -3.129639387 -0.238005295 -0.010133499 0.971210957 102.801368713
0.969765365 0.035876781 0.241387665 59.326065063 -0.037168100 0.999308705 0.000796902 -3.136713743 -0.241192177 -0.009744730 0.970428467 103.439605713
0.969777644 0.032384120 0.241831705 59.487266541 -0.032733008 0.999460816 -0.002575802 -3.141147614 -0.241784737 -0.005417926 0.970314741 104.082153320
0.969947457 0.031803224 0.241227269 59.652576447 -0.030471185 0.999492884 -0.009251220 -3.153059959 -0.241399139 0.001622715 0.970424473 104.726562500
0.970141828 0.034077879 0.240132377 59.811145782 -0.031173300 0.999387681 -0.015884977 -3.164930344 -0.240526721 0.007924959 0.970610201 105.366653442
0.970773399 0.036842670 0.237153247 59.971981049 -0.033099957 0.999256909 -0.019745631 -3.171943188 -0.237704545 0.011318770 0.971271634 106.043205261
0.971331596 0.035658147 0.235039309 60.131996155 -0.032875750 0.999335408 -0.015747130 -3.178791285 -0.235444635 0.007568590 0.971858323 106.740547180
0.971716344 0.031511195 0.234039456 60.298011780 -0.030506965 0.999503195 -0.007910753 -3.197944403 -0.234172493 0.000547175 0.972194970 107.448295593
0.972309470 0.031947367 0.231503069 60.468849182 -0.032371886 0.999473870 -0.001965726 -3.212523937 -0.231444106 -0.005582897 0.972832084 108.172393799
0.972569644 0.035522502 0.229883328 60.628669739 -0.035818171 0.999354184 -0.002887933 -3.221342564 -0.229837433 -0.005425284 0.973213911 108.899887085
0.972921073 0.040777132 0.227512062 60.786823273 -0.040138368 0.999166369 -0.007435551 -3.231108427 -0.227625653 -0.001897758 0.973746836 109.629989624
0.973760426 0.041985672 0.223668665 60.953842163 -0.040190246 0.999112844 -0.012575547 -3.242500782 -0.223998249 0.003256272 0.974584103 110.368881226
0.974711716 0.040573955 0.219751239 61.123039246 -0.038078491 0.999153197 -0.015581504 -3.252596855 -0.220197380 0.006819682 0.975431442 111.126747131
0.975677431 0.038380407 0.215825021 61.293014526 -0.036194392 0.999245584 -0.014073454 -3.265688181 -0.216202348 0.005919497 0.976330578 111.899360657
0.976522326 0.034833413 0.212581217 61.460189819 -0.033086263 0.999383152 -0.011771742 -3.285017729 -0.212860137 0.004461849 0.977072537 112.673599243
0.976970732 0.033580825 0.210714445 61.629219055 -0.032432273 0.999434292 -0.008905124 -3.300115108 -0.210894287 0.001866096 0.977507114 113.466781616
0.977282166 0.030749869 0.209699795 61.796279907 -0.030007608 0.999527037 -0.006721181 -3.311875343 -0.209807292 0.000275901 0.977742732 114.264350891
0.977511704 0.025393207 0.209347457 61.969894409 -0.024803927 0.999677539 -0.005440196 -3.326666355 -0.209418148 0.000125215 0.977826178 115.055068970
0.977617204 0.026174445 0.208757371 62.136306763 -0.025945043 0.999655962 -0.003837581 -3.338198900 -0.208786055 -0.001664533 0.977959931 115.856933594
0.977403462 0.031538229 0.209016770 62.302482605 -0.030988511 0.999502361 -0.005905049 -3.347512960 -0.209098980 -0.000705503 0.977894247 116.683227539
0.977120280 0.036951244 0.209453046 62.468986511 -0.035832409 0.999316037 -0.009135243 -3.362988472 -0.209647343 0.001421026 0.977776051 117.494606018
0.976538420 0.045642294 0.210450575 62.631782532 -0.044372298 0.998957157 -0.010755210 -3.373288155 -0.210721999 0.001164701 0.977545381 118.327781677
0.975632191 0.051334210 0.213322788 62.799873352 -0.050290793 0.998681247 -0.010318607 -3.387237072 -0.213571161 -0.000661004 0.976927340 119.150596619
0.974814296 0.053980671 0.216386512 62.970909119 -0.053467270 0.998535752 -0.008230440 -3.408386230 -0.216513932 -0.003546445 0.976273060 119.994873047
0.974251807 0.054712549 0.218723416 63.157371521 -0.054088693 0.998496950 -0.008843700 -3.431915283 -0.218878552 -0.003214468 0.975746870 120.820365906
0.973898411 0.053212952 0.220658481 63.340705872 -0.051874992 0.998583138 -0.011858137 -3.442784309 -0.220976859 0.000101968 0.975279093 121.652587891
0.973847330 0.047115121 0.222264484 63.532752991 -0.045940194 0.998889506 -0.010456301 -3.460968018 -0.222510293 -0.000028031 0.974930346 122.501190186
0.974180400 0.040656760 0.222080126 63.740341187 -0.038974080 0.999168694 -0.011955943 -3.485102654 -0.222381577 0.002991878 0.974955082 123.314811707
0.973937273 0.039482933 0.223354459 63.926254272 -0.037794195 0.999215364 -0.011832238 -3.506390333 -0.223646432 0.003082357 0.974665463 124.154205322
0.973376453 0.042124979 0.225308031 64.115028381 -0.041111220 0.999112248 -0.009191342 -3.520996094 -0.225495204 -0.000316053 0.974244177 125.001197815
0.972970724 0.044162251 0.226666436 64.302566528 -0.044559628 0.999000967 -0.003365842 -3.537722111 -0.226588637 -0.006825307 0.973966658 125.840614319
0.972555101 0.048137058 0.227638975 64.484794617 -0.049601570 0.998768747 0.000713692 -3.555292845 -0.227324352 -0.011985355 0.973745346 126.683143616
0.972313643 0.047162738 0.228870362 64.670028687 -0.047130145 0.998872936 -0.005611409 -3.573450327 -0.228877082 -0.005330647 0.973440766 127.496070862
0.972603679 0.043143686 0.228430644 64.865219116 -0.039573651 0.999012589 -0.020188224 -3.592188358 -0.229076102 0.010595307 0.973350883 128.305770874
