1.000000000 0.000000000 0.000000000 0.000000000 0.000000000 1.000000000 0.000000000 0.000000000 0.000000000 0.000000000 1.000000000 0.000000000
0.999040365 -0.000539295 0.043797746 0.045510642 0.000643901 0.999996960 -0.002374335 -0.019648749 -0.043796334 0.002400257 0.999037623 1.026183248
0.996027470 -0.004702266 0.088921279 0.138876274 0.005380512 0.999958336 -0.007389340 -0.037678063 -0.088882819 0.007838430 0.996011198 2.049464464
0.990868807 -0.004157278 0.134765506 0.271398962 0.005767148 0.999916613 -0.011557524 -0.059023358 -0.134706214 0.012229202 0.990810156 3.058746338
0.983556688 -0.001211426 0.180595398 0.452045023 0.003715867 0.999901474 -0.013530021 -0.093353242 -0.180561244 0.013978611 0.983464420 4.086826801
0.974028945 -0.003744102 0.226392627 0.688128114 0.006979500 0.999884605 -0.013492336 -0.124298766 -0.226315990 0.014722034 0.973942697 5.090289593
0.962364435 -0.004182771 0.271730065 0.962107837 0.008517666 0.999854505 -0.014775452 -0.154723167 -0.271628797 0.016533874 0.962260067 6.096750736
0.948825717 -0.006976107 0.315723091 1.288105726 0.013100947 0.999764860 -0.017281124 -0.189057425 -0.315528244 0.020533049 0.948693991 7.079542637
0.933639467 -0.008610568 0.358110487 1.661128759 0.016547343 0.999680579 -0.019104263 -0.220931768 -0.357831508 0.023762267 0.933483779 8.037379265
0.916309357 -0.008576073 0.400379241 2.071158409 0.018093739 0.999636292 -0.019997310 -0.252367914 -0.400062203 0.025568079 0.916131258 8.971083641
0.896783113 -0.009275762 0.442373395 2.536798477 0.019478567 0.999638617 -0.018526508 -0.289405048 -0.442041755 0.025231056 0.896639585 9.905616760
0.875035524 -0.008980847 0.483975410 3.028910398 0.020015970 0.999644041 -0.017639393 -0.325256586 -0.483644724 0.025122328 0.874903798 10.787415504
0.850972176 -0.008886030 0.525135636 3.562326908 0.020624371 0.999651074 -0.016505899 -0.358226240 -0.524805784 0.024876647 0.850858450 11.666288376
0.825530112 -0.009564214 0.564277053 4.150750160 0.022782838 0.999606133 -0.016388174 -0.397466898 -0.563898027 0.026384763 0.825422823 12.511035919
0.798267722 -0.011345708 0.602195978 4.756371498 0.026224211 0.999529183 -0.015930988 -0.431022227 -0.601731658 0.028509308 0.798189282 13.306876183
0.769452810 -0.010224388 0.638621807 5.428617001 0.026750324 0.999510407 -0.016228275 -0.467415363 -0.638143241 0.029570233 0.769349575 14.126755714
0.738877892 -0.013498718 0.673704207 6.106571674 0.031711414 0.999388218 -0.014754847 -0.499790490 -0.673092902 0.032266140 0.738853812 14.861438751
0.706800342 -0.012745690 0.707298219 6.852813244 0.032173350 0.999382257 -0.014141591 -0.531968057 -0.706680954 0.032751437 0.706773877 15.599625587
0.672821045 -0.011534517 0.739715338 7.599471569 0.033421449 0.999331474 -0.014816307 -0.564430356 -0.739049911 0.034691080 0.672756791 16.271604538
0.637088418 -0.012552635 0.770688534 8.406492233 0.037957553 0.999165177 -0.015103588 -0.590397954 -0.769855559 0.038875770 0.637033045 16.944494247
0.600549579 -0.010958568 0.799512386 9.198184967 0.038424619 0.999146342 -0.015167589 -0.617929876 -0.798663855 0.039829850 0.600458026 17.530939102
0.562663496 -0.009564696 0.826630712 10.052383423 0.040904026 0.999030411 -0.016282700 -0.648944974 -0.825673461 0.042974193 0.562509179 18.120267868
0.523800790 -0.007690493 0.851806045 10.892686844 0.045428172 0.998788416 -0.018917613 -0.673515439 -0.850628555 0.048605047 0.523515582 18.635803223
0.485219568 -0.006804241 0.874365866 11.799276352 0.047125801 0.998719990 -0.018379981 -0.699716985 -0.873121500 0.050123524 0.484919012 19.130508423
0.447003067 -0.008771641 0.894489348 12.699277878 0.052678909 0.998474658 -0.016533870 -0.727160215 -0.892980039 0.054511413 0.446783245 19.566316605
0.410019815 -0.009236041 0.912029803 13.639581680 0.056380231 0.998293102 -0.015237146 -0.753380418 -0.910332382 0.057667982 0.409840643 19.980287552
0.374983698 -0.006807170 0.927006423 14.576323509 0.057920493 0.998191297 -0.016099550 -0.780902445 -0.925220132 0.059729744 0.374699682 20.346950531
0.341503382 -0.007646694 0.939849377 15.545332909 0.058353059 0.998210311 -0.013081624 -0.804332852 -0.938067377 0.059310511 0.341338366 20.696664810
0.308097064 -0.009217181 0.951310277 16.543222427 0.060869824 0.998095334 -0.010043194 -0.827037513 -0.949405551 0.061000373 0.308071285 21.013887405
0.275540590 -0.009108907 0.961246192 17.527887344 0.061572265 0.998068988 -0.008191806 -0.849014521 -0.959315479 0.061443284 0.275569350 21.284688950
0.243257388 -0.006191884 0.969942033 18.533231735 0.058951039 0.998225391 -0.008412233 -0.872035861 -0.968168616 0.059225421 0.243190721 21.539566040
0.212403983 -0.004712953 0.977170587 19.570796967 0.058669467 0.998245835 -0.007938167 -0.889791191 -0.975419104 0.059016164 0.212307945 21.762800217
0.181759462 -0.004625873 0.983332157 20.592199326 0.060377851 0.998154581 -0.006464661 -0.910426080 -0.981487572 0.060546488 0.181703344 21.954904556
0.151076391 -0.004786927 0.988510489 21.662363052 0.061927143 0.998069942 -0.004631251 -0.924070239 -0.986580372 0.061915301 0.151081234 22.113845825
0.120506242 -0.005430645 0.992697716 22.742269516 0.060562260 0.998162627 -0.001891272 -0.937694728 -0.990863502 0.060347922 0.120613717 22.245414734
0.091431797 -0.005934626 0.995793641 23.829620361 0.061222330 0.998124063 0.000327204 -0.951575756 -0.993927538 0.060934890 0.091623604 22.338497162
0.064308576 -0.005607863 0.997914314 24.954402924 0.063919768 0.997953892 0.001488903 -0.957358778 -0.995880842 0.063690707 0.064535469 22.401418686
0.039431874 -0.005147141 0.999209106 26.077465057 0.068012305 0.997681439 0.002455297 -0.965933323 -0.996905029 0.067861684 0.039690517 22.431369781
0.016625285 -0.004596805 0.999851227 27.253002167 0.072321624 0.997375548 0.003382877 -0.966566384 -0.997242808 0.072254598 0.016914105 22.444038391
-0.003486530 -0.004785556 0.999982595 28.409986496 0.077887125 0.996949434 0.005042601 -0.968205452 -0.996956110 0.077903353 -0.003103162 22.431547165
-0.020586884 -0.005361369 0.999773800 29.603977203 0.082591064 0.996558607 0.007044806 -0.968760192 -0.996370852 0.082717404 -0.020073233 22.385087967
-0.036178205 -0.005210569 0.999331772 30.813999176 0.085649960 0.996290743 0.008295448 -0.966642857 -0.995668352 0.085892834 -0.035597730 22.330608368
-0.050479453 -0.005906217 0.998707652 32.017311096 0.087887935 0.996076763 0.010332933 -0.964847684 -0.994850457 0.088295959 -0.049762323 22.271394730
-0.063500874 -0.006934297 0.997957706 33.227584839 0.088168427 0.996026754 0.012531110 -0.961149096 -0.994079471 0.088784114 -0.062637188 22.185415268
-0.075776771 -0.006754855 0.997101843 34.438549042 0.087755159 0.996051729 0.013416870 -0.957711220 -0.993255854 0.088517524 -0.074884810 22.098937988
-0.087071337 -0.004084032 0.996193707 35.664867401 0.087741971 0.996073842 0.011752541 -0.954578519 -0.992330551 0.088431314 -0.086371131 22.000226974
-0.097365804 -0.000715505 0.995248497 36.900688171 0.088021263 0.996074915 0.009327278 -0.947387815 -0.991348684 0.088511184 -0.096920669 21.883586884
-0.106499471 0.001708749 0.994311273 38.161647797 0.089520022 0.995953798 0.007876808 -0.946167529 -0.990274668 0.089849651 -0.106221519 21.747623444
-0.113867477 0.002953462 0.993491650 39.449188232 0.089450419 0.995964587 0.007291407 -0.935901105 -0.989460886 0.089698479 -0.113672182 21.604290009
-0.119599156 0.003525389 0.992816031 40.758178711 0.088948533 0.996010363 0.007178414 -0.931336105 -0.988829672 0.089168049 -0.119435564 21.450241089
-0.124688849 0.005373298 0.992181480 42.083938599 0.090350769 0.995892167 0.005961119 -0.922383726 -0.988073528 0.090387627 -0.124662153 21.288604736
-0.129182905 0.006634268 0.991598725 43.419250488 0.089142397 0.996006548 0.004949479 -0.921548724 -0.987605929 0.089032859 -0.129258409 21.116018295
-0.133672252 0.007290612 0.990998685 44.797607422 0.089784600 0.995949745 0.004783683 -0.918853104 -0.986950099 0.089615881 -0.133785427 20.945541382
-0.136363253 0.006649018 0.990636706 46.178955078 0.089503132 0.995970607 0.005635480 -0.913435340 -0.986607432 0.089433551 -0.136408910 20.762840271
-0.139244124 0.004795858 0.990246534 47.612289429 0.090429813 0.995871544 0.007892746 -0.912996531 -0.986120462 0.090646826 -0.139102951 20.565912247
-0.140665278 0.003465402 0.990051150 49.029220581 0.090432540 0.995858490 0.009362820 -0.905308366 -0.985918462 0.090849854 -0.140396118 20.352685928
-0.143045530 0.004210454 0.989707112 50.462028503 0.093317613 0.995593369 0.009252000 -0.901156366 -0.985307038 0.093680568 -0.142808139 20.159957886
-0.143505275 0.004469652 0.989639461 51.929737091 0.092844605 0.995640218 0.008966421 -0.876714587 -0.985284746 0.093169414 -0.143294618 19.924468994
-0.143838182 0.006256090 0.989581466 53.394344330 0.095149405 0.995434463 0.007537117 -0.859531701 -0.985016465 0.095242195 -0.143776760 19.711112976
-0.143574908 0.006372562 0.989618957 54.886123657 0.094845273 0.995464921 0.007350042 -0.851432860 -0.985084057 0.094915964 -0.143528193 19.489398956
-0.142580375 0.007930378 0.989751458 56.389785767 0.094708622 0.995488882 0.005667063 -0.841231346 -0.985241652 0.094546005 -0.142688230 19.269207001
-0.141096920 0.008107563 0.989962578 57.928977966 0.095255166 0.995438099 0.005424074 -0.830808520 -0.985402465 0.095064349 -0.141225547 19.046464920
-0.138924137 0.006979930 0.990278423 59.466800690 0.094994657 0.995457768 0.006310169 -0.829050541 -0.985736251 0.094947770 -0.138956189 18.815759659
-0.137139365 0.007870445 0.990520477 61.044475555 0.096324794 0.995335162 0.005427641 -0.823261857 -0.985857129 0.096156031 -0.137257755 18.590232849
-0.135861367 0.008460552 0.990691721 62.612640381 0.096166238 0.995354176 0.004687665 -0.816415548 -0.986049533 0.095907964 -0.136043832 18.388042450
-0.134501606 0.009108856 0.990871608 64.216896057 0.097209208 0.995255709 0.004046092 -0.812996089 -0.986133695 0.096866034 -0.134749010 18.162593842
-0.133120909 0.008812164 0.991060615 65.837074280 0.096432872 0.995331049 0.004102888 -0.810394406 -0.986397207 0.096116997 -0.133349150 17.944181442
-0.131489247 0.007516466 0.991289079 67.495735168 0.098783158 0.995093465 0.005557751 -0.800485909 -0.986383557 0.098653451 -0.131586596 17.707008362
-0.130252540 0.005684496 0.991464496 69.153411865 0.100765236 0.994881630 0.007533831 -0.797369480 -0.986347139 0.100886457 -0.130158678 17.482322693
-0.129898116 0.006469584 0.991506219 70.905334473 0.101251170 0.994837821 0.006773684 -0.785750449 -0.986344099 0.101271056 -0.129882589 17.251045227
-0.128574789 0.007992957 0.991667628 72.591133118 0.103392132 0.994626045 0.005388521 -0.786682010 -0.986295402 0.103223458 -0.128710270 17.022413254
-0.127012834 0.008166607 0.991867423 74.306266785 0.102936231 0.994675577 0.004991694 -0.777662873 -0.986545444 0.102733105 -0.127177179 16.786342621
-0.126122534 0.008288665 0.991979957 76.019683838 0.103975572 0.994567752 0.004909397 -0.775003672 -0.986550629 0.103760891 -0.126299202 16.558345795
-0.125435978 0.007018295 0.992076874 77.755325317 0.103979684 0.994560659 0.006111092 -0.774430513 -0.986637890 0.103922375 -0.125483468 16.333866119
-0.125322804 0.007315212 0.992089033 79.486907959 0.105355844 0.994416773 0.005976399 -0.770892859 -0.986506104 0.105271354 -0.125393808 16.123714447
-0.125159621 0.007284027 0.992109895 81.266067505 0.106629327 0.994279802 0.006151864 -0.761267066 -0.986389995 0.106557995 -0.125220373 15.898395538
-0.124812469 0.008456904 0.992144227 83.029663086 0.107153386 0.994229913 0.005005295 -0.753867865 -0.986377180 0.106936343 -0.124998465 15.671229362
-0.125616580 0.009237260 0.992035866 84.833602905 0.106983349 0.994251490 0.004288878 -0.761495471 -0.986293733 0.106670067 -0.125882700 15.450881958
-0.126603082 0.009915595 0.991903841 86.630294800 0.106323481 0.994324982 0.003630956 -0.768324614 -0.986238718 0.105922371 -0.126938894 15.226383209
-0.128242984 0.010604621 0.991686225 88.435562134 0.105486967 0.994416118 0.003007560 -0.770198464 -0.986116707 0.104995646 -0.128645539 15.012989044
-0.129509717 0.009562907 0.991532028 90.260437012 0.104164988 0.994552076 0.004013558 -0.776928663 -0.986091673 0.103802741 -0.129800245 14.788997650
-0.130663455 0.009428157 0.991381943 92.096717834 0.104184017 0.994548857 0.004273110 -0.776866317 -0.985937476 0.103844509 -0.130933478 14.557971001
-0.131008729 0.008623661 0.991343677 93.957733154 0.101896323 0.994783401 0.004812289 -0.774983048 -0.986130893 0.101644717 -0.131204039 14.316760063
-0.132813469 0.009238567 0.991097927 95.782592773 0.101724356 0.994803071 0.004358608 -0.782204092 -0.985907078 0.101397686 -0.133063048 14.082131386
-0.135292038 0.010205617 0.990753353 97.660034180 0.101117335 0.994868159 0.003560042 -0.780623078 -0.985632479 0.100663953 -0.135629714 13.823592186
-0.139410436 0.011043796 0.990173042 99.542427063 0.101578154 0.994822323 0.003205942 -0.781384468 -0.985010982 0.101026908 -0.139810413 13.559170723
-0.143850565 0.010182633 0.989546955 101.423095703 0.099627122 0.995015740 0.004243896 -0.784609675 -0.984571695 0.099196203 -0.144148037 13.292264938
-0.148604825 0.009422089 0.988851786 103.337745667 0.097948790 0.995177805 0.005237403 -0.785569251 -0.984033823 0.097635180 -0.148811102 13.010256767
-0.153119251 0.010198344 0.988155067 105.237434387 0.096708022 0.995301664 0.004713261 -0.792730451 -0.983464241 0.096284211 -0.153386116 12.720408440
-0.157598227 0.012056700 0.987429738 107.166351318 0.097176835 0.995261490 0.003357533 -0.790880501 -0.982710183 0.096484445 -0.158023059 12.404842377
-0.162261859 0.013682705 0.986652792 109.087745667 0.096990123 0.995283008 0.002148304 -0.803496718 -0.981969476 0.096044175 -0.162823513 12.100877762
-0.166724980 0.013736790 0.985907733 111.015678406 0.095893890 0.995388806 0.002347540 -0.815833449 -0.981329262 0.094933912 -0.167273447 11.775491714
-0.171752036 0.013563897 0.985046923 112.971351624 0.094110541 0.995558083 0.002700412 -0.822316945 -0.980634689 0.093167104 -0.172265649 11.443265915
-0.176342458 0.013270899 0.984239399 114.930702209 0.092611983 0.995697200 0.003167548 -0.826891720 -0.979962409 0.091710933 -0.176812723 11.091848373
-0.182405591 0.012353769 0.983145773 116.882598877 0.091122329 0.995829999 0.004393010 -0.832515836 -0.978991807 0.090387844 -0.182770669 10.749340057
-0.187421933 0.012324397 0.982202172 118.860832214 0.091812193 0.995763659 0.005024867 -0.835423410 -0.977979362 0.091119930 -0.187759474 10.371713638
-0.192829743 0.013624609 0.981137753 120.809852600 0.092287414 0.995723069 0.004310736 -0.842661381 -0.976882637 0.091377907 -0.193262458 9.996210098
-0.198341608 0.014855303 0.980020404 122.771377563 0.092040032 0.995749056 0.003533815 -0.848244429 -0.975801826 0.090902008 -0.198865712 9.610168457
-0.204653606 0.014754393 0.978723168 124.753456116 0.092104957 0.995740235 0.004248461 -0.848211527 -0.974491358 0.091014735 -0.205140755 9.218858719
-0.210074127 0.014570310 0.977576911 126.737327576 0.090951838 0.995844185 0.004702307 -0.851879537 -0.973445773 0.089900233 -0.210526302 8.799633026
-0.215370834 0.015320819 0.976412237 128.724243164 0.090123802 0.995921433 0.004252002 -0.853426278 -0.972364724 0.088913724 -0.215873256 8.369247437
-0.220771044 0.015861962 0.975196660 130.729751587 0.089432292 0.995984674 0.004046143 -0.860109806 -0.971216798 0.088107340 -0.221303120 7.934299469
-0.225487232 0.015160356 0.974128127 132.714675903 0.090610914 0.995871305 0.005475505 -0.868201733 -0.970023274 0.089501299 -0.225929990 7.487575531
-0.229254648 0.015272309 0.973246694 134.721710205 0.092975676 0.995648682 0.006277193 -0.861555338 -0.968915939 0.091927357 -0.229677022 7.013240814
-0.232972488 0.016072167 0.972350478 136.739715576 0.094233610 0.995531380 0.006122794 -0.863498330 -0.967906952 0.093054563 -0.233445957 6.536367416
-0.236055106 0.016721593 0.971595824 138.745971680 0.094653256 0.995493174 0.005863705 -0.865675330 -0.967118919 0.093348876 -0.236573905 6.052703857
-0.239651427 0.016536135 0.970718205 140.785064697 0.093886480 0.995563567 0.006219369 -0.869968891 -0.966308773 0.092627794 -0.240140706 5.559600830
-0.242846712 0.017335771 0.969909787 142.801162720 0.092836767 0.995666444 0.005448407 -0.873090088 -0.965612173 0.091366418 -0.243403703 5.058017731
-0.249226287 0.018138304 0.968275487 144.855575562 0.091865614 0.995758951 0.004992330 -0.876149118 -0.964078367 0.090195447 -0.249835551 4.562072754
-0.251795381 0.017219467 0.967627287 146.878097534 0.090293549 0.995898485 0.005773563 -0.886249959 -0.963559091 0.088824257 -0.252317429 4.036106110
-0.256727129 0.017704505 0.966321766 148.918075562 0.090447813 0.995884418 0.005783544 -0.890668809 -0.962242484 0.088886492 -0.257271796 3.509979248
-0.261740535 0.017976260 0.964971006 150.975067139 0.089714974 0.995950639 0.005781080 -0.898443103 -0.960959494 0.088085473 -0.262293398 2.972469330
-0.266906410 0.018088238 0.963552654 153.034103394 0.089057550 0.996008575 0.005971644 -0.900612116 -0.959598720 0.087405510 -0.267452031 2.425823212
-0.271619946 0.017473407 0.962245941 155.077423096 0.088928975 0.996013284 0.007016027 -0.906522155 -0.958287120 0.087477259 -0.272091031 1.866672516
-0.276252002 0.017694693 0.960922360 157.141967773 0.089628309 0.995947599 0.007427252 -0.907236338 -0.956896842 0.088177621 -0.276718467 1.291313171
-0.280546308 0.018445462 0.959663212 159.220855713 0.090482675 0.995871305 0.007310138 -0.909181595 -0.955566168 0.088883735 -0.281056911 0.698764801
-0.284011453 0.019638082 0.958619773 161.289154053 0.090954684 0.995833516 0.006546822 -0.908845544 -0.954497099 0.089050330 -0.284614354 0.089897156
-0.287724882 0.021174869 0.957479000 163.366622925 0.090967625 0.995839596 0.005312784 -0.914636493 -0.953383088 0.088628203 -0.288454145 -0.529647827
-0.291230857 0.022705406 0.956383407 165.454940796 0.092025734 0.995746911 0.004383072 -0.916519105 -0.952216268 0.089288354 -0.292081773 -1.152912140
-0.294600248 0.023182984 0.955339253 167.547882080 0.091230124 0.995822072 0.003967478 -0.923093975 -0.951255918 0.088324539 -0.295484334 -1.787097931
-0.298364252 0.023068275 0.954173267 169.652465820 0.091506302 0.995794177 0.004538965 -0.935417593 -0.950055480 0.088667147 -0.299220264 -2.433864594
-0.302322596 0.023601752 0.952913523 171.745498657 0.091443822 0.995800734 0.004347607 -0.935813308 -0.948809266 0.088452406 -0.303211391 -3.083431244
-0.306392223 0.024574971 0.951588035 173.862625122 0.093710020 0.995589554 0.004461424 -0.942676067 -0.947281420 0.090540290 -0.307343751 -3.761157990
-0.309315562 0.024986753 0.950631142 175.965606689 0.095947094 0.995373547 0.005056396 -0.947637558 -0.946106791 0.092774309 -0.310281903 -4.444118500
-0.311505973 0.024673881 0.949923813 178.039031982 0.096987620 0.995267808 0.005953227 -0.953161359 -0.945281684 0.093985312 -0.312424988 -5.130878448
-0.314179808 0.024377819 0.949050426 180.134155273 0.096701249 0.995292544 0.006446991 -0.951070547 -0.944425702 0.093799874 -0.315058261 -5.821334839
-0.317056298 0.025078284 0.948075056 182.264495850 0.095907673 0.995373666 0.005744130 -0.952626109 -0.943544865 0.092748880 -0.317994714 -6.529338837
-0.319556743 0.027152365 0.947178066 184.360015869 0.095451452 0.995427251 0.003667688 -0.959439516 -0.942747295 0.091581561 -0.320687234 -7.235347748
-0.322946668 0.029108137 0.945969403 186.491790771 0.095284589 0.995448411 0.001898793 -0.967182040 -0.941608369 0.090749517 -0.324250251 -7.956886292
-0.326153636 0.030159598 0.944835663 188.627090454 0.094513029 0.995523274 0.000847969 -0.981468916 -0.940580189 0.089575820 -0.327544093 -8.685501099
-0.329536319 0.031081224 0.943631172 190.796478271 0.092834547 0.995681465 -0.000375824 -0.993819237 -0.939567745 0.087477729 -0.330998659 -9.434650421
-0.332841992 0.031506214 0.942456067 192.939666748 0.093671419 0.995603144 -0.000201498 -1.006105185 -0.938318610 0.088214137 -0.334329754 -10.200191498
-0.336784422 0.030692078 0.941081405 195.116195679 0.093307793 0.995636880 0.000920693 -1.020403981 -0.936947107 0.088120304 -0.338178873 -10.962509155
-0.340035081 0.029927822 0.939936340 197.282180786 0.093039393 0.995660424 0.001956212 -1.032390237 -0.935799003 0.088116303 -0.341343939 -11.749328613
-0.343659997 0.029990168 0.938615143 199.441970825 0.093204528 0.995644212 0.002313119 -1.042509317 -0.934457362 0.088278107 -0.344958305 -12.538078308
-0.347124726 0.030272871 0.937330246 201.604553223 0.092536584 0.995706975 0.002111134 -1.053045750 -0.933242321 0.087470166 -0.348435909 -13.332439423
-0.351070940 0.030646527 0.935847223 203.778350830 0.091648333 0.995789886 0.001771198 -1.072587132 -0.931852877 0.086390637 -0.352401584 -14.141853333
-0.354559809 0.031196406 0.934512794 205.967575073 0.091195010 0.995832145 0.001356538 -1.086828232 -0.930575550 0.085703872 -0.355926991 -14.957492828
-0.357519060 0.031768080 0.933365345 208.093444824 0.092496254 0.995711982 0.001539936 -1.110184431 -0.929314017 0.086883366 -0.358924389 -15.770347595
-0.360091180 0.031443343 0.932387054 210.242172241 0.093462445 0.995619535 0.002519756 -1.129448891 -0.928223610 0.088050507 -0.361452609 -16.599792480
-0.362911671 0.031076372 0.931305230 212.423110962 0.094865829 0.995482862 0.003749478 -1.141911268 -0.926981986 0.089709759 -0.364220440 -17.452121735
-0.365631074 0.032096062 0.930206299 214.609161377 0.096354388 0.995340765 0.003530012 -1.154121161 -0.925759017 0.090920150 -0.367020130 -18.309463501
-0.368815839 0.033050194 0.928914726 216.801910400 0.096293733 0.995348990 0.002818538 -1.169207215 -0.924501121 0.090488173 -0.370283008 -19.166400909
-0.371386260 0.033132344 0.927887142 218.985336304 0.095740981 0.995402396 0.002777144 -1.186090231 -0.923529029 0.089868233 -0.372850895 -20.035186768
-0.374443591 0.034588460 0.926604331 221.158981323 0.095653117 0.995413601 0.001496722 -1.205149889 -0.922302783 0.089193016 -0.376034766 -20.908359528
-0.377007872 0.036187291 0.925502777 223.342010498 0.096135691 0.995368123 0.000242278 -1.221955419 -0.921207368 0.089065194 -0.378740519 -21.799110413
-0.379666507 0.035911378 0.924426138 225.513580322 0.093762718 0.995594561 -0.000167254 -1.246064544 -0.920359671 0.086613208 -0.381361008 -22.680164337
-0.382995009 0.037089035 0.923005521 227.690841675 0.094762452 0.995499671 -0.000680999 -1.265478253 -0.918876946 0.087205462 -0.384786099 -23.571540833
-0.385600924 0.036526740 0.921942353 229.846527100 0.096076474 0.995373607 0.000747781 -1.292525053 -0.917649865 0.088865310 -0.387326300 -24.472564697
-0.388524324 0.035507843 0.920754194 232.021606445 0.096449897 0.995335162 0.002314323 -1.315108061 -0.916376710 0.089705810 -0.390136719 -25.381523132
-0.391961306 0.034981512 0.919316351 234.165435791 0.095381238 0.995436847 0.002788878 -1.333201885 -0.915023863 0.088778652 -0.393509328 -26.283248901
-0.395108461 0.035200041 0.917959869 236.312927246 0.094074331 0.995562494 0.002315707 -1.355537891 -0.913804889 0.087271415 -0.396666527 -27.202114105
-0.398573786 0.034600109 0.916483402 238.511688232 0.092234232 0.995734155 0.002520110 -1.370147228 -0.912486613 0.085535601 -0.400064826 -28.147209167
-0.402328551 0.034088038 0.914860487 240.678268433 0.091516964 0.995798588 0.003142635 -1.388358116 -0.910909653 0.084989622 -0.403757811 -29.082633972
-0.406201422 0.033879340 0.913155258 242.839355469 0.090644881 0.995877564 0.003373361 -1.407848835 -0.909276545 0.084143125 -0.407597870 -30.034858704
-0.410093129 0.033650447 0.911422670 244.993408203 0.090338163 0.995903730 0.003877954 -1.427260637 -0.907558620 0.083926581 -0.411453158 -30.992813110
-0.414341837 0.033015985 0.909522176 247.164947510 0.088954426 0.996026039 0.004367952 -1.443183303 -0.905763686 0.082715832 -0.415632308 -31.959442139
-0.418604434 0.033234358 0.907560349 249.296112061 0.088255093 0.996088922 0.004230683 -1.452651143 -0.903870106 0.081867792 -0.419900447 -32.922981262
-0.422226191 0.034228291 0.905844033 251.455520630 0.088664085 0.996054769 0.003690534 -1.472139835 -0.902143955 0.081874050 -0.423595369 -33.916923523
-0.425903529 0.034239467 0.904120445 253.586914062 0.088779040 0.996042907 0.004100473 -1.498243093 -0.900402367 0.082013354 -0.427257955 -34.909713745
-0.430124700 0.034064453 0.902126551 255.749145508 0.088519365 0.996063888 0.004593584 -1.512804270 -0.898419201 0.081831470 -0.431447089 -35.916717529
-0.434070200 0.034208737 0.900229216 257.878845215 0.087149583 0.996186435 0.004166440 -1.529618621 -0.896653771 0.080263130 -0.435396194 -36.925102234
-0.438130021 0.034532927 0.898247957 260.021209717 0.087143287 0.996186912 0.004206907 -1.541508913 -0.894677579 0.080119468 -0.439468682 -37.959892273
-0.441683352 0.035170402 0.896481395 262.151733398 0.087564178 0.996150732 0.004061007 -1.540404439 -0.892887771 0.080293350 -0.443062693 -39.000259399
-0.445009053 0.036456417 0.894783854 264.278503418 0.089023903 0.996022582 0.003693640 -1.549563885 -0.891090155 0.081300817 -0.446484596 -40.055130005
-0.448645711 0.038613394 0.892875135 266.414978027 0.091442823 0.995806158 0.002882788 -1.562492371 -0.889019251 0.082940377 -0.450294971 -41.122848511
-0.451540112 0.039257694 0.891386747 268.553833008 0.092902422 0.995669961 0.003210122 -1.578730226 -0.887401104 0.084261492 -0.453232080 -42.206695557
-0.454849839 0.041764218 0.889588296 270.693481445 0.094741248 0.995500445 0.001704994 -1.578789353 -0.885514379 0.085056223 -0.456760019 -43.295066833
-0.457714587 0.044003539 0.888009608 272.823394775 0.096516460 0.995331287 0.000426679 -1.602934361 -0.883844972 0.085902855 -0.459824711 -44.374130249
-0.460974783 0.044454243 0.886299074 274.973022461 0.096889272 0.995295048 0.000472100 -1.614227176 -0.882108092 0.086090505 -0.463113040 -45.463699341
-0.464484215 0.045484353 0.884412587 277.130126953 0.097246863 0.995260298 -0.000112087 -1.633919358 -0.880225778 0.085954279 -0.466705918 -46.566581726
-0.468033671 0.045031335 0.882562518 279.305786133 0.095977753 0.995383620 0.000110321 -1.643602610 -0.878483236 0.084757999 -0.470194966 -47.713180542
-0.471300125 0.046818715 0.880729377 281.458923340 0.097377330 0.995247245 -0.000797349 -1.658408880 -0.876580775 0.085387282 -0.473619223 -48.856193542
-0.474662125 0.046430301 0.878942609 283.629211426 0.096056685 0.995375633 -0.000706665 -1.673830867 -0.874910891 0.084092885 -0.476926982 -50.019706726
-0.477652997 0.046641134 0.877309620 285.764862061 0.094856478 0.995490134 -0.001279261 -1.689824343 -0.873412728 0.082607448 -0.479923040 -51.160606384
-0.479673356 0.047760341 0.876146317 287.884765625 0.097173765 0.995266855 -0.001053022 -1.711225510 -0.872049689 0.084633343 -0.482044101 -52.313400269
-0.482247472 0.047477376 0.874747515 290.096679688 0.098848633 0.995102286 0.000485482 -1.736466646 -0.870440304 0.086701728 -0.484578669 -53.516540527
-0.484688908 0.047850009 0.873376787 292.309539795 0.099378288 0.995049477 0.000634818 -1.731832504 -0.869022727 0.087102391 -0.487044752 -54.740623474
-0.486303240 0.047177047 0.872515619 294.473449707 0.098929636 0.995093524 0.001334337 -1.744062066 -0.868171692 0.086966544 -0.488584429 -55.944374084
-0.488778085 0.046878994 0.871147752 296.683349609 0.098740168 0.995111525 0.001850667 -1.745192170 -0.866802394 0.086921841 -0.491017520 -57.168807983
-0.491723418 0.047262099 0.869467854 298.913482666 0.099893667 0.994995117 0.002408944 -1.745199680 -0.865002513 0.088038877 -0.493983626 -58.416732788
-0.493839383 0.046960231 0.868284166 301.126007080 0.099939778 0.994988859 0.003028125 -1.749524593 -0.863790929 0.088271528 -0.496057838 -59.673011780
-0.495968014 0.047499761 0.867040634 303.327850342 0.099203132 0.995064676 0.002233183 -1.759716034 -0.862655461 0.087120749 -0.498232454 -60.919265747
-0.498825550 0.050173271 0.865248919 305.529449463 0.098915130 0.995095670 -0.000677042 -1.766560078 -0.861039400 0.085248500 -0.501341999 -62.163581848
-0.502167404 0.049202431 0.863369584 307.741516113 0.097061753 0.995278239 -0.000265082 -1.783311725 -0.859306097 0.083667040 -0.504571974 -63.441726685
-0.506787837 0.047168281 0.860779405 309.943237305 0.094788477 0.995496631 0.001256736 -1.801262259 -0.856843770 0.082228877 -0.508976519 -64.707931519
-0.511731088 0.044632569 0.857985556 312.163360596 0.092210546 0.995734394 0.003199142 -1.811157942 -0.854182959 0.080752417 -0.513663828 -66.002067566
-0.516143501 0.043313034 0.855406165 314.387573242 0.090994075 0.995841324 0.004481020 -1.814368367 -0.851654828 0.080149762 -0.517938256 -67.340896606
-0.520822942 0.043765143 0.852542102 316.658203125 0.091799781 0.995765030 0.004963550 -1.819394827 -0.848714292 0.080848306 -0.522635043 -68.706230164
-0.525538504 0.045387223 0.849558234 318.929595947 0.094326444 0.995527923 0.005164949 -1.822490335 -0.845524609 0.082850181 -0.527469397 -70.089057922
-0.529024780 0.046356659 0.847339272 321.178649902 0.095206000 0.995445132 0.004981281 -1.821032286 -0.843248665 0.083307020 -0.531028628 -71.498344421
-0.532935381 0.046251085 0.844890893 323.412994385 0.096010491 0.995361805 0.006072779 -1.832590461 -0.840691149 0.084354788 -0.534904182 -72.901451111
-0.536857307 0.044868499 0.842479169 325.623840332 0.096213207 0.995326102 0.008301674 -1.836286068 -0.838168800 0.085514449 -0.538664997 -74.321189880
-0.540888250 0.042735774 0.840008020 327.845031738 0.093739383 0.995549381 0.009710559 -1.828794479 -0.835854471 0.083994150 -0.542487085 -75.742202759
-0.544733167 0.042360943 0.837538838 330.042602539 0.093048170 0.995609701 0.010162444 -1.833071470 -0.833431363 0.083467282 -0.546283245 -77.155387878
-0.548662603 0.042376928 0.834969163 332.246978760 0.093231417 0.995586574 0.010734165 -1.829889774 -0.830829263 0.083734810 -0.550191998 -78.596122742
-0.552294135 0.042642470 0.832557917 334.457458496 0.094308712 0.995475709 0.011574720 -1.823628902 -0.828297555 0.084910139 -0.553817034 -80.054740906
-0.556411028 0.041815475 0.829854250 336.661987305 0.094527900 0.995434403 0.013221378 -1.818176270 -0.825512707 0.085800909 -0.557823539 -81.511566162
-0.559775710 0.040680941 0.827645123 338.886352539 0.093060963 0.995561898 0.014007049 -1.811134815 -0.823401988 0.084862232 -0.561077178 -83.004508972
-0.562959254 0.039968461 0.825517535 341.104614258 0.092990950 0.995550692 0.015214071 -1.795389175 -0.821236491 0.085330568 -0.564171195 -84.509811401
-0.565601766 0.039469950 0.823733449 343.310119629 0.093753003 0.995455801 0.016675645 -1.782182217 -0.819332063 0.086659275 -0.566731989 -86.013412476
-0.568501294 0.038803730 0.821766734 345.526550293 0.091350183 0.995687366 0.016180167 -1.764101028 -0.817594886 0.084266998 -0.569594264 -87.537261963
-0.571641922 0.037887588 0.819628000 347.694335938 0.087569200 0.996044993 0.015031790 -1.748223305 -0.815816879 0.080366954 -0.572698891 -89.023628235
-0.575053871 0.037285611 0.817265570 349.859497070 0.084303200 0.996343672 0.013862809 -1.733958721 -0.813760400 0.076869950 -0.576094627 -90.509017944
-0.577732027 0.034541059 0.815495193 352.035461426 0.081959046 0.996509552 0.015855255 -1.722072601 -0.812101066 0.075997308 -0.578546464 -92.038131714
-0.581222951 0.034140710 0.813027859 354.209167480 0.082780071 0.996417046 0.017336782 -1.703350544 -0.809522927 0.077379040 -0.581966579 -93.560821533
-0.584032476 0.034539394 0.810995102 356.384643555 0.082435191 0.996452689 0.016927285 -1.683364391 -0.807533562 0.076740608 -0.584807992 -95.111167908
-0.587181389 0.033333663 0.808768749 358.575378418 0.080436356 0.996609151 0.017322740 -1.668815613 -0.805448949 0.075225994 -0.587871611 -96.671653748
-0.590589821 0.029442312 0.806434512 360.758056641 0.077932291 0.996744096 0.020683104 -1.651245117 -0.803200006 0.075062521 -0.590961576 -98.237083435
-0.593831718 0.027153211 0.804130971 362.939270020 0.075686075 0.996883869 0.022230463 -1.623919964 -0.801021516 0.074062668 -0.594036400 -99.816604614
-0.597194791 0.026159557 0.801669359 365.127593994 0.074200280 0.996983945 0.022741759 -1.589646339 -0.798656702 0.073065363 -0.597334743 -101.410743713
-0.600072324 0.026233198 0.799515486 367.287170410 0.073574938 0.997035742 0.022507207 -1.558996201 -0.796554983 0.072330259 -0.600223720 -102.997421265
-0.602996528 0.025605232 0.797332764 369.451568604 0.073507957 0.997015953 0.023573874 -1.534378052 -0.794349909 0.072825268 -0.603079379 -104.600036621
-0.605709255 0.024812017 0.795299053 371.602172852 0.073003702 0.997030735 0.024494771 -1.504695892 -0.792329967 0.072896481 -0.605722129 -106.214141846
-0.608388901 0.023528749 0.793290198 373.789794922 0.070070952 0.997249365 0.024160594 -1.485613823 -0.790539682 0.070285641 -0.608364105 -107.820518494
-0.611319005 0.019843932 0.791135550 375.945617676 0.059996508 0.997970641 0.021328002 -1.457987785 -0.789106727 0.060503572 -0.611268938 -109.443374634
-0.614754021 0.022361597 0.788401842 378.095764160 0.052388579 0.998548210 0.012527815 -1.445364475 -0.786977112 0.049004778 -0.615032971 -111.069664001
-0.617275655 0.032650497 0.786069155 380.216796875 0.062445637 0.998019576 0.007582447 -1.442296505 -0.784264863 0.053767044 -0.618092060 -112.719726562
-0.618043900 0.033730570 0.785419643 382.345214844 0.069936104 0.997476935 0.012194892 -1.443856716 -0.783026636 0.062466171 -0.618843496 -114.381660461
-0.620168984 0.024604069 0.784082294 384.478271484 0.068951659 0.997349262 0.023240974 -1.419050217 -0.781432092 0.068477109 -0.620221555 -116.052886963
-0.623499513 0.013746869 0.781702876 386.615997314 0.062678121 0.997506022 0.032451194 -1.372014046 -0.779307246 0.069228962 -0.622806191 -117.717910767
-0.626882315 0.007766248 0.779075265 388.738189697 0.056886263 0.997737527 0.035827488 -1.312561035 -0.777034581 0.066778287 -0.625905812 -119.384010315
-0.629539490 0.007431490 0.776932955 390.832519531 0.055358358 0.997841895 0.035311677 -1.243185043 -0.774993956 0.065239824 -0.628592253 -121.053482056
-0.631865978 0.012363835 0.774979055 392.915313721 0.061022088 0.997562647 0.033838436 -1.197985649 -0.772671759 0.068672195 -0.631080389 -122.730865479
-0.634025037 0.018768612 0.773084760 394.966247559 0.065283187 0.997435808 0.029324975 -1.142783165 -0.770551980 0.069062203 -0.633624554 -124.397148132
-0.635754108 0.021953844 0.771579325 397.053771973 0.066744417 0.997415066 0.026615482 -1.102942467 -0.769000471 0.068419516 -0.635576069 -126.106941223
-0.638834834 0.021967277 0.769030273 399.151641846 0.066550016 0.997423351 0.026791932 -1.058488846 -0.766460061 0.068294592 -0.638650715 -127.822769165
-0.641751230 0.021253979 0.766618192 401.222229004 0.067531116 0.997299016 0.028882194 -1.019910812 -0.763933718 0.070305780 -0.641453147 -129.539276123
-0.644089043 0.020655895 0.764671564 403.286193848 0.067976549 0.997226119 0.030319355 -0.965555191 -0.761924207 0.071508102 -0.643706560 -131.259613037
-0.646042585 0.020864198 0.763016164 405.351440430 0.068460114 0.997181475 0.030697608 -0.917568207 -0.760225058 0.072068147 -0.645650089 -132.981323242
-0.647626936 0.020821994 0.761673093 407.415191650 0.068469234 0.997172773 0.030957375 -0.866980553 -0.758875012 0.072200008 -0.647221625 -134.713989258
-0.649443626 0.021614647 0.760102510 409.484161377 0.069305755 0.997117996 0.030861411 -0.817778587 -0.757244825 0.072722219 -0.649069905 -136.429824829
-0.650368631 0.020887138 0.759331584 411.514801025 0.070332527 0.996983767 0.032815609 -0.762904167 -0.756355822 0.074747950 -0.649875820 -138.161621094
-0.651948631 0.020070378 0.757997453 413.597290039 0.071789518 0.996793091 0.035352450 -0.704756737 -0.754857123 0.077464253 -0.651298761 -139.921661377
-0.653322935 0.020076087 0.756813109 415.645172119 0.073753700 0.996581316 0.037231836 -0.641209602 -0.753478289 0.080142185 -0.652570188 -141.671081543
-0.655739546 0.020348139 0.754712820 417.684661865 0.072126083 0.996753037 0.035793554 -0.566250801 -0.751533985 0.077905722 -0.655078053 -143.390441895
-0.657646716 0.020253599 0.753054202 419.705505371 0.068225548 0.997131765 0.032763641 -0.507923126 -0.750230670 0.072924435 -0.657142282 -145.119094849
-0.659404933 0.019535843 0.751534104 421.721984863 0.065228119 0.997379124 0.031305432 -0.453924179 -0.748952866 0.069664106 -0.658951044 -146.852569580
-0.659754932 0.018831462 0.751244843 423.730377197 0.064768396 0.997390985 0.031879012 -0.398464203 -0.748684406 0.069689259 -0.659253299 -148.614196777
-0.661341190 0.017456360 0.749882102 425.708251953 0.062429942 0.997541368 0.031837068 -0.345098495 -0.747482657 0.067870252 -0.660805047 -150.345840454
-0.662275076 0.016460594 0.749079943 427.726654053 0.059537914 0.997753382 0.030713489 -0.290843010 -0.746891558 0.064939432 -0.661767244 -152.109405518
-0.663240552 0.015589697 0.748243868 429.735137939 0.058119740 0.997836590 0.030727144 -0.238667488 -0.746146142 0.063867241 -0.662711799 -153.859161377
-0.663983762 0.014485975 0.747606695 431.724761963 0.059182942 0.997693896 0.033231307 -0.184477806 -0.745401204 0.066310614 -0.663309813 -155.605194092
-0.663771808 0.013562554 0.747812212 433.715026855 0.061823588 0.997408926 0.036786430 -0.120964050 -0.745375633 0.070650227 -0.662890375 -157.362289429
-0.662854850 0.012373070 0.748645663 435.718017578 0.066231340 0.996912956 0.042165339 -0.047780991 -0.745812893 0.077533305 -0.661628127 -159.127593994
-0.661746383 0.011555335 0.749638736 437.724151611 0.069843777 0.996483147 0.046294525 0.036027908 -0.746467412 0.082992829 -0.660226166 -160.879089355
-0.660256743 0.009220786 0.750983298 439.719909668 0.064220108 0.996955514 0.044220742 0.123178482 -0.748289227 0.077425279 -0.658838689 -162.609954834
-0.659700692 0.008311448 0.751482606 441.724548340 0.056799076 0.997630417 0.038828094 0.202203751 -0.749378979 0.068298437 -0.658609569 -164.333007812
-0.658462584 0.006078267 0.752588987 443.740570068 0.052241646 0.997924507 0.037648059 0.266252518 -0.750798106 0.064106315 -0.657413542 -166.067916870
-0.655996144 0.005180201 0.754746377 445.762573242 0.049199242 0.998143196 0.035911314 0.330576897 -0.753158987 0.060690619 -0.655033052 -167.780853271
-0.653327286 0.006024557 0.757051587 447.783477783 0.051259566 0.998025596 0.036294237 0.398443222 -0.755338252 0.062518150 -0.652346194 -169.515441895
-0.650201559 0.006362019 0.759734988 449.786010742 0.052623533 0.997940540 0.036679879 0.466516495 -0.757937014 0.063829258 -0.649197459 -171.228790283
-0.647531688 0.007001263 0.762006342 451.790222168 0.049938522 0.998198152 0.033264995 0.527701378 -0.760400414 0.059593603 -0.646714628 -172.916534424
-0.646474302 0.001943882 0.762933314 453.824798584 0.042675450 0.998523235 0.033617049 0.586596489 -0.761741281 0.054291092 -0.645602584 -174.599899292
-0.645291209 -0.004247171 0.763924897 455.858001709 0.034420323 0.998807371 0.034628067 0.639417648 -0.763160884 0.048639722 -0.644375384 -176.288452148
-0.644765377 -0.007870870 0.764339805 457.898193359 0.026992749 0.999088824 0.033058181 0.694087029 -0.763903677 0.041946407 -0.643965483 -177.968505859
-0.643806934 -0.008379209 0.765141964 459.933837891 0.025299324 0.999160349 0.032229364 0.750378609 -0.764769614 0.040107075 -0.643054247 -179.658737183
-0.642785847 -0.007897216 0.766005337 461.973785400 0.027819701 0.999046624 0.033644408 0.806404114 -0.765540600 0.042936176 -0.641953409 -181.351898193
-0.641800642 -0.009393581 0.766813993 464.016540527 0.028614474 0.998935282 0.036186568 0.866888046 -0.766337514 0.045166545 -0.640848517 -183.012329102
-0.640521824 -0.011600296 0.767852247 466.034057617 0.026935639 0.998931289 0.037560303 0.938358307 -0.767467439 0.044740785 -0.639524758 -184.676818848
-0.639806986 -0.011815039 0.768444836 468.079895020 0.024911357 0.999037564 0.036101654 1.001413345 -0.768131793 0.042241093 -0.638896883 -186.343368530
-0.638827622 -0.011113562 0.769269526 470.124847412 0.023663459 0.999138594 0.034085389 1.063616753 -0.768985868 0.039978277 -0.638014376 -188.013519287
-0.638210773 -0.009436174 0.769803762 472.177307129 0.024771860 0.999155402 0.032784820 1.118775368 -0.769462883 0.039993104 -0.637438059 -189.686767578
-0.637365997 -0.008744523 0.770511448 474.211364746 0.026750300 0.999081790 0.033466380 1.176675797 -0.770096600 0.041941762 -0.636546850 -191.341247559
