1.000000000 0.000000000 0.000000000 0.000000000 0.000000000 1.000000000 0.000000000 0.000000000 0.000000000 0.000000000 1.000000000 0.000000000
0.999998629 0.000788887 0.001459908 -0.006434431 -0.000782231 0.999989331 -0.004553949 -0.002434745 -0.001463485 0.004552801 0.999988556 0.963692069
0.999996662 -0.001432193 0.002150784 -0.002689161 0.001443661 0.999984682 -0.005340051 -0.000934063 -0.002143103 0.005343138 0.999983430 1.918565989
0.999993503 -0.002437911 0.002621574 -0.009550825 0.002441246 0.999996185 -0.001269700 -0.004368264 -0.002618468 0.001276092 0.999995708 2.851815701
0.999985874 -0.004906085 0.002049739 -0.007338349 0.004895918 0.999975741 0.004936868 -0.008141793 -0.002073911 -0.004926763 0.999985695 3.800378084
0.999963582 -0.008517320 0.000500481 -0.004330063 0.008514709 0.999951184 0.005004751 -0.005428180 -0.000543083 -0.005000309 0.999987364 4.738338470
0.999938726 -0.011068118 -0.000255519 -0.004582993 0.011068615 0.999936700 0.002033421 -0.001558324 0.000232996 -0.002036125 0.999997914 5.669620991
0.999930024 -0.011765609 -0.001210098 -0.007979750 0.011763637 0.999929547 -0.001624424 0.004369605 0.001229125 0.001610075 0.999997973 6.596426964
0.999934077 -0.011372630 -0.001598403 -0.015990699 0.011369769 0.999933779 -0.001788079 -0.003241464 0.001618633 0.001769788 0.999997139 7.522795677
0.999933541 -0.011201316 -0.002736582 -0.024781106 0.011201610 0.999937296 0.000092152 -0.002709223 0.002735379 -0.000122800 0.999996245 8.436820984
0.999935687 -0.010925871 -0.003048456 -0.036834884 0.010933844 0.999936819 0.002611285 0.003733952 0.003019732 -0.002644449 0.999991953 9.376047134
0.999929607 -0.011197288 -0.003921039 -0.045974519 0.011214117 0.999927878 0.004297254 0.004799269 0.003872639 -0.004340923 0.999983072 10.297065735
0.999913037 -0.012337727 -0.004663758 -0.048278462 0.012361145 0.999910951 0.005026297 0.008287635 0.004601330 -0.005083510 0.999976516 11.211220741
0.999904275 -0.012637441 -0.005635573 -0.055570118 0.012667207 0.999905884 0.005277595 0.008413535 0.005568348 -0.005348477 0.999970257 12.125343323
0.999895096 -0.013102937 -0.006178167 -0.066511206 0.013126628 0.999906480 0.003809399 0.011426818 0.006127676 -0.003890098 0.999973714 13.023894310
0.999885678 -0.013190956 -0.007382345 -0.078795597 0.013203684 0.999911427 0.001678048 0.017888831 0.007359555 -0.001775330 0.999971330 13.928886414
0.999853194 -0.014489030 -0.009142117 -0.085898519 0.014489825 0.999895036 0.000020881 0.026886035 0.009140854 -0.000153345 0.999958217 14.834111214
0.999844313 -0.014067939 -0.010649558 -0.105865836 0.014064053 0.999900997 -0.000439631 0.024355596 0.010654688 0.000289786 0.999943197 15.741907120
0.999836326 -0.013255759 -0.012305317 -0.118864313 0.013237508 0.999911189 -0.001563440 0.027775722 0.012324948 0.001400292 0.999922991 16.644052505
0.999842227 -0.011617412 -0.013444560 -0.142951936 0.011597969 0.999931574 -0.001523366 0.027048720 0.013461341 0.001367196 0.999908447 17.528495789
0.999814630 -0.012184166 -0.014907925 -0.161615968 0.012174907 0.999925673 -0.000711778 0.027240783 0.014915491 0.000530144 0.999888599 18.420316696
0.999790311 -0.011896159 -0.016667187 -0.177867040 0.011914217 0.999928534 0.000984534 0.023182055 0.016654287 -0.001182904 0.999860585 19.313470840
0.999770939 -0.011680633 -0.017930282 -0.200497657 0.011716110 0.999929607 0.001874838 0.020692883 0.017907124 -0.002084482 0.999837458 20.191139221
0.999729395 -0.012692700 -0.019495996 -0.218808770 0.012732583 0.999917150 0.001922843 0.018644834 0.019469973 -0.002170556 0.999808013 21.084358215
0.999713957 -0.011826980 -0.020785753 -0.238996372 0.011844221 0.999929607 0.000706512 0.025879607 0.020775929 -0.000952501 0.999783695 21.922702789
0.999679387 -0.011950725 -0.022321412 -0.260691643 0.011980103 0.999927521 0.001182881 0.026284833 0.022305662 -0.001449914 0.999750137 22.784746170
0.999663770 -0.011809672 -0.023087362 -0.288157195 0.011888730 0.999924004 0.003290065 0.027138960 0.023046751 -0.003563438 0.999728084 23.646656036
0.999626458 -0.012786258 -0.024154320 -0.302084327 0.012932029 0.999899030 0.005888359 0.031375162 0.024076585 -0.006198524 0.999690890 24.492027283
0.999597251 -0.013153831 -0.025146374 -0.321901053 0.013346368 0.999882758 0.007504199 0.033954874 0.025044719 -0.007836790 0.999655604 25.331115723
0.999603510 -0.012212546 -0.025368495 -0.355198830 0.012377798 0.999903083 0.006367317 0.036659807 0.025288271 -0.006678800 0.999657869 26.157827377
0.999604344 -0.010474770 -0.026103958 -0.380377233 0.010579435 0.999936461 0.003874608 0.036669053 0.026061719 -0.004149240 0.999651730 26.968301773
0.999590397 -0.009982212 -0.026821682 -0.407040566 0.010040084 0.999947548 0.002023779 0.042036932 0.026800074 -0.002292242 0.999638200 27.770374298
0.999582648 -0.008764428 -0.027529204 -0.437380701 0.008810827 0.999959946 0.001564535 0.046890955 0.027514389 -0.001806438 0.999619722 28.563188553
0.999534369 -0.009181460 -0.029096920 -0.459031820 0.009227606 0.999956310 0.001452073 0.040323518 0.029082317 -0.001719892 0.999575496 29.353992462
0.999467552 -0.008863059 -0.031402718 -0.485120773 0.008884067 0.999960303 0.000529554 0.041487895 0.031396780 -0.000808256 0.999506652 30.128988266
0.999412239 -0.008749095 -0.033147365 -0.516568184 0.008771143 0.999961376 0.000519768 0.041404560 0.033141542 -0.000810202 0.999450386 30.895841599
0.999346673 -0.009216193 -0.034945961 -0.542077601 0.009277297 0.999955833 0.001586848 0.042870089 0.034929790 -0.001910015 0.999387920 31.662038803
0.999266803 -0.009423591 -0.037111301 -0.572668135 0.009573229 0.999946713 0.003856457 0.045614809 0.037072979 -0.004208903 0.999303699 32.415519714
0.999199629 -0.008530099 -0.039081998 -0.602965772 0.008749552 0.999946892 0.005447604 0.046494156 0.039033450 -0.005785194 0.999221146 33.151588440
0.999136448 -0.007226501 -0.040916510 -0.637814462 0.007461393 0.999956667 0.005590972 0.047563404 0.040874325 -0.005891440 0.999146879 33.886066437
0.999075532 -0.004679395 -0.042733338 -0.678951442 0.004890347 0.999976337 0.004833285 0.049591690 0.042709716 -0.005037798 0.999074817 34.593345642
0.999002934 -0.002792304 -0.044557687 -0.714410961 0.002986338 0.999986291 0.004288699 0.051717252 0.044545107 -0.004417485 0.998997629 35.304412842
0.998919070 -0.002666829 -0.046405416 -0.741763890 0.002909211 0.999982476 0.005156395 0.055661276 0.046390846 -0.005285825 0.998909354 36.019065857
0.998889744 -0.000960831 -0.047100615 -0.790854216 0.001302945 0.999972999 0.007233297 0.056249857 0.047092389 -0.007286636 0.998863876 36.706993103
0.998879910 0.001687508 -0.047285859 -0.826714456 -0.001321430 0.999968946 0.007772004 0.060105607 0.047297504 -0.007700814 0.998851120 37.387748718
0.998919487 0.004202114 -0.046283130 -0.855916500 -0.003952825 0.999977171 0.005476404 0.063454032 0.046305079 -0.005287537 0.998913467 38.060401917
0.998986006 0.005798758 -0.044647902 -0.890143514 -0.005690389 0.999980569 0.002553881 0.064256355 0.044661842 -0.002297227 0.998999536 38.702369690
0.999074280 0.006201032 -0.042569034 -0.919431508 -0.006190438 0.999980748 0.000380697 0.073951013 0.042570572 -0.000116822 0.999093473 39.354412079
0.999210060 0.007100958 -0.039100494 -0.952535212 -0.007051655 0.999974072 0.001398733 0.071443111 0.039109416 -0.001121905 0.999234319 39.994918823
0.999261379 0.011996972 -0.036507681 -0.976591885 -0.011863560 0.999922156 0.003868791 0.075115681 0.036551252 -0.003432822 0.999325871 40.647884369
0.999333024 0.016137321 -0.032760739 -1.002957702 -0.015907733 0.999847114 0.007256716 0.077240944 0.032872833 -0.006730726 0.999436855 41.271190643
0.999368310 0.021468667 -0.028319007 -1.030703425 -0.021242151 0.999740124 0.008275590 0.080607414 0.028489310 -0.007668806 0.999564648 41.875125885
0.999425173 0.024945235 -0.022959575 -1.051480412 -0.024752624 0.999656320 0.008635570 0.084267944 0.023167107 -0.008062296 0.999699056 42.460166931
0.999432743 0.028979735 -0.017156839 -1.066092014 -0.028797919 0.999527395 0.010751242 0.084784240 0.017460298 -0.010251061 0.999794960 43.032154083
0.999365151 0.034059856 -0.010448253 -1.081768036 -0.033936631 0.999354899 0.011752807 0.088284999 0.010841811 -0.011390768 0.999876320 43.601829529
0.999288857 0.037546948 -0.003430968 -1.087699533 -0.037504420 0.999227822 0.011716883 0.087936997 0.003868253 -0.011579879 0.999925435 44.135265350
0.999151707 0.040987667 0.003958638 -1.091419697 -0.041030861 0.999091446 0.011527868 0.092418551 -0.003482539 -0.011680517 0.999925673 44.639411926
0.998932362 0.044857975 0.011035824 -1.082394123 -0.044979651 0.998926997 0.011035137 0.097010404 -0.010528968 -0.011519746 0.999878168 45.137172699
0.998611867 0.049169194 0.018883776 -1.080965996 -0.049327020 0.998750806 0.007984359 0.103551090 -0.018467598 -0.008904759 0.999789774 45.612655640
0.998316884 0.051286895 0.027079374 -1.075930595 -0.051447798 0.998661757 0.005278242 0.100824192 -0.026772438 -0.006662531 0.999619484 46.074783325
0.998050094 0.051743649 0.034907434 -1.060514569 -0.051944867 0.998638034 0.004881558 0.104921713 -0.034607299 -0.006685302 0.999378622 46.502468109
0.997794569 0.050742391 0.042791542 -1.033621550 -0.051059965 0.998675346 0.006360658 0.104517937 -0.042412102 -0.008531566 0.999063790 46.901943207
0.997297704 0.052966196 0.050908834 -1.014715672 -0.053392053 0.998548865 0.007040887 0.107204556 -0.050462026 -0.009739988 0.998678565 47.290084839
0.996646821 0.055921093 0.059732087 -0.999916315 -0.056460917 0.998377621 0.007386990 0.104585320 -0.059222091 -0.010734749 0.998187125 47.650138855
0.995823205 0.060852949 0.068068132 -0.969245195 -0.061437033 0.998089790 0.006518725 0.109099686 -0.067541428 -0.010673402 0.997659445 47.978046417
0.994899690 0.064720906 0.077367723 -0.953381538 -0.065446712 0.997832298 0.006880044 0.103600621 -0.076754741 -0.011908418 0.996978819 48.274196625
0.994167984 0.063957952 0.086829759 -0.924812794 -0.064855494 0.997866035 0.007552563 0.101996541 -0.086161405 -0.013139902 0.996194482 48.560009003
0.993264616 0.062812552 0.097365156 -0.884258270 -0.063656852 0.997956216 0.005586313 0.103282481 -0.096815281 -0.011746647 0.995233059 48.835311890
0.992144883 0.061272290 0.109060682 -0.848453045 -0.061771829 0.998089552 0.001204630 0.098893553 -0.108778536 -0.007932046 0.994034350 49.090473175
0.990532100 0.062416263 0.122271866 -0.806232452 -0.062517352 0.998039305 -0.003013324 0.101081625 -0.122220211 -0.004659319 0.992492080 49.357257843
0.988397777 0.063876331 0.137803063 -0.767312050 -0.063772969 0.997951031 -0.005169719 0.098887771 -0.137850925 -0.003678369 0.990446150 49.618621826
0.985891700 0.065733090 0.153937533 -0.717256546 -0.065506496 0.997830629 -0.006549309 0.096089065 -0.154034063 -0.003626998 0.988058865 49.873672485
0.983071506 0.066251077 0.170825481 -0.662353516 -0.065888822 0.997796476 -0.007795575 0.096312046 -0.170965523 -0.003591881 0.985270441 50.134777069
0.979803622 0.065107130 0.189066231 -0.603117943 -0.064546376 0.997873008 -0.009128481 0.097256392 -0.189258397 -0.003259421 0.981921911 50.389228821
0.975909948 0.064506590 0.208419770 -0.535806656 -0.063953474 0.997908533 -0.009398571 0.093729436 -0.208590150 -0.004157010 0.977994263 50.632553101
0.971430838 0.064512394 0.228386581 -0.459564209 -0.063819081 0.997907043 -0.010427807 0.086381853 -0.228581265 -0.004445524 0.973514736 50.862869263
0.966105163 0.066767886 0.249365136 -0.382432938 -0.065619767 0.997761011 -0.012924010 0.087366045 -0.249669701 -0.003877332 0.968323290 51.108085632
0.959864140 0.067916721 0.272118002 -0.299439430 -0.066360325 0.997683942 -0.014929332 0.080865502 -0.272501707 -0.003727708 0.962148070 51.351490021
0.952564716 0.069457635 0.296303988 -0.203919411 -0.067748368 0.997573376 -0.016045628 0.072719812 -0.296699464 -0.004789611 0.954958916 51.584472656
0.944003999 0.072251096 0.321925581 -0.105558395 -0.070530310 0.997364342 -0.017021859 0.066580832 -0.322306901 -0.006636804 0.946612000 51.821502686
0.934142053 0.074300721 0.349081695 0.004772186 -0.072540261 0.997200608 -0.018132746 0.058375657 -0.349451780 -0.008383917 0.936916828 52.059459686
0.922938168 0.074937746 0.377583772 0.124971390 -0.072927311 0.997143745 -0.019641500 0.052606821 -0.377977252 -0.009408280 0.925767124 52.297904968
0.910348773 0.072918847 0.407367200 0.267021179 -0.070181586 0.997298539 -0.021681042 0.041788697 -0.407847643 -0.008852362 0.913007140 52.534439087
0.895368278 0.070391692 0.439727843 0.410213470 -0.066368014 0.997493327 -0.024541132 0.035320163 -0.440353096 -0.007210515 0.897795796 52.758781433
0.878119290 0.069569662 0.473356605 0.567728043 -0.063606061 0.997564673 -0.028617980 0.023748994 -0.474194825 -0.004978352 0.880405903 52.975044250
0.858612239 0.071517982 0.507612169 0.730926514 -0.063023105 0.997435331 -0.033927731 0.018187046 -0.508736730 -0.002860536 0.860917330 53.198780060
0.836802363 0.073466465 0.542553723 0.918508530 -0.062550202 0.997296333 -0.038568851 0.010147452 -0.543920279 -0.001662335 0.839135230 53.426738739
0.812167168 0.076160811 0.578432441 1.113111496 -0.063386828 0.997092783 -0.042284459 0.000526905 -0.579971313 -0.002322959 0.814633608 53.652954102
0.784682930 0.080207750 0.614686489 1.326150894 -0.066415042 0.996764183 -0.045280721 -0.011364579 -0.616329312 -0.005293423 0.787470698 53.885391235
0.754706621 0.084784903 0.650560856 1.552387238 -0.070226915 0.996357083 -0.048381813 -0.025109768 -0.652292907 -0.009172807 0.757911384 54.113956451
0.721556306 0.085745260 0.687025666 1.810743332 -0.069743492 0.996255815 -0.051090322 -0.043761253 -0.688833952 -0.011051022 0.724834800 54.350250244
0.684918940 0.083258845 0.723846674 2.088838577 -0.066169351 0.996452391 -0.052003860 -0.064710498 -0.725608349 -0.012278040 0.687998295 54.571773529
0.645654261 0.081727549 0.759243786 2.377361298 -0.063189484 0.996564507 -0.053537760 -0.087527990 -0.761010945 -0.013409336 0.648600459 54.778251648
0.603112221 0.080947421 0.793538332 2.710199356 -0.060924992 0.996606171 -0.055357236 -0.110520124 -0.795326173 -0.014959688 0.605997026 54.996337891
0.556745946 0.081024066 0.826721847 3.072006226 -0.057499807 0.996603549 -0.058950994 -0.127707720 -0.828690350 -0.014715619 0.559513807 55.208839417
0.507822514 0.079709917 0.857766032 3.437446594 -0.054269858 0.996692419 -0.060490616 -0.154344201 -0.859750509 -0.015832337 0.510468721 55.402652740
0.459512264 0.078293785 0.884713888 3.870260239 -0.052662149 0.996756315 -0.060856894 -0.172198176 -0.886608958 -0.018626446 0.462144822 55.588375092
0.410473853 0.075932056 0.908705473 4.308031082 -0.051597971 0.996864498 -0.059991226 -0.194126010 -0.910411417 -0.022262521 0.413104743 55.747798920
0.359597415 0.075626567 0.930037737 4.759958267 -0.054822199 0.996700764 -0.059850402 -0.217920542 -0.931495726 -0.029464670 0.362557024 55.912681580
0.309905142 0.076453030 0.947688758 5.216625214 -0.053383391 0.996588469 -0.062940963 -0.238026261 -0.949267626 -0.031085102 0.312929273 56.041984558
0.263061881 0.072971597 0.962015450 5.701153755 -0.041930079 0.997058094 -0.064163968 -0.270252824 -0.963867366 -0.023458283 0.265347719 56.127029419
0.219251126 0.067426361 0.973335803 6.215224266 -0.028340049 0.997628391 -0.062725373 -0.293894112 -0.975256860 -0.013831772 0.220642030 56.197032928
0.176535308 0.066208296 0.982065082 6.746479034 -0.019733422 0.997772753 -0.063719995 -0.328980505 -0.984096467 -0.008130673 0.177448675 56.269412994
0.138291731 0.067655735 0.988077998 7.247212887 -0.016479831 0.997683048 -0.066006891 -0.354134619 -0.990254402 -0.007155152 0.139086276 56.309238434
0.105713204 0.068473741 0.992036223 7.790346622 -0.007782298 0.997652769 -0.068032093 -0.388242722 -0.994366169 -0.000528432 0.105997965 56.338382721
0.076917648 0.066590555 0.994811237 8.351809502 -0.000444889 0.997769356 -0.066754162 -0.425664723 -0.997037351 0.004691994 0.076775700 56.357383728
0.051921070 0.064910926 0.996539414 8.926058769 0.006338436 0.997843862 -0.065326124 -0.460660815 -0.998631120 0.009708305 0.051397689 56.370597839
0.031867649 0.064251482 0.997424722 9.483168602 0.011459864 0.997842550 -0.064644530 -0.482833207 -0.999426425 0.013490420 0.031062583 56.367420197
0.016017690 0.066037320 0.997688532 10.069105148 0.014299679 0.997699440 -0.066267610 -0.510933936 -0.999769449 0.015328082 0.015036525 56.364509583
0.002555989 0.065854467 0.997825980 10.655395508 0.014543750 0.997721195 -0.065884814 -0.546676517 -0.999890983 0.014680534 0.001592394 56.355854034
-0.008872163 0.066840753 0.997724175 11.268315315 0.015849164 0.997647524 -0.066694677 -0.581977665 -0.999835074 0.015221366 -0.009910658 56.342620850
-0.017994853 0.069735721 0.997403085 11.910540581 0.020858556 0.997373819 -0.069357336 -0.617860854 -0.999620497 0.019556314 -0.019402182 56.329093933
-0.024454709 0.071475387 0.997142553 12.535904884 0.024907479 0.997174799 -0.070866860 -0.656327546 -0.999390662 0.023103276 -0.026165888 56.300559998
-0.029056206 0.070848688 0.997063816 13.185740471 0.025218228 0.997219443 -0.070124850 -0.693406522 -0.999259651 0.023106622 -0.030762091 56.284412384
-0.032621667 0.068168961 0.997140348 13.849168777 0.023117444 0.997455835 -0.067434244 -0.724370658 -0.999200463 0.020851515 -0.034114566 56.261692047
-0.035229471 0.061333310 0.997495413 14.533258438 0.021118378 0.997937799 -0.060614649 -0.764755130 -0.999156117 0.018930063 -0.036452081 56.247447968
-0.036582101 0.055963680 0.997762501 15.222051620 0.022650687 0.998220623 -0.055158921 -0.798170388 -0.999073923 0.020582179 -0.037784629 56.221321106
-0.037153166 0.053086773 0.997898519 15.897496223 0.024623940 0.998333395 -0.052193124 -0.834405780 -0.999006152 0.022633053 -0.038398456 56.194118500
-0.037288513 0.055362869 0.997769713 16.604795456 0.028019840 0.998129487 -0.054335669 -0.875477254 -0.998911679 0.025931254 -0.038770020 56.171241760
-0.035913147 0.063170180 0.997356355 17.313955307 0.028956734 0.997646987 -0.062145904 -0.900366426 -0.998935342 0.026648328 -0.037657842 56.140014648
-0.033919062 0.071119852 0.996890903 18.018430710 0.030069442 0.997085929 -0.070110656 -0.940440297 -0.998972058 0.027597873 -0.035958756 56.113750458
-0.031854261 0.071831107 0.996907949 18.736301422 0.030942209 0.997007012 -0.070849538 -0.976119161 -0.999013484 0.028589679 -0.033981532 56.096614838
-0.029590840 0.067213558 0.997299731 19.476764679 0.030342305 0.997337222 -0.066315800 -1.021532059 -0.999101400 0.028298033 -0.031551462 56.073234558
-0.027200805 0.061005652 0.997766733 20.214757919 0.029840600 0.997740746 -0.060190570 -1.062855959 -0.999184489 0.028136726 -0.028959796 56.055393219
-0.023993880 0.059404798 0.997945607 20.966445923 0.028378952 0.997871101 -0.058718059 -1.106281877 -0.999309242 0.026911778 -0.025628645 56.039337158
-0.020787917 0.064759485 0.997684360 21.721263885 0.035293467 0.997325540 -0.064000815 -1.159284472 -0.999160767 0.033881295 -0.023017908 56.018844604
-0.017960364 0.070367865 0.997359455 22.457017899 0.036935713 0.996886134 -0.069669344 -1.199636698 -0.999156237 0.035586894 -0.020503528 56.009048462
-0.015445121 0.070957296 0.997359753 23.196636200 0.030754477 0.997040510 -0.070458315 -1.243455887 -0.999407649 0.029585039 -0.017581664 56.011737823
-0.011996577 0.067318775 0.997659326 23.961568832 0.026712030 0.997396708 -0.066979825 -1.288269877 -0.999571145 0.025845977 -0.013763566 56.012351990
-0.007112203 0.063752741 0.997940361 24.700475693 0.030608628 0.997511983 -0.063507214 -1.338430405 -0.999506056 0.030093916 -0.009045890 55.993392944
-0.003349400 0.064648837 0.997902453 25.444208145 0.035117313 0.997300088 -0.064491935 -1.388386965 -0.999377489 0.034827642 -0.005610650 55.983219147
-0.000961420 0.069108635 0.997608721 26.176792145 0.034757566 0.997008741 -0.069033578 -1.433777690 -0.999395251 0.034608085 -0.003360593 55.990581512
0.002786178 0.070000723 0.997543037 26.936071396 0.031131173 0.997057438 -0.070053600 -1.478618860 -0.999511421 0.031249870 0.000598775 56.000274658
0.006483012 0.069429062 0.997565806 27.687498093 0.030662827 0.997103870 -0.069596186 -1.525718451 -0.999508739 0.031039380 0.004335346 56.011482239
0.010282895 0.066129871 0.997757971 28.434461594 0.034476925 0.997194171 -0.066447809 -1.575823903 -0.999352515 0.035082910 0.007974087 56.011322021
0.014137281 0.067031153 0.997650743 29.181007385 0.038805913 0.996961951 -0.067534782 -1.622189999 -0.999146819 0.039669506 0.011493127 56.011543274
0.017480977 0.067687251 0.997553408 29.937612534 0.042244300 0.996764898 -0.068374053 -1.677035809 -0.998954296 0.043336190 0.014565027 56.024013519
0.020309949 0.067638509 0.997503102 30.686447144 0.042779304 0.996736407 -0.068457544 -1.722541809 -0.998878121 0.044062860 0.017350141 56.039096832
0.023853105 0.066027991 0.997532606 31.436264038 0.044240817 0.996769249 -0.067035347 -1.771691561 -0.998736084 0.045730658 0.020854913 56.060787201
0.027496032 0.065015480 0.997505367 32.179412842 0.046529487 0.996717751 -0.066246733 -1.818527699 -0.998538435 0.048234928 0.024380650 56.076053619
0.030114790 0.065034546 0.997428477 32.929027557 0.044711567 0.996794581 -0.066343166 -1.872754335 -0.998545945 0.046594512 0.027110465 56.102333069
0.033168953 0.066914350 0.997207224 33.682865143 0.041528907 0.996802211 -0.068268500 -1.914712191 -0.998586535 0.043677334 0.030284010 56.135768890
0.036122307 0.067022592 0.997097254 34.434658051 0.043637369 0.996691108 -0.068576150 -1.960693121 -0.998394191 0.045987837 0.033078097 56.157329559
0.038731538 0.066689789 0.997021735 35.193798065 0.041192487 0.996815681 -0.068276219 -2.010253191 -0.998400271 0.043714251 0.035861094 56.198825836
0.040828966 0.067357332 0.996893167 35.944847107 0.039412890 0.996840060 -0.068967938 -2.051377296 -0.998388469 0.042106327 0.038045198 56.238147736
0.043321501 0.067096785 0.996805549 36.725063324 0.036605626 0.996965587 -0.068698451 -2.106132984 -0.998390317 0.039464805 0.040733930 56.282459259
0.047099166 0.069125965 0.996495545 37.489933014 0.035238668 0.996866643 -0.070817247 -2.153036356 -0.998268366 0.038450610 0.044515684 56.316463470
0.049984824 0.072683528 0.996101737 38.253692627 0.033859327 0.996651769 -0.074422725 -2.204128742 -0.998175859 0.037447330 0.047356449 56.365646362
0.053374849 0.074533850 0.995789051 39.027397156 0.034468807 0.996478736 -0.076433033 -2.261160374 -0.997979403 0.038403250 0.050617818 56.412635803
0.055920660 0.076772012 0.995479286 39.804946899 0.028351683 0.996515214 -0.078444563 -2.312915564 -0.998032570 0.032610174 0.053549174 56.471466064
0.058499869 0.075980864 0.995391667 40.588310242 0.024199788 0.996698380 -0.077502854 -2.365795374 -0.997994065 0.028622176 0.056468010 56.530799866
0.062492892 0.076614007 0.995100439 41.364135742 0.026756406 0.996562302 -0.078406893 -2.420257568 -0.997686684 0.031525183 0.060228143 56.580142975
0.066554599 0.077684261 0.994754076 42.138477325 0.025545636 0.996505022 -0.079530157 -2.480034113 -0.997455776 0.030704722 0.064337507 56.630237579
0.069799647 0.078436643 0.994472563 42.921527863 0.021625275 0.996550739 -0.080118373 -2.535997868 -0.997326612 0.027097980 0.067862675 56.705879211
0.073807292 0.076694652 0.994319081 43.717277527 0.020859193 0.996701598 -0.078426793 -2.589260101 -0.997054338 0.026529161 0.071964055 56.771747589
0.078844421 0.076463357 0.993950129 44.524425507 0.021317331 0.996696711 -0.078365639 -2.656008720 -0.996658921 0.027367057 0.076953992 56.828304291
0.084172480 0.080112010 0.993225515 45.321273804 0.018140942 0.996474504 -0.081911452 -2.713123560 -0.996285975 0.024912735 0.082422435 56.903461456
0.089518882 0.088460006 0.992048979 46.114856720 0.016038433 0.995790720 -0.090240918 -2.778580189 -0.995855927 0.023989176 0.087723307 56.996711731
0.097246274 0.093195677 0.990887284 46.895050049 0.014995077 0.995355904 -0.095087588 -2.840989113 -0.995147407 0.024105342 0.095397189 57.072856903
0.104142889 0.096028239 0.989915609 47.673580170 0.009744231 0.995181501 -0.097564206 -2.914127827 -0.994514585 0.019806582 0.102705359 57.172367096
0.111258529 0.094653003 0.989273667 48.480819702 0.006523799 0.995363057 -0.095969319 -2.978671074 -0.993770063 0.017131232 0.110125132 57.265216827
0.118648723 0.093401000 0.988533676 49.289936066 0.006544167 0.995470881 -0.094841927 -3.044372082 -0.992914736 0.017722003 0.117500119 57.372402191
0.126759619 0.089423835 0.987894416 50.119781494 0.006008631 0.995840669 -0.090914115 -3.121097803 -0.991915286 0.017460130 0.125695050 57.474735260
0.134190470 0.083682783 0.987415850 50.924350739 0.003947709 0.996374905 -0.084978551 -3.192938089 -0.990947664 0.015301343 0.133373678 57.591354370
0.141582429 0.076474339 0.986968219 51.732154846 0.001765751 0.996990561 -0.077504203 -3.251071453 -0.989924848 0.012715974 0.141021296 57.711814880
0.147926956 0.074160650 0.986213863 52.540943146 0.000117115 0.997183323 -0.075003080 -3.322733402 -0.988998353 0.011210476 0.147501588 57.857673645
0.155628681 0.075623654 0.984916508 53.358402252 0.000854719 0.997054517 -0.076690681 -3.385613203 -0.987815261 0.012777098 0.155105665 57.986007690
0.161657304 0.082539394 0.983389139 54.147209167 0.001273363 0.996477783 -0.083847314 -3.442663193 -0.986846089 0.014806742 0.160982803 58.116828918
0.166647211 0.086079389 0.982252121 54.929286957 -0.000526201 0.996189713 -0.087211534 -3.504273415 -0.986016452 0.014016698 0.166057527 58.257801056
0.171619996 0.088505365 0.981179595 55.714141846 -0.001359293 0.995976746 -0.089602351 -3.574201584 -0.985162258 0.014043845 0.171049833 58.408008575
0.176445603 0.088304296 0.980341375 56.468143463 -0.003654805 0.996019602 -0.089058705 -3.634839296 -0.984303594 0.012131061 0.176066026 58.552745819
0.182145730 0.085683525 0.979531169 57.234313965 0.000266936 0.996191621 -0.087190546 -3.701558590 -0.983271480 0.016142851 0.181429178 58.686828613
0.186606437 0.079101905 0.979245067 57.995574951 0.001384673 0.996731162 -0.080778249 -3.757704735 -0.982433677 0.016429679 0.185886905 58.835533142
0.190151885 0.073160030 0.979024947 58.745121002 -0.000200116 0.997222364 -0.074481010 -3.814387798 -0.981754601 0.013966784 0.189638361 58.982131958
0.193207979 0.069793031 0.978672445 59.481319427 -0.003834354 0.997512937 -0.070379645 -3.873459339 -0.981150329 0.009845334 0.192995071 59.141876221
0.196585223 0.069762379 0.978001833 60.210685730 -0.005366693 0.997527182 -0.070076406 -3.925595522 -0.980472028 0.008527351 0.196473494 59.288688660
0.198326036 0.071500011 0.977524817 60.941635132 -0.007548861 0.997417510 -0.071423501 -3.983246326 -0.980106950 0.006785941 0.198353633 59.452217102
0.199977636 0.075857937 0.976859510 61.641986847 -0.011652873 0.997112095 -0.075045124 -4.035618782 -0.979731083 0.003624129 0.200284109 59.603313446
0.201883018 0.079976901 0.976138890 62.332351685 -0.012950886 0.996791124 -0.078990526 -4.088862896 -0.979323983 0.003304984 0.202271029 59.758022308
0.203497767 0.085019320 0.975377083 63.010795593 -0.012960799 0.996369243 -0.084145039 -4.144494057 -0.978989601 0.004481661 0.203860849 59.913536072
0.205364704 0.086923063 0.974817812 63.689056396 -0.012435693 0.996199369 -0.086209796 -4.201976299 -0.978606462 0.005581915 0.205665171 60.057388306
0.206892386 0.086678870 0.974516451 64.356559753 -0.014643343 0.996230483 -0.085501418 -4.256803989 -0.978254020 0.003419413 0.207381770 60.202198029
0.207533032 0.084039956 0.974611342 65.042686462 -0.014661549 0.996458113 -0.082801774 -4.312658310 -0.978118062 0.002894792 0.208030179 60.357067108
0.208281830 0.081637174 0.974655747 65.698974609 -0.014806181 0.996659398 -0.080316171 -4.367055416 -0.977956772 0.002297465 0.208794773 60.498313904
0.208160311 0.080506764 0.974775851 66.342704773 -0.013701260 0.996748924 -0.079395659 -4.417446613 -0.977998674 0.003171370 0.208586603 60.636772156
0.206467956 0.079964072 0.975180268 66.977210999 -0.014156554 0.996794760 -0.078739151 -4.466483116 -0.978350937 0.002451920 0.206938177 60.778129578
0.205427080 0.080402888 0.975364089 67.602172852 -0.015131229 0.996761322 -0.078979872 -4.523543358 -0.978555441 0.001466149 0.205978349 60.904075623
0.202564865 0.083123207 0.975734591 68.215980530 -0.015677471 0.996538520 -0.081640832 -4.572863579 -0.979143322 0.001240511 0.203166857 61.049549103
0.200378165 0.086987488 0.975849330 68.816574097 -0.013762329 0.996202171 -0.085975833 -4.623157024 -0.979621947 0.003797722 0.200814351 61.172660828
0.198575228 0.087653503 0.976158202 69.419219971 -0.011342104 0.996131539 -0.087139733 -4.670425415 -0.980019987 0.006232104 0.198801234 61.297027588
0.196648642 0.086716123 0.976631820 70.008216858 -0.012087560 0.996220052 -0.086021498 -4.715287209 -0.980399489 0.005110914 0.196953490 61.411731720
0.194234297 0.083786935 0.977370322 70.588203430 -0.012741718 0.996477127 -0.082892716 -4.766716003 -0.980872393 0.003647231 0.194617629 61.530414581
0.192170948 0.079724923 0.978117704 71.166625977 -0.012126232 0.996811450 -0.078866191 -4.818338871 -0.981286466 0.003294905 0.192524955 61.646827698
0.190455541 0.078927994 0.978517771 71.720840454 -0.008504384 0.996857941 -0.078752063 -4.864140511 -0.981658936 0.006677075 0.190528333 61.745441437
0.188562348 0.080441065 0.978761196 72.283714294 -0.005398437 0.996709466 -0.080876142 -4.909391403 -0.982046366 0.009966417 0.188376158 61.855323792
0.186177760 0.082355686 0.979058444 72.830841064 -0.001026750 0.996496677 -0.083627291 -4.951132774 -0.982515514 0.014564292 0.185610101 61.955017090
0.184549689 0.084531009 0.979181290 73.375350952 -0.001603257 0.996318936 -0.085708305 -4.988624573 -0.982821882 0.014247560 0.184005886 62.054653168
0.183311120 0.087097697 0.979189038 73.913887024 -0.002313141 0.996102870 -0.088169135 -5.034477234 -0.983052254 0.013897381 0.182798252 62.151172638
0.182209611 0.085075855 0.979572296 74.469787598 0.000075710 0.996248484 -0.086538278 -5.085792542 -0.983259737 0.015842270 0.181519642 62.254402161
0.182858229 0.083695792 0.979570270 75.010848999 0.005769475 0.996261239 -0.086198896 -5.126974106 -0.983122349 0.021413783 0.181691691 62.348285675
0.185042724 0.081725411 0.979326367 75.565528870 0.010762085 0.996307790 -0.085176006 -5.168708324 -0.982671499 0.026300799 0.183479995 62.446044922
0.187397182 0.081139214 0.978927374 76.115547180 0.013777863 0.996267319 -0.085213974 -5.210347176 -0.982187569 0.029456386 0.185579792 62.540660858
0.190662190 0.080972716 0.978310466 76.665649414 0.010962453 0.996354461 -0.084602647 -5.255103111 -0.981594563 0.026855206 0.189079449 62.653572083
0.195803806 0.081593893 0.977242708 77.230972290 0.009788040 0.996320188 -0.085147925 -5.302708626 -0.980594158 0.026237577 0.194284648 62.786102295
0.202439100 0.080594569 0.975972772 77.795860291 0.011320915 0.996348500 -0.084625378 -5.343751907 -0.979229391 0.028180391 0.200787500 62.908893585
0.209732294 0.081052125 0.974393547 78.340744019 0.008497886 0.996369481 -0.084709235 -5.382864952 -0.977721930 0.026046554 0.208282098 63.030380249
0.217990100 0.079196408 0.972732306 78.913909912 0.009160733 0.996492147 -0.083183780 -5.422551155 -0.975907981 0.027044183 0.216499940 63.169288635
0.226900309 0.078738660 0.970729887 79.489166260 0.005624014 0.996603906 -0.082151957 -5.471517563 -0.973901749 0.024099700 0.225686938 63.314750671
0.236198381 0.078520924 0.968527138 80.072776794 0.004385110 0.996633410 -0.081869006 -5.517207146 -0.971695006 0.023584420 0.235058904 63.470153809
0.245927736 0.082384706 0.965780735 80.659851074 -0.001239429 0.996407330 -0.084681667 -5.567003727 -0.969287515 0.019628551 0.245146304 63.639564514
0.255567431 0.084655195 0.963077843 81.269325256 -0.004755493 0.996257007 -0.086309731 -5.607939243 -0.966779649 0.017478045 0.255013376 63.813205719
0.266506612 0.087239355 0.959876835 81.866302490 -0.008418455 0.996068001 -0.088191256 -5.655964851 -0.963796258 0.015422877 0.266193151 63.982376099
0.276588440 0.088913374 0.956866384 82.479286194 -0.009860599 0.995920777 -0.089692093 -5.709248543 -0.960937858 0.015372517 0.276336849 64.173240662
0.286550879 0.089775518 0.953849554 83.107719421 -0.012561027 0.995866537 -0.089956589 -5.756146431 -0.957982719 0.013795805 0.286494106 64.373725891
0.296686471 0.090575665 0.950669885 83.733436584 -0.014309819 0.995801926 -0.090409823 -5.810760498 -0.954867780 0.013219453 0.296737045 64.578445435
0.306982309 0.091408774 0.947315276 84.357902527 -0.018455252 0.995761395 -0.090102941 -5.855297089 -0.951536179 0.010177063 0.307368129 64.791084290
0.317536950 0.086804211 0.944264412 85.018562317 -0.017612303 0.996169388 -0.085653067 -5.900241852 -0.948082268 0.010567342 0.317849398 65.021316528
0.328152150 0.079331413 0.941287816 85.679367065 -0.014119174 0.996767879 -0.079085030 -5.957614899 -0.944519341 0.012661714 0.328211606 65.252281189
0.339093328 0.075340487 0.937730968 86.340072632 -0.013002331 0.997068107 -0.075406045 -6.007893562 -0.940662861 0.013377001 0.339078724 65.500617981
0.349361032 0.072087109 0.934211016 87.024444580 -0.013904912 0.997325122 -0.071757287 -6.057563305 -0.936884999 0.012079080 0.349428952 65.765960693
0.358938128 0.070093885 0.930725574 87.712005615 -0.007821428 0.997366965 -0.072096340 -6.095753193 -0.933328569 0.018598519 0.358541280 66.030410767
0.367463797 0.064358138 0.927808404 88.407035828 -0.001124895 0.997632861 -0.068756029 -6.138378620 -0.930037141 0.024221666 0.366666287 66.298782349
0.374441147 0.055174720 0.925607681 89.126464844 0.008365666 0.997986495 -0.062873356 -6.180205345 -0.927212834 0.031285696 0.373225629 66.579132080
0.381612986 0.050476372 0.922942877 89.836616516 0.013844030 0.998083711 -0.060310021 -6.226315498 -0.924218535 0.035792328 0.380182862 66.869338989
0.388879776 0.050478011 0.919904649 90.543029785 0.015643114 0.997992158 -0.061375875 -6.276885033 -0.921155810 0.038258005 0.387309313 67.171981812
0.396258384 0.056995932 0.916368246 91.260421753 0.017805055 0.997406542 -0.069735639 -6.315297604 -0.917966366 0.043949321 0.394215971 67.481941223
0.403424889 0.061595742 0.912937224 91.966384888 0.021597313 0.996812642 -0.076798610 -6.355103493 -0.914757967 0.050699443 0.400808722 67.789215088
0.408371717 0.063658722 0.910593331 92.671554565 0.019476075 0.996730506 -0.078414880 -6.409937859 -0.912607908 0.049757209 0.405796736 68.117568970
0.413254112 0.064750835 0.908310831 93.380638123 0.012731965 0.996960342 -0.076863080 -6.473475456 -0.910526752 0.043328561 0.411173582 68.449256897
0.417143106 0.068420142 0.906261683 94.066581726 0.006057775 0.996930838 -0.078053728 -6.531843185 -0.908820570 0.038049515 0.415448397 68.783828735
0.421014279 0.071536563 0.904228687 94.747619629 0.005228050 0.996677220 -0.081284694 -6.592053413 -0.907038927 0.038949374 0.419241399 69.115188599
0.425086677 0.076019213 0.901954710 95.421005249 0.001600745 0.996402323 -0.084733926 -6.651226997 -0.905151248 0.037463062 0.423435688 69.437446594
0.428813308 0.078736313 0.899955392 96.093231201 -0.001068329 0.996238172 -0.086650945 -6.708054543 -0.903392494 0.036195636 0.427284300 69.761650085
0.432632446 0.077367187 0.898244679 96.755424500 -0.002484103 0.996409655 -0.084625848 -6.769543648 -0.901566923 0.034380551 0.431271344 70.091064453
0.436825931 0.073988311 0.896498084 97.403556824 -0.001033543 0.996652305 -0.081750467 -6.828706741 -0.899545491 0.034784157 0.435440004 70.405937195
0.440463990 0.071377859 0.894928277 98.038955688 -0.001379438 0.996887088 -0.078830972 -6.883537769 -0.897769213 0.033487711 0.439191312 70.717185974
0.443899810 0.070320420 0.893312871 98.668640137 -0.002681573 0.997015774 -0.077151254 -6.947158813 -0.896072447 0.031851940 0.442763656 71.045883179
0.447074443 0.072435036 0.891559064 99.293556213 -0.004902303 0.996899247 -0.078535169 -6.997306347 -0.894483328 0.030740371 0.446043342 71.367240906
0.449895054 0.073237136 0.890073359 99.903953552 -0.004278945 0.996797264 -0.079855755 -7.048435688 -0.893071234 0.032118134 0.448767543 71.676719666
0.451869637 0.071288280 0.889231026 100.507469177 -0.001806712 0.996873021 -0.078999676 -7.100157738 -0.892082214 0.034090970 0.450585485 71.990264893
0.453535438 0.070156328 0.888472676 101.095619202 -0.000108063 0.996901393 -0.078662992 -7.151972771 -0.891238332 0.035580441 0.452137589 72.288749695
0.455438823 0.069983706 0.887512088 101.681098938 -0.000923263 0.996942103 -0.078138880 -7.200921535 -0.890266716 0.034768071 0.454110742 72.597869873
0.457073689 0.068931654 0.886753619 102.250160217 0.000910464 0.996955454 -0.077967457 -7.252163887 -0.889428377 0.036444236 0.455619365 72.908004761
0.459752709 0.070875071 0.885214210 102.812530518 -0.000558033 0.996832907 -0.079522043 -7.307252884 -0.888046801 0.036066499 0.458336145 73.193626404
0.462553561 0.070717312 0.883766532 103.369468689 0.002793808 0.996692657 -0.081215695 -7.354997158 -0.886586905 0.040035687 0.460826159 73.487579346
0.465632319 0.070097692 0.882197797 103.920089722 0.004579932 0.996653914 -0.081609480 -7.402593613 -0.884966373 0.042040423 0.463753194 73.778038025
0.468816102 0.068418726 0.880641997 104.464431763 0.007344461 0.996659219 -0.081342198 -7.453602314 -0.883265138 0.044602368 0.466747403 74.066680908
0.472052753 0.067416400 0.878988743 104.986061096 0.008928345 0.996654928 -0.081235997 -7.499322414 -0.881525099 0.046195593 0.469871730 74.344970703
0.475332916 0.066929936 0.877256572 105.501586914 0.010060345 0.996623576 -0.081488110 -7.544835091 -0.879748404 0.047559474 0.473054618 74.624893188
0.478814870 0.066161208 0.875419319 106.006553650 0.010047292 0.996677995 -0.080820933 -7.597090244 -0.877858400 0.047493853 0.476559490 74.905899048
0.482494771 0.065868758 0.873418689 106.521179199 0.011725557 0.996593297 -0.081635401 -7.639298439 -0.875820398 0.049629968 0.480078697 75.186538696
0.486428350 0.066771448 0.871165335 107.021987915 0.011374901 0.996507168 -0.082729772 -7.687163353 -0.873646438 0.050151523 0.483969808 75.467826843
0.490473568 0.067182623 0.868862629 107.525093079 0.013405639 0.996324360 -0.084605783 -7.732218266 -0.871352911 0.053144563 0.487770140 75.761215210
0.495118916 0.070296861 0.865976632 108.014213562 0.011583901 0.996098697 -0.087482743 -7.780877113 -0.868747950 0.053345755 0.492373019 76.047760010
0.501180232 0.075934470 0.862004876 108.496315002 0.008606724 0.995655775 -0.092711911 -7.822988987 -0.865300179 0.053884417 0.498349398 76.330780029
0.506556094 0.083070576 0.858195901 108.961395264 0.002696010 0.995190382 -0.097922534 -7.878770828 -0.862202764 0.051916976 0.503895819 76.617301941
0.512906671 0.089381464 0.853778601 109.443496704 -0.002204477 0.994698584 -0.102809943 -7.925411701 -0.858441532 0.050849777 0.510384619 76.916893005
0.518952787 0.093885295 0.849631429 109.923171997 -0.006028811 0.994327366 -0.106191993 -7.982120991 -0.854781568 0.049986362 0.516574979 77.232215881
0.524835587 0.094192535 0.845975995 110.409057617 -0.010359564 0.994491756 -0.104301579 -8.035774231 -0.851140559 0.045977239 0.522920549 77.538215637
0.530003190 0.093617730 0.842812061 110.905654907 -0.017329352 0.994875550 -0.099611014 -8.086380959 -0.847818553 0.038188774 0.528909504 77.870834351
0.536060154 0.091301374 0.839227974 111.406700134 -0.023174891 0.995351076 -0.093483299 -8.135286331 -0.843861580 0.030663650 0.535683990 78.206214905
0.541716397 0.089396872 0.835793972 111.907829285 -0.029660687 0.995742023 -0.087280557 -8.193157196 -0.840037882 0.022491073 0.542061448 78.556816101
0.547563791 0.087558076 0.832170308 112.418586731 -0.032248538 0.995979726 -0.083574146 -8.243577957 -0.836142242 0.018925915 0.548186064 78.911216736
0.553968668 0.091051750 0.827543557 112.929939270 -0.037631627 0.995724022 -0.084364958 -8.291987419 -0.831686735 0.015593733 0.555026352 79.263839722
0.560243905 0.094989076 0.822863221 113.450180054 -0.041478682 0.995373905 -0.086662591 -8.339292526 -0.827288628 0.014420906 0.561592162 79.636032104
0.565993488 0.098350562 0.818522036 113.975990295 -0.043842580 0.995044351 -0.089244440 -8.383085251 -0.823243022 0.014625662 0.567500710 80.027389526
0.572278738 0.100625820 0.813862085 114.505973816 -0.046925131 0.994835317 -0.090005212 -8.437354088 -0.818715513 0.013317495 0.574044883 80.406120300
