1.000000000 0.000000000 0.000000000 0.000000000 0.000000000 1.000000000 0.000000000 0.000000000 0.000000000 0.000000000 1.000000000 0.000000000
0.999997318 0.001018913 0.002068299 -0.009492618 -0.001016670 0.999998868 -0.001085323 -0.016779538 -0.002069402 0.001083218 0.999997258 1.205954194
0.999990582 0.001265032 0.004156878 -0.024090450 -0.001261806 0.999999046 -0.000778773 -0.035730049 -0.004157859 0.000773521 0.999991000 2.408410788
0.999985516 0.000913558 0.005308031 -0.021897990 -0.000911099 0.999999464 -0.000465743 -0.054593161 -0.005308454 0.000460901 0.999985814 3.606615543
0.999979317 0.000819469 0.006371909 -0.019655997 -0.000815555 0.999999464 -0.000616725 -0.074500486 -0.006372410 0.000611516 0.999979556 4.808642387
0.999975562 0.000536090 0.006961154 -0.010945488 -0.000533144 0.999999702 -0.000425136 -0.095778264 -0.006961380 0.000421414 0.999975681 6.005902767
0.999970734 0.000711936 0.007607926 -0.004244231 -0.000701092 0.999998689 -0.001427896 -0.117676631 -0.007608932 0.001422521 0.999970078 7.204977989
0.999962747 0.000583536 0.008615793 -0.001669198 -0.000570596 0.999998808 -0.001504226 -0.144613728 -0.008616660 0.001499254 0.999961674 8.390469551
0.999961853 0.000435984 0.008722669 0.006713688 -0.000435525 0.999999881 -0.000054603 -0.167268768 -0.008722692 0.000050802 0.999961913 9.590231895
0.999972165 -0.000079977 0.007457112 0.009043612 0.000071695 0.999999404 0.001110926 -0.191241682 -0.007457195 -0.001110360 0.999971569 10.787650108
0.999985993 -0.001760868 0.004988026 0.011857174 0.001757805 0.999998271 0.000618362 -0.213986591 -0.004989107 -0.000609585 0.999987364 11.986563683
0.999994338 -0.001387365 0.003082698 0.006229710 0.001387181 0.999999106 0.000061708 -0.231177479 -0.003082780 -0.000057431 0.999995232 13.181234360
0.999997258 -0.001492369 0.001747248 0.004741382 0.001492460 0.999998927 -0.000050567 -0.253697574 -0.001747171 0.000053174 0.999998510 14.378553391
0.999999583 -0.000047679 0.000911996 0.000651371 0.000047916 0.999999940 -0.000259139 -0.273399502 -0.000911983 0.000259183 0.999999523 15.563879967
0.999999940 -0.000266306 0.000417542 -0.005537032 0.000266394 0.999999940 -0.000212384 -0.293319374 -0.000417486 0.000212495 0.999999881 16.765125275
0.999999225 -0.001185822 -0.000406723 -0.008312901 0.001185877 0.999999285 0.000135817 -0.312806815 0.000406562 -0.000136299 0.999999881 17.953432083
0.999999225 -0.001030072 -0.000729637 -0.009206987 0.001030570 0.999999225 0.000682788 -0.338565230 0.000728933 -0.000683539 0.999999523 19.148977280
0.999997914 -0.000817084 -0.001860801 -0.013875393 0.000816827 0.999999642 -0.000138601 -0.361444473 0.001860913 0.000137081 0.999998331 20.344938278
0.999997675 -0.001463345 -0.001594418 -0.033121161 0.001461541 0.999998212 -0.001132211 -0.384490997 0.001596072 0.001129878 0.999998033 21.557836533
0.999997079 -0.000268336 -0.002391972 -0.040594328 0.000266741 0.999999702 -0.000667160 -0.403748035 0.002392151 0.000666520 0.999996841 22.754587173
0.999994516 -0.000716586 -0.003206803 -0.049716368 0.000714040 0.999999404 -0.000795132 -0.426740944 0.003207370 0.000792838 0.999994457 23.946748734
0.999991059 -0.000544286 -0.004195084 -0.061232354 0.000538156 0.999998748 -0.001462274 -0.447876602 0.004195874 0.001460003 0.999990106 25.140098572
0.999986410 -0.000409373 -0.005194643 -0.067355745 0.000407087 0.999999821 -0.000441131 -0.477224499 0.005194822 0.000439010 0.999986410 26.342105865
0.999980390 -0.002041511 -0.005917768 -0.079277806 0.002049199 0.999997079 0.001293264 -0.497734249 0.005915110 -0.001305365 0.999981642 27.542667389
0.999975502 -0.001857535 -0.006747768 -0.093252949 0.001864488 0.999997795 0.001024328 -0.515990138 0.006745851 -0.001036884 0.999976695 28.743423462
0.999967217 -0.002647995 -0.007645805 -0.101863310 0.002652337 0.999996245 0.000557799 -0.541395545 0.007644298 -0.000578060 0.999970615 29.929950714
0.999956787 -0.003160558 -0.008743147 -0.111914694 0.003156784 0.999994874 -0.000445351 -0.562291563 0.008744512 0.000417732 0.999961734 31.126771927
0.999954045 -0.002206660 -0.009320687 -0.133339718 0.002205589 0.999997497 -0.000125295 -0.586686254 0.009320940 0.000104731 0.999956548 32.330329895
0.999946475 -0.002614278 -0.010011361 -0.145883083 0.002617853 0.999996483 0.000343990 -0.607532620 0.010010429 -0.000370180 0.999949813 33.528469086
0.999939561 -0.003076174 -0.010552404 -0.163942695 0.003082336 0.999995112 0.000567755 -0.630115330 0.010550606 -0.000600247 0.999944150 34.715415955
0.999931216 -0.003913519 -0.011050790 -0.184854493 0.003922098 0.999991953 0.000754779 -0.654052615 0.011047751 -0.000798070 0.999938667 35.929630280
0.999925911 -0.003712117 -0.011591102 -0.203878671 0.003719444 0.999992847 0.000610543 -0.672340274 0.011588750 -0.000653611 0.999932706 37.132934570
0.999920607 -0.004645810 -0.011707151 -0.220724657 0.004664212 0.999987841 0.001544997 -0.700805068 0.011699836 -0.001599479 0.999930263 38.312332153
0.999922216 -0.004329108 -0.011694737 -0.232697755 0.004361243 0.999986708 0.002723678 -0.715087175 0.011682792 -0.002774470 0.999927938 39.516651154
0.999920785 -0.003748742 -0.012019419 -0.250205755 0.003792535 0.999986172 0.003622769 -0.739678919 0.012005673 -0.003668067 0.999921143 40.707862854
0.999923110 -0.002779427 -0.012080601 -0.265425742 0.002812901 0.999992251 0.002754903 -0.744695127 0.012072849 -0.002788674 0.999923229 41.908817291
0.999926627 -0.001922762 -0.011952350 -0.285788894 0.001952437 0.999995053 0.002471624 -0.757785201 0.011947538 -0.002494780 0.999925494 43.100700378
0.999936104 0.000447254 -0.011288533 -0.307382226 -0.000394792 0.999989092 0.004649179 -0.776118159 0.011290490 -0.004644426 0.999925494 44.324348450
0.999954283 0.000570992 -0.009536600 -0.329179764 -0.000497833 0.999970436 0.007672037 -0.792772174 0.009540698 -0.007666939 0.999925077 45.516361237
0.999968410 0.000953147 -0.007888291 -0.347736180 -0.000872539 0.999947429 0.010215789 -0.800571918 0.007897615 -0.010208584 0.999916673 46.711791992
0.999975622 0.001729464 -0.006759297 -0.352719635 -0.001636142 0.999903560 0.013787592 -0.807392120 0.006782492 -0.013776196 0.999882102 47.911666870
0.999989748 0.001219073 -0.004364358 -0.383777440 -0.001153113 0.999885499 0.015084120 -0.817071915 0.004382247 -0.015078934 0.999876618 49.125602722
0.999995351 -0.000910355 -0.002903440 -0.390309960 0.000949752 0.999907017 0.013596836 -0.819989383 0.002890792 -0.013599531 0.999903262 50.338405609
0.999998510 0.000409840 -0.001632156 -0.399744987 -0.000390317 0.999928594 0.011944086 -0.824831545 0.001636935 -0.011943432 0.999927282 51.531749725
0.999999344 0.000467939 -0.000999027 -0.405734956 -0.000456597 0.999935806 0.011322952 -0.827293217 0.001004261 -0.011322490 0.999935389 52.739482880
0.999999523 0.000100777 -0.000953758 -0.414238364 -0.000090222 0.999938846 0.011059988 -0.837485671 0.000954814 -0.011059900 0.999938369 53.935417175
0.999998927 -0.000701800 -0.001278913 -0.424351186 0.000714163 0.999952793 0.009692200 -0.844131947 0.001272050 -0.009693103 0.999952137 55.156021118
0.999995053 -0.000420270 -0.003121487 -0.432085454 0.000452232 0.999947429 0.010245752 -0.850734770 0.003117017 -0.010247113 0.999942541 56.369083405
0.999990582 -0.000558416 -0.004299847 -0.444986016 0.000607812 0.999933660 0.011495184 -0.860603571 0.004293143 -0.011497688 0.999924600 57.565860748
0.999984682 -0.001077452 -0.005428729 -0.454115152 0.001141823 0.999928892 0.011868545 -0.868941903 0.005415556 -0.011874560 0.999914825 58.773742676
0.999978960 0.000275140 -0.006479483 -0.465550810 -0.000198082 0.999929309 0.011890145 -0.880457520 0.006482294 -0.011888613 0.999908268 59.969314575
0.999973714 0.000362810 -0.007235423 -0.477624238 -0.000279754 0.999934137 0.011476720 -0.883795500 0.007239112 -0.011474395 0.999907911 61.171520233
0.999974310 -0.000348302 -0.007150384 -0.493524998 0.000428421 0.999937057 0.011206375 -0.894729614 0.007146031 -0.011209152 0.999911547 62.373725891
0.999971747 -0.001405833 -0.007381721 -0.507702708 0.001482792 0.999944448 0.010430498 -0.904163897 0.007366648 -0.010441149 0.999918342 63.582237244
0.999968946 -0.001942985 -0.007636585 -0.521928430 0.002033032 0.999928296 0.011801641 -0.917283118 0.007613108 -0.011816800 0.999901116 64.767852783
0.999965072 -0.002535936 -0.007962376 -0.534189045 0.002640900 0.999909401 0.013199864 -0.923803091 0.007928181 -0.013220433 0.999881089 65.964988708
0.999966323 -0.001489505 -0.008065203 -0.557265520 0.001582307 0.999932468 0.011512364 -0.933475792 0.008047511 -0.011524739 0.999901116 67.163536072
0.999971628 0.000442608 -0.007512757 -0.581566334 -0.000364292 0.999945581 0.010422593 -0.941839635 0.007516961 -0.010419562 0.999917448 68.362358093
0.999965012 0.002408953 -0.008012091 -0.592657328 -0.002322254 0.999938846 0.010812719 -0.951005399 0.008037649 -0.010793735 0.999909461 69.549842834
0.999959469 0.004803839 -0.007614283 -0.612857759 -0.004720652 0.999929428 0.010905808 -0.957115293 0.007666138 -0.010869422 0.999911547 70.733810425
0.999951959 0.005924842 -0.007812957 -0.625402868 -0.005838780 0.999922574 0.010992547 -0.962417066 0.007877483 -0.010946400 0.999909043 71.941001892
0.999956310 0.006325204 -0.006875669 -0.644044042 -0.006238515 0.999901712 0.012557271 -0.976558864 0.006954421 -0.012513829 0.999897540 73.123748779
0.999954879 0.008304096 -0.004595876 -0.663965940 -0.008243261 0.999880195 0.013101564 -0.979636431 0.004704121 -0.013063088 0.999903619 74.304656982
0.999971747 0.007155349 -0.002327229 -0.668755710 -0.007129208 0.999913514 0.011053990 -0.987376690 0.002406122 -0.011037088 0.999936163 75.487564087
0.999990344 0.004397115 0.000123160 -0.665147960 -0.004397766 0.999972999 0.005910219 -1.001763821 -0.000097169 -0.005910705 0.999982536 76.660507202
0.999983966 0.005217229 0.002246928 -0.664861143 -0.005229610 0.999971032 0.005540278 -1.011718869 -0.002217958 -0.005551940 0.999982119 77.847007751
0.999974668 0.004500066 0.005523602 -0.665089607 -0.004550322 0.999948025 0.009119715 -1.025022745 -0.005482276 -0.009144616 0.999943197 79.006568909
0.999944448 0.005235527 0.009158877 -0.665508807 -0.005329148 0.999933541 0.010227530 -1.035385609 -0.009104721 -0.010275769 0.999905825 80.167877197
0.999897659 0.005154385 0.013346891 -0.658696413 -0.005267961 0.999950051 0.008488441 -1.045082092 -0.013302472 -0.008557884 0.999874890 81.343078613
0.999852538 0.003871166 0.016736371 -0.641826749 -0.003967213 0.999975801 0.005709472 -1.059660196 -0.016713865 -0.005775026 0.999843657 82.507263184
0.999794066 0.003146883 0.020045875 -0.625690341 -0.003189562 0.999992728 0.002097476 -1.078730464 -0.020039128 -0.002160982 0.999796808 83.679763794
0.999724805 0.002122442 0.023360521 -0.600735664 -0.002153973 0.999996841 0.001324699 -1.096456409 -0.023357637 -0.001374653 0.999726176 84.836921692
0.999632537 0.002363226 0.027000071 -0.571473837 -0.002447707 0.999992132 0.003096323 -1.117820978 -0.026992543 -0.003161274 0.999630570 86.000473022
0.999514878 0.003693885 0.030923219 -0.547460556 -0.003810278 0.999985814 0.003705836 -1.139956951 -0.030909093 -0.003821864 0.999514818 87.167839050
0.999396086 0.003313060 0.034587882 -0.506687164 -0.003365273 0.999993324 0.001451459 -1.156891346 -0.034582853 -0.001566981 0.999400556 88.312942505
0.999284744 0.002977782 0.037695579 -0.465153694 -0.002955756 0.999995470 -0.000640032 -1.177648187 -0.037697319 0.000528155 0.999289036 89.459968567
0.999158084 0.003016733 0.040914439 -0.419012308 -0.002972787 0.999995053 -0.001134878 -1.196817040 -0.040917657 0.001012293 0.999162018 90.624427795
0.999038398 0.001901926 0.043802485 -0.371153831 -0.001907960 0.999998152 0.000095932 -1.217596889 -0.043802224 -0.000179413 0.999040186 91.776473999
0.998909116 0.001540630 0.046671130 -0.323877811 -0.001622240 0.999997199 0.001710798 -1.235560417 -0.046668369 -0.001784644 0.998908818 92.937911987
0.998787105 0.000432863 0.049235329 -0.267857552 -0.000596562 0.999994338 0.003310179 -1.253403425 -0.049233615 -0.003335537 0.998781741 94.105712891
0.998668730 -0.000982116 0.051573548 -0.210094452 0.000759718 0.999990344 0.004331678 -1.269858360 -0.051577307 -0.004286730 0.998659849 95.262977600
0.998564720 -0.002091220 0.053519033 -0.148038864 0.001987202 0.999996006 0.001996711 -1.286522985 -0.053522997 -0.001887492 0.998564899 96.417472839
0.998413086 -0.003363735 0.056213550 -0.090018272 0.003456787 0.999992788 -0.001558184 -1.303554773 -0.056207906 0.001750029 0.998417556 97.589080811
0.998318076 -0.002684468 0.057912558 -0.026613712 0.002939773 0.999986291 -0.004323700 -1.321522713 -0.057900168 0.004486677 0.998312294 98.747474670
0.998207092 -0.002570982 0.059799526 0.040236950 0.002886129 0.999982357 -0.005184284 -1.344885349 -0.059785143 0.005347578 0.998196959 99.931877136
0.998182297 -0.002443599 0.060217783 0.107178688 0.002726179 0.999985695 -0.004610925 -1.366274834 -0.060205650 0.004766709 0.998174667 101.114463806
0.998227060 -0.002281957 0.059476897 0.172290325 0.002439855 0.999993682 -0.002582291 -1.393706322 -0.059470631 0.002722828 0.998226345 102.298377991
0.998311877 -0.002892297 0.058008406 0.237602711 0.002975655 0.999994755 -0.001350663 -1.412028909 -0.058004193 0.001520996 0.998315215 103.498771667
0.998417139 -0.002443512 0.056192137 0.294732094 0.002467648 0.999996901 -0.000360164 -1.431453824 -0.056191090 0.000498256 0.998419881 104.686172485
0.998563230 -0.002203002 0.053542107 0.354825497 0.002206733 0.999997616 -0.000010565 -1.447751999 -0.053541947 0.000128702 0.998565614 105.888587952
0.998708606 -0.001557806 0.050783344 0.407531738 0.001556550 0.999998808 0.000064267 -1.467105269 -0.050783381 0.000014863 0.998709798 107.092712402
0.998894155 -0.000030856 0.047017019 0.449482918 0.000059676 0.999999821 -0.000611564 -1.479605317 -0.047016997 0.000613693 0.998893857 108.284492493
0.999071419 0.000047217 0.043084394 0.499954224 -0.000045839 0.999999940 -0.000032967 -1.500849605 -0.043084398 0.000030961 0.999071419 109.503021240
0.999235749 0.000638381 0.039082371 0.543731451 -0.000684706 0.999999106 0.001171936 -1.518687248 -0.039081585 -0.001197800 0.999235272 110.728279114
0.999400854 0.000895773 0.034599371 0.586375952 -0.000958318 0.999997914 0.001791117 -1.536645770 -0.034597695 -0.001823202 0.999399662 111.940010071
0.999541402 0.000987375 0.030263353 0.616038799 -0.001058929 0.999996662 0.002348438 -1.552504301 -0.030260932 -0.002379408 0.999539196 113.160690308
0.999681175 0.001579434 0.025198586 0.643503189 -0.001641856 0.999995589 0.002456681 -1.568600059 -0.025194596 -0.002497270 0.999679387 114.380630493
0.999789000 0.002202290 0.020420825 0.663690329 -0.002253977 0.999994338 0.002508458 -1.589717746 -0.020415187 -0.002553957 0.999788225 115.619377136
0.999876261 0.002467533 0.015531119 0.673378944 -0.002503370 0.999994278 0.002288473 -1.603638649 -0.015525388 -0.002327069 0.999876678 116.837730408
0.999933839 0.003780881 0.010864852 0.678983450 -0.003797493 0.999991655 0.001508761 -1.622551084 -0.010859057 -0.001549921 0.999939799 118.067108154
0.999957442 0.005710633 0.007250230 0.685377836 -0.005721361 0.999982595 0.001459765 -1.639832377 -0.007241768 -0.001501185 0.999972582 119.306701660
0.999963999 0.007034548 0.004764859 0.689984858 -0.007042972 0.999973655 0.001753368 -1.658674598 -0.004752399 -0.001786863 0.999987066 120.528968811
0.999951899 0.008858596 0.004198383 0.680492818 -0.008863582 0.999960005 0.001170429 -1.678806186 -0.004187847 -0.001207585 0.999990523 121.797714233
0.999931753 0.011191646 0.003351046 0.669476867 -0.011196418 0.999936342 0.001407780 -1.694731712 -0.003335077 -0.001445204 0.999993443 123.036300659
0.999921322 0.012338764 0.002251930 0.667622089 -0.012344120 0.999920964 0.002380108 -1.716062784 -0.002222385 -0.002407719 0.999994576 124.280769348
0.999927938 0.011878300 0.001709735 0.659712195 -0.011882773 0.999925911 0.002629861 -1.729762077 -0.001678370 -0.002649988 0.999995053 125.529899597
0.999877095 0.015658176 0.000726715 0.654433370 -0.015661389 0.999866545 0.004650736 -1.745820880 -0.000653795 -0.004661545 0.999988914 126.779251099
0.999860644 0.016693113 0.000115966 0.643799067 -0.016693508 0.999828577 0.008010153 -1.759495497 0.000017768 -0.008010972 0.999967873 128.033416748
0.999878526 0.015577685 -0.000592877 0.643245161 -0.015572572 0.999848187 0.007823414 -1.777702093 0.000714658 -0.007813232 0.999969244 129.288909912
0.999885499 0.015113706 -0.000727041 0.625814438 -0.015108999 0.999867260 0.006094692 -1.782837749 0.000819059 -0.006083009 0.999981165 130.555526733
0.999917746 0.012714444 -0.001682324 0.623823762 -0.012702396 0.999894917 0.006987571 -1.790941000 0.001770990 -0.006965626 0.999974191 131.811599731
0.999946296 0.010062112 -0.002465392 0.611150265 -0.010040665 0.999912918 0.008562414 -1.797878623 0.002551334 -0.008537201 0.999960244 133.072753906
0.999971569 0.006998060 -0.002850949 0.613821030 -0.006966682 0.999916673 0.010872211 -1.812785029 0.002926796 -0.010852042 0.999936819 134.342605591
0.999982357 0.004871475 -0.003400144 0.609098315 -0.004830877 0.999918222 0.011847779 -1.818899274 0.003457581 -0.011831146 0.999924004 135.609298706
0.999995649 0.000675528 -0.002848908 0.600881934 -0.000646563 0.999948204 0.010155533 -1.829006195 0.002855620 -0.010153648 0.999944329 136.873870850
0.999994040 -0.001843359 -0.002900723 0.596817195 0.001869784 0.999956489 0.009133301 -1.835457921 0.002883760 -0.009138672 0.999954104 138.146865845
0.999991775 -0.003137457 -0.002550426 0.586944997 0.003160579 0.999953449 0.009112864 -1.847052217 0.002521716 -0.009120851 0.999955177 139.415145874
0.999993384 -0.002782251 -0.002330390 0.585469961 0.002803670 0.999953389 0.009239241 -1.851836085 0.002304575 -0.009245716 0.999954522 140.717437744
0.999995112 -0.002500523 -0.001860758 0.576494575 0.002521285 0.999933600 0.011240887 -1.861117482 0.001832526 -0.011245525 0.999935031 141.991516113
0.999999404 -0.000038845 -0.001019080 0.567552507 0.000051899 0.999917865 0.012812507 -1.869862914 0.001018499 -0.012812553 0.999917388 143.285964966
0.999999762 -0.000205889 -0.000629218 0.563307881 0.000212897 0.999937773 0.011158893 -1.876440883 0.000626881 -0.011159027 0.999937534 144.562896729
1.000000000 0.000269166 -0.000041645 0.553808093 -0.000268758 0.999954879 0.009493005 -1.890692711 0.000044199 -0.009492994 0.999954939 145.833923340
0.999999642 0.000209520 0.000799230 0.542637169 -0.000215069 0.999975860 0.006949237 -1.900714040 -0.000797755 -0.006949408 0.999975622 147.107254028
0.999998927 -0.000972187 0.001109955 0.540686011 0.000968894 0.999995172 0.002963681 -1.917866707 -0.001112831 -0.002962604 0.999994993 148.369461060
0.999999046 -0.000558018 0.001283289 0.544112980 0.000558598 0.999999881 -0.000451280 -1.944454432 -0.001283036 0.000451996 0.999999106 149.664291382
0.999998629 -0.001251601 0.001118865 0.543900430 0.001253345 0.999998033 -0.001559660 -1.963600874 -0.001116910 0.001561060 0.999998212 150.937454224
0.999998271 -0.001163005 0.001430868 0.539539576 0.001164649 0.999998569 -0.001149243 -1.989084005 -0.001429530 0.001150908 0.999998271 152.203033447
0.999999404 -0.000425509 0.000970811 0.536873937 0.000426181 0.999999583 -0.000691633 -2.011340380 -0.000970517 0.000692046 0.999999285 153.470596313
0.999999106 0.000367495 0.001287791 0.527087212 -0.000368251 0.999999762 0.000586934 -2.036445618 -0.001287575 -0.000587407 0.999998987 154.739227295
0.999999344 0.000689149 0.000949732 0.522345781 -0.000690149 0.999999225 0.001052957 -2.056929827 -0.000949005 -0.001053612 0.999998987 156.004318237
0.999999523 0.000930304 0.000388591 0.515235603 -0.000930649 0.999999166 0.000889312 -2.079981804 -0.000387763 -0.000889673 0.999999523 157.262802124
0.999999285 0.001087215 -0.000335257 0.510879695 -0.001086884 0.999998927 0.000984593 -2.098454714 0.000336327 -0.000984228 0.999999464 158.557434082
0.999999166 0.000424916 -0.001140317 0.505690575 -0.000422507 0.999997675 0.002111759 -2.116626978 0.001141212 -0.002111275 0.999997139 159.827392578
0.999996960 0.001985586 -0.001478403 0.494005561 -0.001981994 0.999995112 0.002427235 -2.136975050 0.001483214 -0.002424297 0.999995947 161.107482910
0.999994636 0.001978318 -0.002617425 0.491874576 -0.001974679 0.999997079 0.001391949 -2.155844927 0.002620171 -0.001386774 0.999995589 162.374145508
0.999992132 0.002750503 -0.002857946 0.476264209 -0.002749775 0.999996185 0.000258495 -2.177824020 0.002858646 -0.000250634 0.999995887 163.637832642
0.999986649 0.003830107 -0.003485845 0.465933204 -0.003829135 0.999992669 0.000285459 -2.197599411 0.003486913 -0.000272108 0.999993920 164.899871826
0.999986291 0.003030662 -0.004275459 0.450716555 -0.003033442 0.999995172 -0.000643977 -2.222316980 0.004273485 0.000656937 0.999990642 166.176971436
0.999979496 0.003225091 -0.005528168 0.443962097 -0.003236444 0.999992669 -0.002045959 -2.240550756 0.005521528 0.002063809 0.999982595 167.450973511
0.999978483 0.003444310 -0.005582113 0.424733996 -0.003452431 0.999993026 -0.001445980 -2.267507553 0.005577092 0.001465221 0.999983311 168.724060059
0.999969780 0.003686498 -0.006851465 0.415995359 -0.003685965 0.999993205 0.000090400 -2.292535543 0.006851751 -0.000065143 0.999976456 169.997467041
0.999969423 0.003484621 -0.007003942 0.400472283 -0.003481588 0.999993861 0.000445246 -2.316117764 0.007005448 -0.000420847 0.999975383 171.263519287
0.999962509 0.004056836 -0.007650882 0.381402493 -0.004051385 0.999991596 0.000727856 -2.335232019 0.007653770 -0.000696832 0.999970436 172.534530640
0.999955654 0.004363607 -0.008344879 0.361988306 -0.004354360 0.999989867 0.001125946 -2.359873295 0.008349707 -0.001089560 0.999964535 173.819625854
0.999947667 0.004808596 -0.009023826 0.347225547 -0.004808192 0.999988437 0.000066424 -2.378284454 0.009024040 -0.000023032 0.999959290 175.073318481
0.999941289 0.005692030 -0.009215549 0.321293950 -0.005699845 0.999983490 -0.000822097 -2.394798994 0.009210715 0.000874576 0.999957204 176.343231201
0.999940217 0.005526313 -0.009436290 0.290597558 -0.005531207 0.999984622 -0.000492622 -2.412477255 0.009433423 0.000544787 0.999955297 177.611282349
0.999934435 0.005913211 -0.009809472 0.271830440 -0.005926708 0.999981523 -0.001347439 -2.440531731 0.009801324 0.001405488 0.999950945 178.843231201
0.999939740 0.004731765 -0.009905217 0.253190756 -0.004764853 0.999983132 -0.003319431 -2.458695650 0.009889345 0.003366428 0.999945402 180.110961914
0.999946713 0.001549150 -0.010204110 0.234729171 -0.001579774 0.999994278 -0.002993755 -2.485507488 0.010199415 0.003009715 0.999943435 181.376632690
0.999941349 0.001934681 -0.010657565 0.224710464 -0.001927370 0.999997854 0.000696258 -2.507261515 0.010658890 -0.000675676 0.999942899 182.647979736
0.999941826 0.001087606 -0.010732103 0.205846906 -0.001033347 0.999986649 0.005060089 -2.528932095 0.010737461 -0.005048705 0.999929607 183.914367676
0.999940813 0.002118313 -0.010683206 0.187525511 -0.002070930 0.999987960 0.004444417 -2.544725895 0.010692491 -0.004422029 0.999933064 185.169357300
0.999941409 0.003863363 -0.010112851 0.160455227 -0.003850982 0.999991775 0.001243420 -2.560487747 0.010117571 -0.001204403 0.999948084 186.416778564
0.999933660 0.003758067 -0.010882569 0.141168594 -0.003763410 0.999992847 -0.000470481 -2.585635185 0.010880720 0.000511405 0.999940634 187.660552979
0.999931633 0.003845065 -0.011046479 0.120539665 -0.003848356 0.999992609 -0.000276662 -2.606639624 0.011045331 0.000319154 0.999938905 188.909881592
0.999936283 0.003282781 -0.010798880 0.101056337 -0.003272963 0.999994218 0.000926636 -2.629063606 0.010801859 -0.000891233 0.999941230 190.157806396
0.999935031 0.003433692 -0.010858205 0.083927155 -0.003400323 0.999989390 0.003090042 -2.650596142 0.010868702 -0.003052921 0.999936283 191.406494141
0.999946713 0.002886235 -0.009908956 0.063692451 -0.002848534 0.999988675 0.003816760 -2.670451641 0.009919860 -0.003788330 0.999943554 192.649337769
0.999961317 0.002804354 -0.008337852 0.043335557 -0.002778195 0.999991298 0.003147213 -2.689452171 0.008346604 -0.003123928 0.999960303 193.890121460
0.999974370 0.001840308 -0.006909571 0.028181672 -0.001829636 0.999997199 0.001550449 -2.709517002 0.006912405 -0.001537767 0.999974966 195.112869263
0.999981523 0.001593392 -0.005859386 0.018875837 -0.001591564 0.999998689 0.000316672 -2.732668400 0.005859883 -0.000307341 0.999982774 196.354217529
0.999989688 0.001216446 -0.004374591 0.007655501 -0.001217248 0.999999285 -0.000180772 -2.756458521 0.004374369 0.000186095 0.999990404 197.573730469
0.999994338 0.001189147 -0.003140142 -0.003194690 -0.001188051 0.999999225 0.000350899 -2.775341511 0.003140557 -0.000347166 0.999994934 198.798507690
0.999997914 0.000884163 -0.001840003 -0.007112712 -0.000880094 0.999997139 0.002211749 -2.798569202 0.001841954 -0.002210125 0.999995828 200.016647339
0.999998033 0.001838258 -0.000679819 -0.018883288 -0.001836419 0.999994814 0.002694552 -2.823596001 0.000684769 -0.002693298 0.999996126 201.233703613
0.999997854 0.001977199 0.000659167 -0.028699100 -0.001978821 0.999994993 0.002468377 -2.837718487 -0.000654284 -0.002469675 0.999996662 202.443511963
0.999997914 0.001651402 0.001309255 -0.022496104 -0.001655112 0.999994636 0.002836699 -2.864204645 -0.001304564 -0.002838860 0.999995112 203.651138306
0.999996424 0.001564793 0.002173226 -0.023642331 -0.001571638 0.999993801 0.003151804 -2.884286880 -0.002168281 -0.003155208 0.999992669 204.843795776
0.999991894 0.002138526 0.003410855 -0.036503732 -0.002149458 0.999992549 0.003204640 -2.908404589 -0.003403977 -0.003211946 0.999988973 206.036773682
0.999988616 0.001670139 0.004473395 -0.043749750 -0.001683079 0.999994397 0.002890556 -2.920785427 -0.004468543 -0.002898053 0.999985814 207.202850342
0.999988735 0.000791385 0.004682920 -0.040676296 -0.000803763 0.999996245 0.002641853 -2.939802170 -0.004680812 -0.002645587 0.999985516 208.366500854
0.999987245 0.000553175 0.005038076 -0.042839289 -0.000573531 0.999991596 0.004039661 -2.967507362 -0.005035800 -0.004042498 0.999979138 209.519027710
0.999987125 0.000215872 0.005069355 -0.049079776 -0.000240201 0.999988437 0.004799306 -2.980968952 -0.005068262 -0.004800463 0.999975562 210.642990112
0.999989390 0.000280203 0.004606402 -0.050921679 -0.000301218 0.999989569 0.004562016 -2.999430418 -0.004605075 -0.004563355 0.999978960 211.755325317
0.999990761 0.000865934 0.004205848 -0.053971171 -0.000881273 0.999992967 0.003646499 -3.018860817 -0.004202661 -0.003650172 0.999984503 212.862442017
0.999992073 0.001493932 0.003683154 -0.055406928 -0.001503785 0.999995351 0.002673827 -3.034139872 -0.003679141 -0.002679344 0.999989629 213.949188232
0.999993682 0.001235956 0.003343843 -0.059360206 -0.001245431 0.999995172 0.002833004 -3.057671785 -0.003340326 -0.002837151 0.999990344 215.015823364
0.999997199 0.000707172 0.002281173 -0.064884067 -0.000713243 0.999996245 0.002661542 -3.075396776 -0.002279283 -0.002663160 0.999993801 216.079391479
0.999999881 0.000369417 0.000306222 -0.062418558 -0.000370513 0.999993622 0.003585997 -3.096140385 -0.000304895 -0.003586110 0.999993503 217.128631592
0.999998093 -0.000573329 -0.001841712 -0.070557415 0.000582644 0.999987066 0.005061430 -3.113216877 0.001838787 -0.005062493 0.999985516 218.168136597
0.999993384 -0.000353921 -0.003616813 -0.082019448 0.000378470 0.999976814 0.006789113 -3.129695415 0.003614326 -0.006790437 0.999970376 219.209579468
0.999980509 -0.000247191 -0.006233121 -0.089831352 0.000290660 0.999975622 0.006973883 -3.147062778 0.006231245 -0.006975558 0.999956250 220.200897217
0.999958515 -0.000428776 -0.009088400 -0.100990891 0.000488700 0.999978185 0.006592140 -3.160817623 0.009085376 -0.006596308 0.999936938 221.194442749
0.999931157 0.000051791 -0.011726178 -0.121287107 0.000024247 0.999978960 0.006484276 -3.174098969 0.011726269 -0.006484115 0.999910176 222.177536011
0.999890387 0.000668523 -0.014788919 -0.136626720 -0.000564201 0.999974966 0.007057151 -3.189821482 0.014793269 -0.007048032 0.999865711 223.126708984
0.999847651 0.000956957 -0.017424639 -0.163094282 -0.000833737 0.999974608 0.007077452 -3.208837986 0.017430967 -0.007061844 0.999823153 224.052810669
0.999788225 0.000951573 -0.020556344 -0.185972214 -0.000821442 0.999979556 0.006338029 -3.220895529 0.020561956 -0.006319801 0.999768555 224.961441040
0.999718845 0.000978598 -0.023690097 -0.214627266 -0.000854462 0.999985874 0.005249584 -3.230262280 0.023694897 -0.005227864 0.999705553 225.843688965
0.999641895 0.001644772 -0.026707159 -0.240859985 -0.001497597 0.999983609 0.005529781 -3.255109072 0.026715813 -0.005487805 0.999628007 226.714141846
0.999551773 0.002118798 -0.029863814 -0.269933224 -0.001976351 0.999986589 0.004798605 -3.268633842 0.029873582 -0.004737432 0.999542475 227.543777466
0.999481201 0.003335801 -0.032033078 -0.307962894 -0.003181769 0.999983132 0.004858304 -3.285445213 0.032048743 -0.004753862 0.999475002 228.364532471
0.999453425 0.004417450 -0.032762710 -0.339160442 -0.004259941 0.999979019 0.004875803 -3.292541265 0.032783564 -0.004733571 0.999451280 229.169586182
0.999455094 0.004743028 -0.032666899 -0.366111755 -0.004541029 0.999970138 0.006255032 -3.311493635 0.032695595 -0.006103284 0.999446750 229.950622559
0.999470413 0.004552724 -0.032224841 -0.394403458 -0.004335222 0.999967337 0.006816155 -3.323553324 0.032254819 -0.006672842 0.999457419 230.712432861
0.999485493 0.004265346 -0.031793486 -0.422122478 -0.004054294 0.999969363 0.006699760 -3.339345932 0.031821094 -0.006567411 0.999472022 231.455444336
0.999498606 0.005225419 -0.031229079 -0.451924324 -0.005079868 0.999975860 0.004738259 -3.348896503 0.031253092 -0.004577242 0.999500990 232.186477661
0.999525070 0.005017936 -0.030408982 -0.475046635 -0.004940795 0.999984384 0.002611394 -3.360870838 0.030421605 -0.002459909 0.999534130 232.916915894
0.999567151 0.005583507 -0.028883424 -0.504189968 -0.005545553 0.999983668 0.001393987 -3.375400305 0.028890733 -0.001233208 0.999581814 233.639770508
0.999593318 0.005920403 -0.027897418 -0.522557259 -0.005897915 0.999982238 0.000888344 -3.385119915 0.027902177 -0.000723447 0.999610543 234.378295898
0.999646366 0.005626617 -0.025989654 -0.544837475 -0.005607242 0.999983966 0.000818302 -3.398160934 0.025993835 -0.000672282 0.999661922 235.098953247
0.999697685 0.005344368 -0.024005160 -0.566846371 -0.005327193 0.999985456 0.000779401 -3.413246632 0.024008978 -0.000651286 0.999711573 235.805847168
0.999737322 0.005574777 -0.022229774 -0.585673809 -0.005566462 0.999984443 0.000435908 -3.424308777 0.022231856 -0.000312052 0.999752760 236.532211304
0.999779701 0.005178323 -0.020344591 -0.599721432 -0.005175380 0.999986649 0.000197319 -3.438296318 0.020345336 -0.000091984 0.999793053 237.243453979
0.999837458 0.005243883 -0.017252132 -0.618501186 -0.005231411 0.999986053 0.000768000 -3.452811241 0.017255917 -0.000677622 0.999850869 237.954528809
0.999891639 0.004184967 -0.014112558 -0.626084805 -0.004164752 0.999990225 0.001461608 -3.465532541 0.014118535 -0.001402674 0.999899387 238.655685425
0.999930501 0.003463341 -0.011267985 -0.634936810 -0.003448858 0.999993205 0.001304524 -3.473164558 0.011272425 -0.001265572 0.999935627 239.352249146
0.999958634 0.003143630 -0.008536207 -0.639595985 -0.003131022 0.999994040 0.001489968 -3.487659216 0.008540840 -0.001463179 0.999962389 240.051239014
0.999981761 0.002767117 -0.005361433 -0.645802081 -0.002761108 0.999995589 0.001127853 -3.498973131 0.005364530 -0.001113028 0.999984980 240.735137939
0.999994218 0.002712066 -0.002055020 -0.651804030 -0.002710362 0.999996006 0.000831539 -3.512605190 0.002057267 -0.000825964 0.999997556 241.425170898
0.999993861 0.003489832 0.000392561 -0.648186684 -0.003489759 0.999993980 -0.000185100 -3.522325039 -0.000393203 0.000183729 1.000000000 242.117309570
0.999985695 0.003894306 0.003657185 -0.650148630 -0.003892107 0.999992251 -0.000608342 -3.533868074 -0.003659525 0.000594099 0.999993145 242.810791016
0.999970317 0.004081397 0.006537065 -0.648308396 -0.004083706 0.999991596 0.000339814 -3.548048973 -0.006535624 -0.000366500 0.999978602 243.511276245
0.999952495 0.004298033 0.008757496 -0.643151760 -0.004306343 0.999990284 0.000930213 -3.559432983 -0.008753413 -0.000967882 0.999961317 244.215957642
0.999932051 0.004338474 0.010824136 -0.635095835 -0.004343017 0.999990463 0.000396172 -3.569494963 -0.010822315 -0.000443155 0.999941349 244.921340942
0.999897957 0.004056171 0.013693416 -0.633267879 -0.004044761 0.999991417 -0.000860804 -3.582649946 -0.013696790 0.000805330 0.999905884 245.629150391
0.999868214 0.004161812 0.015691476 -0.627236128 -0.004110270 0.999986053 -0.003315545 -3.593121767 -0.015705055 0.003250612 0.999871373 246.336807251
0.999858499 0.002930054 0.016561644 -0.614552021 -0.002844751 0.999982595 -0.005171885 -3.603781700 -0.016576508 0.005124040 0.999849498 247.055221558
0.999862790 0.002963724 0.016298650 -0.600510120 -0.002875980 0.999981284 -0.005404283 -3.619044542 -0.016314361 0.005356667 0.999852598 247.774230957
0.999869049 0.001416464 0.016121088 -0.588119507 -0.001323422 0.999982417 -0.005780668 -3.635131836 -0.016128995 0.005758576 0.999853373 248.502792358
0.999862313 0.003307299 0.016259374 -0.577427387 -0.003206745 0.999975622 -0.006206533 -3.647803783 -0.016279504 0.006153539 0.999848485 249.237121582
0.999855578 0.003798553 0.016567701 -0.568217754 -0.003687351 0.999970615 -0.006737386 -3.661717415 -0.016592806 0.006675322 0.999840081 249.976852417
0.999852657 0.002704763 0.016951136 -0.560528278 -0.002556910 0.999958515 -0.008737940 -3.677659035 -0.016974067 0.008693310 0.999818146 250.721633911
0.999846995 -0.000815849 0.017474191 -0.547803402 0.001006174 0.999940217 -0.010885740 -3.695886135 -0.017464267 0.010901658 0.999788046 251.469787598
0.999831796 -0.004114003 0.017873144 -0.530830860 0.004323201 0.999922335 -0.011681819 -3.711286783 -0.017823700 0.011757124 0.999771953 252.236923218
0.999826670 -0.001600934 0.018547857 -0.521334648 0.001748726 0.999966741 -0.007954693 -3.723495007 -0.018534509 0.007985751 0.999796331 253.015289307
0.999815881 0.002156104 0.019068526 -0.516931057 -0.002125602 0.999996424 -0.001619752 -3.740626097 -0.019071952 0.001578922 0.999816895 253.802841187
0.999803901 0.001402421 0.019754399 -0.500914574 -0.001439402 0.999997318 0.001857927 -3.756315231 -0.019751737 -0.001885997 0.999803185 254.587722778
0.999748051 0.000156678 0.022445606 -0.486325741 -0.000147930 0.999999881 -0.000391405 -3.766262054 -0.022445664 0.000387986 0.999747872 255.378723145
0.999651015 0.001016913 0.026397571 -0.470748425 -0.000847903 0.999979079 -0.006412891 -3.777595520 -0.026403541 0.006388270 0.999630928 256.170776367
0.999535024 0.003219388 0.030321900 -0.454056740 -0.002909672 0.999943137 -0.010252875 -3.787839890 -0.030353189 0.010159880 0.999487519 256.984191895
0.999428570 0.005292575 0.033383708 -0.427525520 -0.004960318 0.999937534 -0.010027664 -3.804169893 -0.033434696 0.009856341 0.999392271 257.816528320
0.999323845 0.003825715 0.036569942 -0.396746635 -0.003532998 0.999961257 -0.008065587 -3.818172455 -0.036599386 0.007930931 0.999298573 258.644165039
0.999214292 0.000579194 0.039627086 -0.364800453 -0.000406244 0.999990404 -0.004372344 -3.841732979 -0.039629236 0.004352809 0.999204934 259.473480225
0.999112427 -0.002466142 0.042050354 -0.319759369 0.002604109 0.999991417 -0.003226554 -3.855436087 -0.042042032 0.003333194 0.999110281 260.333831787
0.998982430 -0.002031127 0.045055710 -0.285865784 0.002143601 0.999994755 -0.002448149 -3.873435020 -0.045050502 0.002542239 0.998981416 261.171508789
0.998875976 0.000100185 0.047399312 -0.242883682 0.000103453 0.999990761 -0.004293744 -3.891710758 -0.047399312 0.004293821 0.998866737 262.019042969
0.998741508 0.001855554 0.050122675 -0.208338737 -0.001496110 0.999972880 -0.007207877 -3.899638653 -0.050134696 0.007123817 0.998717010 262.873352051
0.998610795 0.002377684 0.052640051 -0.169603348 -0.001993805 0.999970973 -0.007343845 -3.915272713 -0.052655999 0.007228687 0.998586535 263.712524414
0.998462677 0.003146851 0.055337451 -0.126732826 -0.002867705 0.999982715 -0.005123115 -3.936305285 -0.055352621 0.004956548 0.998454511 264.559722900
0.998278022 0.004227997 0.058508027 -0.081395149 -0.004035276 0.999986053 -0.003411689 -3.959794044 -0.058521628 0.003169718 0.998281121 265.417266846
0.998100758 0.004755691 0.061419796 -0.032932281 -0.004545962 0.999983430 -0.003553972 -3.976378441 -0.061435673 0.003268010 0.998105705 266.264282227
0.997937143 0.005667074 0.063948900 0.021554947 -0.005399373 0.999975979 -0.004358214 -3.985760689 -0.063972056 0.004003939 0.997943699 267.109863281
0.997769833 0.003707836 0.066644870 0.075540543 -0.003390487 0.999982297 -0.004874272 -4.003028393 -0.066661775 0.004637442 0.997764826 267.960540771
0.997663379 0.000647331 0.068317220 0.133907318 -0.000371548 0.999991775 -0.004049427 -4.020121098 -0.068319291 0.004014582 0.997655332 268.804595947
0.997614563 -0.000037273 0.069028765 0.195110321 0.000342056 0.999990165 -0.004403499 -4.035105705 -0.069027930 0.004416606 0.997604966 269.663269043
0.997559190 -0.001079027 0.069818161 0.243928909 0.001370947 0.999990463 -0.004133365 -4.056123734 -0.069813050 0.004218993 0.997551143 270.511413574
0.997543991 -0.000735341 0.070038490 0.308956146 0.001029879 0.999990880 -0.004169370 -4.070763111 -0.070034787 0.004231262 0.997535467 271.378173828
0.997558177 -0.000521561 0.069837220 0.363641739 0.000763015 0.999993861 -0.003430741 -4.088667393 -0.069835015 0.003475651 0.997552454 272.238708496
0.997597277 -0.000152632 0.069279186 0.418212891 0.000370087 0.999994993 -0.003125992 -4.103526115 -0.069278382 0.003144120 0.997592390 273.089660645
0.997683465 -0.000709263 0.068022892 0.479507446 0.000981303 0.999991655 -0.003965914 -4.124466896 -0.068019524 0.004023478 0.997675836 273.945098877
0.997779667 -0.000610795 0.066597015 0.529451370 0.000936295 0.999987841 -0.004856517 -4.142545700 -0.066593222 0.004908090 0.997768164 274.800262451
0.997891843 -0.000262264 0.064897530 0.584228516 0.000620325 0.999984801 -0.005497230 -4.163882732 -0.064895093 0.005525900 0.997876763 275.666656494
0.997975111 0.000796669 0.063599661 0.630594254 -0.000430296 0.999983251 -0.005774098 -4.182656765 -0.063603193 0.005735042 0.997958720 276.521697998
0.998102069 0.002386885 0.061537754 0.679450989 -0.002032300 0.999980986 -0.005824018 -4.206277370 -0.061550494 0.005687900 0.998087764 277.369537354
0.998246670 0.002997142 0.059115529 0.727772713 -0.002686527 0.999982178 -0.005333138 -4.222662926 -0.059130467 0.005164972 0.998236835 278.215270996
0.998404324 0.002927163 0.056394216 0.770798683 -0.002702720 0.999988079 -0.004055754 -4.239589691 -0.056405425 0.003896865 0.998400390 279.078186035
0.998635590 0.001581475 0.052195508 0.810053825 -0.001502791 0.999997675 -0.001546700 -4.258873463 -0.052197829 0.001466150 0.998635709 279.918121338
0.998890400 0.000155220 0.047095865 0.847332001 -0.000155692 0.999999940 0.000006321 -4.276903152 -0.047095865 -0.000013647 0.998890400 280.761962891
0.999088764 -0.000575488 0.042677082 0.880413055 0.000508754 0.999998629 0.001574539 -4.294132233 -0.042677935 -0.001551392 0.999087691 281.605194092
0.999295413 -0.000670109 0.037525784 0.908249855 0.000594578 0.999997735 0.002023906 -4.305304050 -0.037527055 -0.002000169 0.999293625 282.423126221
0.999449193 -0.001197485 0.033164255 0.933976173 0.001107626 0.999995649 0.002727784 -4.320337296 -0.033167377 -0.002689548 0.999446273 283.249420166
0.999596059 -0.002079133 0.028343678 0.952117920 0.001997603 0.999993742 0.002904482 -4.333572865 -0.028349541 -0.002846690 0.999593973 284.050354004
0.999697089 -0.002283950 0.024503859 0.965190887 0.002222712 0.999994338 0.002526106 -4.347845078 -0.024509490 -0.002470875 0.999696493 284.835815430
0.999786615 -0.001894424 0.020567980 0.978820801 0.001848044 0.999995708 0.002273736 -4.360736847 -0.020572197 -0.002235240 0.999785841 285.609741211
0.999858022 -0.001750166 0.016755441 0.984502077 0.001712023 0.999995887 0.002290461 -4.375959873 -0.016759379 -0.002261451 0.999857008 286.355834961
