1.000000000 0.000000000 0.000000000 0.000000000 0.000000000 1.000000000 0.000000000 0.000000000 0.000000000 0.000000000 1.000000000 0.000000000
0.999995589 0.002967248 0.000160554 -0.006140786 -0.002967467 0.999994636 0.001384511 -0.012867496 -0.000156445 -0.001384981 0.999999046 0.772337437
0.999984324 0.005564009 0.000653618 -0.012798027 -0.005565261 0.999982655 0.001930661 -0.029867860 -0.000642865 -0.001934268 0.999997914 1.539643884
0.999976277 0.006790741 0.001167872 -0.021446299 -0.006792786 0.999975324 0.001756460 -0.048155092 -0.001155916 -0.001764352 0.999997795 2.273529291
0.999961376 0.008726278 0.001055104 -0.024938073 -0.008727872 0.999960780 0.001516593 -0.062053159 -0.001041829 -0.001525743 0.999998331 3.000711441
0.999958277 0.008956166 0.001804314 -0.034751259 -0.008958258 0.999959230 0.001154753 -0.074546911 -0.001793898 -0.001170869 0.999997735 3.716529131
0.999955475 0.009197814 0.002074432 -0.035560194 -0.009202241 0.999955356 0.002134430 -0.088960841 -0.002054707 -0.002153425 0.999995589 4.406168938
0.999945462 0.010004231 0.002991731 -0.047485188 -0.010019239 0.999937117 0.005044555 -0.103107236 -0.002941077 -0.005074254 0.999982893 5.084306240
0.999942660 0.009801830 0.004316128 -0.040287063 -0.009839723 0.999912441 0.008848350 -0.108652756 -0.004229020 -0.008890312 0.999951541 5.757133007
0.999943376 0.009119586 0.005490357 -0.037583470 -0.009187112 0.999880850 0.012401702 -0.119484603 -0.005376604 -0.012451440 0.999907970 6.384691238
0.999941289 0.008393581 0.006846396 -0.041196048 -0.008493209 0.999856472 0.014655127 -0.128037184 -0.006722405 -0.014712414 0.999869168 6.990166187
0.999931395 0.008949778 0.007556204 -0.024402987 -0.009059123 0.999852896 0.014562863 -0.137592643 -0.007424759 -0.014630316 0.999865413 7.579164505
0.999917507 0.009593824 0.008533413 -0.021463804 -0.009696404 0.999880195 0.012061980 -0.147448644 -0.008416672 -0.012143728 0.999890804 8.131775856
0.999910533 0.009537694 0.009379397 -0.019641206 -0.009622368 0.999912977 0.009024289 -0.149693131 -0.009292510 -0.009113734 0.999915302 8.665185928
0.999908686 0.008019452 0.010880414 -0.008113302 -0.008103788 0.999937296 0.007729337 -0.159872502 -0.010817748 -0.007816805 0.999910951 9.167996407
0.999908447 0.004061302 0.012908934 -0.001783565 -0.004129095 0.999977767 0.005229379 -0.163064957 -0.012887409 -0.005282201 0.999903023 9.630258560
0.999887764 0.002152673 0.014823681 0.005226180 -0.002217567 0.999988019 0.004362722 -0.171750560 -0.014814112 -0.004395105 0.999880612 10.071148872
0.999839187 0.006493184 0.016718887 0.010611236 -0.006530804 0.999976337 0.002196588 -0.180430815 -0.016704228 -0.002305422 0.999857724 10.486102104
0.999745667 0.010909081 0.019742623 0.011159867 -0.010943231 0.999938846 0.001622582 -0.190167174 -0.019723715 -0.001838216 0.999803722 10.872234344
0.999676824 0.011114029 0.022866607 0.021263778 -0.011180251 0.999933660 0.002770195 -0.199643791 -0.022834301 -0.003024953 0.999734700 11.218530655
0.999638379 0.006773390 0.026026335 0.035564750 -0.006863108 0.999970853 0.003359379 -0.207702667 -0.026002819 -0.003536784 0.999655604 11.534801483
0.999583483 0.002803079 0.028722180 0.050794184 -0.002885677 0.999991834 0.002834731 -0.206620812 -0.028714001 -0.002916432 0.999583423 11.820635796
0.999517202 -0.000686034 0.031065237 0.066788971 0.000555068 0.999990880 0.004224246 -0.211901173 -0.031067852 -0.004204963 0.999508440 12.078161240
0.999439418 -0.001026154 0.033464335 0.077081263 0.000848499 0.999985516 0.005322554 -0.218762159 -0.033469308 -0.005291176 0.999425709 12.310658455
0.999364614 -0.000385443 0.035639517 0.082363248 0.000229170 0.999990344 0.004388805 -0.224017516 -0.035640862 -0.004377849 0.999355078 12.512869835
0.999306321 0.000170405 0.037238423 0.102860361 -0.000289824 0.999994814 0.003201499 -0.232260272 -0.037237678 -0.003210071 0.999301314 12.715261459
0.999180496 0.002653338 0.040387690 0.098492712 -0.002748370 0.999993563 0.002297654 -0.235855117 -0.040381327 -0.002406771 0.999181390 12.869935036
0.999099553 0.005476326 0.042073641 0.102045536 -0.005555809 0.999983072 0.001772451 -0.243104562 -0.042063214 -0.002004608 0.999112904 13.038318634
0.999032378 0.007139259 0.043396875 0.107602417 -0.007155438 0.999974370 0.000217520 -0.249356568 -0.043394204 -0.000527833 0.999057949 13.194314003
0.998947859 0.006112715 0.045450293 0.115100384 -0.006049954 0.999980509 -0.001518318 -0.255282909 -0.045458686 0.001241749 0.998965442 13.343175888
0.998878717 0.005205957 0.047055215 0.119282186 -0.005070129 0.999982655 -0.003005443 -0.259520262 -0.047070041 0.002763497 0.998887777 13.480766296
0.998819947 0.004194668 0.048385147 0.128631949 -0.004010389 0.999984324 -0.003905044 -0.261252701 -0.048400771 0.003706392 0.998821139 13.618980408
0.998760879 0.004836034 0.049530674 0.139440000 -0.004586217 0.999976158 -0.005156097 -0.265437394 -0.049554430 0.004922550 0.998759329 13.755225182
0.998680830 0.005535711 0.051047578 0.142538488 -0.005183936 0.999961913 -0.007020955 -0.272702634 -0.051084496 0.006747067 0.998671472 13.871586800
0.998620212 0.005931386 0.052178383 0.145522535 -0.005431317 0.999938071 -0.009720417 -0.269208550 -0.052232809 0.009423606 0.998590469 13.997194290
0.998592734 0.005092136 0.052786525 0.155491769 -0.004471684 0.999919593 -0.011865426 -0.274842232 -0.052842706 0.011612685 0.998535275 14.122367859
0.998623610 0.004412990 0.052263647 0.163209558 -0.003707527 0.999900877 -0.013587417 -0.278575063 -0.052318428 0.013374947 0.998540938 14.245801926
0.998731732 0.003874637 0.050197996 0.168691456 -0.003127053 0.999883235 -0.014962682 -0.281477004 -0.050250113 0.014786731 0.998627126 14.373446465
0.998877108 0.003708717 0.047228694 0.171280622 -0.002976053 0.999874353 -0.015573969 -0.287208438 -0.047280520 0.015415927 0.998762667 14.497165680
0.999059975 0.004477637 0.043116309 0.175597787 -0.003746842 0.999848247 -0.017015286 -0.285965592 -0.043185953 0.016837744 0.998925090 14.625183105
0.999300420 0.003981790 0.037186284 0.177778333 -0.003304598 0.999827921 -0.018254535 -0.288472295 -0.037252579 0.018118881 0.999141574 14.762413025
0.999522865 0.004343994 0.030584039 0.169179857 -0.003775993 0.999819756 -0.018605130 -0.295859545 -0.030659355 0.018480768 0.999359012 14.864902496
0.999724746 0.004080459 0.023099661 0.170902073 -0.003635694 0.999807835 -0.019263487 -0.301546037 -0.023173820 0.019174200 0.999547541 14.990841866
0.999874234 0.004042932 0.015336700 0.157549590 -0.003729153 0.999784231 -0.020433011 -0.299544662 -0.015416000 0.020373246 0.999673545 15.121951103
0.999980390 0.003402086 0.005263662 0.149896696 -0.003286875 0.999758184 -0.021743873 -0.299968570 -0.005336359 0.021726143 0.999749720 15.256127357
0.999967575 0.001833386 -0.007848669 0.140783995 -0.002014724 0.999729753 -0.023159102 -0.305680275 0.007804086 0.023174165 0.999700963 15.404474258
0.999714434 0.000854172 -0.023882035 0.119373351 -0.001454870 0.999682724 -0.025146673 -0.308332562 0.023852976 0.025174234 0.999398470 15.558187485
0.999068499 0.001378595 -0.043129429 0.092261851 -0.002517197 0.999649405 -0.026356520 -0.308575213 0.043077983 0.026440531 0.998721838 15.739519119
0.997901797 0.002306764 -0.064704232 0.053524375 -0.003991119 0.999656200 -0.025914446 -0.315910876 0.064622208 0.026118310 0.997567892 15.909566879
0.996062338 0.002389323 -0.088624179 0.021257401 -0.004552720 0.999696314 -0.024216816 -0.326562017 0.088539414 0.024524936 0.995770752 16.110208511
0.993334413 0.003325770 -0.115220301 -0.027433395 -0.005993745 0.999721706 -0.022816710 -0.330437034 0.115112342 0.023355223 0.993077874 16.320478439
0.989396155 0.004368412 -0.145177186 -0.095542431 -0.007405051 0.999764860 -0.020382974 -0.341753989 0.145054013 0.021241874 0.989195704 16.543178558
0.983946919 0.004517751 -0.178404048 -0.169563055 -0.007706742 0.999822676 -0.017186131 -0.343017817 0.178294763 0.018285153 0.983807206 16.796958923
0.976641059 0.005674853 -0.214802563 -0.264872551 -0.008708416 0.999875247 -0.013178847 -0.349508464 0.214700997 0.014741594 0.976568520 17.049278259
0.966952085 0.006999062 -0.254862070 -0.364070654 -0.009319399 0.999925315 -0.007897886 -0.353005141 0.254787803 0.010012034 0.966945112 17.303943634
0.955098271 0.011025053 -0.296083987 -0.490249157 -0.012471610 0.999917746 -0.002997349 -0.355566591 0.296026528 0.006555406 0.955157220 17.580215454
0.940974951 0.014604368 -0.338161051 -0.631262302 -0.015007898 0.999886394 0.001421370 -0.360215396 0.338143349 0.003737612 0.941087246 17.852140427
0.924196184 0.017030630 -0.381538123 -0.783659458 -0.015387642 0.999854445 0.007356937 -0.365112364 0.381607950 -0.000928281 0.924323797 18.131906509
0.904898167 0.020288402 -0.425144255 -0.942399502 -0.015429534 0.999770403 0.014869278 -0.369043410 0.425348282 -0.006895406 0.905003428 18.404426575
0.883077502 0.024699867 -0.468576610 -1.114853382 -0.016548088 0.999631763 0.021506678 -0.369424939 0.468935281 -0.011238018 0.883161008 18.664098740
0.858372152 0.029982608 -0.512150526 -1.332032204 -0.019395312 0.999473691 0.026004910 -0.368923068 0.512660742 -0.012388568 0.858501852 18.944726944
0.830341220 0.033906918 -0.556222737 -1.542469978 -0.020715084 0.999335349 0.029994814 -0.375937402 0.556870043 -0.013383737 0.830491781 19.197053909
0.799206853 0.037144449 -0.599907219 -1.801851273 -0.022927528 0.999246180 0.031325866 -0.363859832 0.600618601 -0.011281458 0.799456120 19.477218628
0.765366077 0.040265739 -0.642334402 -2.072629929 -0.023496136 0.999123693 0.034635089 -0.360368967 0.643166184 -0.011416142 0.765641451 19.743902206
0.728415966 0.044379368 -0.683696389 -2.377714157 -0.024628758 0.998951077 0.038603153 -0.346902251 0.684692442 -0.011280559 0.728744864 20.015872955
0.689022124 0.044483256 -0.723373890 -2.704974174 -0.021615164 0.998931885 0.040839750 -0.325148165 0.724417984 -0.012503644 0.689247608 20.286914825
0.648497999 0.044948068 -0.759888291 -3.078302383 -0.019470880 0.998908043 0.042469606 -0.312438190 0.760967433 -0.012745761 0.648664951 20.563869476
0.607438564 0.044081505 -0.793142617 -3.431630135 -0.014593638 0.998909831 0.044340972 -0.305764496 0.794232607 -0.015359581 0.607419670 20.764871597
0.561822295 0.043476745 -0.826114714 -3.832167625 -0.009417516 0.998889446 0.046164893 -0.284132600 0.827204347 -0.018156514 0.561607897 21.017704010
0.515713394 0.045537613 -0.855550110 -4.269378662 -0.007753878 0.998793662 0.048487984 -0.267567992 0.856726110 -0.018372068 0.515444279 21.227956772
0.465665936 0.044959821 -0.883817673 -4.725738525 -0.007104496 0.998866320 0.047069136 -0.241172552 0.884932041 -0.015639411 0.465457439 21.425645828
0.414084375 0.044084940 -0.909170270 -5.187636375 -0.001676489 0.998861611 0.047670443 -0.226025999 0.910237014 -0.018215368 0.413686931 21.596811295
0.360207915 0.043408927 -0.931861520 -5.684132099 0.003609386 0.998844564 0.047924384 -0.210549414 0.932865083 -0.020626197 0.359634936 21.767797470
0.305525273 0.042118981 -0.951251924 -6.210269928 0.006607371 0.998903394 0.046351034 -0.183415055 0.952161074 -0.020446690 0.304911911 21.909669876
0.252740920 0.048154093 -0.966334820 -6.780408859 0.007475733 0.998633683 0.051718842 -0.154469132 0.967505038 -0.020295531 0.252035558 22.016902924
0.201891437 0.053277813 -0.977957666 -7.370284081 0.010454862 0.998345256 0.056546815 -0.129259408 0.979352236 -0.021640729 0.201000288 22.102966309
0.153774038 0.054287843 -0.986613572 -7.972723961 0.015664611 0.998230159 0.057368539 -0.097016811 0.987981975 -0.024276704 0.152651504 22.182621002
0.109348930 0.055645261 -0.992444634 -8.591423988 0.018096322 0.998154938 0.057959303 -0.073455811 0.993838787 -0.024297383 0.108140200 22.226520538
0.069390461 0.054102875 -0.996121347 -9.225615501 0.017886054 0.998300254 0.055467177 -0.044648647 0.997429192 -0.021665571 0.068304822 22.235103607
0.033555429 0.049759619 -0.998197317 -9.864675522 0.016192576 0.998601675 0.050324097 -0.012342751 0.999305665 -0.017852029 0.032702766 22.237983704
0.005196074 0.049656484 -0.998752832 -10.539200783 0.013800366 0.998667598 0.049724042 0.024990618 0.999891222 -0.014041522 0.004503870 22.214330673
-0.016063437 0.053755343 -0.998424947 -11.236827850 0.012698837 0.998484135 0.053554222 0.057340980 0.999790311 -0.011818569 -0.016721720 22.190847397
-0.028878085 0.059747577 -0.997795761 -11.963127136 0.014194380 0.998135865 0.059357129 0.092627048 0.999482155 -0.012448969 -0.029672334 22.158458710
-0.037102230 0.062217008 -0.997372866 -12.703495979 0.013728053 0.997997582 0.061745293 0.128256679 0.999217212 -0.011401098 -0.037882049 22.124673843
-0.040811647 0.059652492 -0.997384548 -13.458946228 0.014985913 0.998140514 0.059084501 0.158830941 0.999054492 -0.012535385 -0.041629706 22.091167450
-0.039907217 0.055767078 -0.997645795 -14.236305237 0.022398070 0.998240471 0.054904345 0.197123289 0.998952329 -0.020154262 -0.041086067 22.063480377
-0.035723690 0.054086860 -0.997896910 -15.035799026 0.034004014 0.998022020 0.052876323 0.244294405 0.998783112 -0.032043569 -0.037492197 22.050373077
-0.030193569 0.054436248 -0.998060644 -15.863935471 0.034802139 0.997967660 0.053378347 0.279845417 0.998938024 -0.033122968 -0.032026712 22.029375076
-0.025027279 0.053204175 -0.998269975 -16.703758240 0.032931395 0.998084664 0.052368689 0.311004043 0.999144256 -0.031563781 -0.026731430 21.999357224
-0.022025976 0.046589576 -0.998671234 -17.583650589 0.036584463 0.998282135 0.045764551 0.353967071 0.999087811 -0.035527844 -0.023692593 21.993007660
-0.019968890 0.035744451 -0.999161422 -18.452617645 0.034555312 0.998788416 0.035040487 0.387344539 0.999203324 -0.033826619 -0.021179849 21.972932816
-0.019293340 0.027640143 -0.999431729 -19.344150543 0.026865868 0.999271154 0.027117072 0.412841260 0.999452829 -0.026327426 -0.020021852 21.934904099
-0.020655764 0.024821896 -0.999478459 -20.265623093 0.021222182 0.999477386 0.024383280 0.436821520 0.999561369 -0.020707462 -0.021171739 21.909879684
-0.024088955 0.030967634 -0.999230087 -21.212047577 0.011780187 0.999459505 0.030690758 0.459138870 0.999640346 -0.011031810 -0.024440739 21.859699249
-0.029087538 0.039016336 -0.998815060 -22.168987274 0.006935357 0.999221802 0.038830251 0.486134350 0.999552727 -0.005797662 -0.029335488 21.814956665
-0.033628393 0.048470240 -0.998258352 -23.179952621 0.005475558 0.998817265 0.048312921 0.520792067 0.999419391 -0.003841335 -0.033854023 21.774118423
-0.035252891 0.058233451 -0.997680306 -24.191844940 0.003868627 0.998301387 0.058132999 0.568474889 0.999370992 -0.001810296 -0.035418294 21.731800079
-0.036298200 0.066150650 -0.997149169 -25.218276978 0.005990391 0.997803271 0.065975979 0.614789724 0.999323010 -0.003578504 -0.036614731 21.694477081
-0.037779931 0.066994190 -0.997037709 -26.233137131 0.006909038 0.997743726 0.066779844 0.666249156 0.999262154 -0.004365633 -0.038157556 21.654146194
-0.039370310 0.064198427 -0.997160196 -27.254777908 0.005630758 0.997932374 0.064025827 0.720705390 0.999208808 -0.003094051 -0.039650396 21.605924606
-0.042321879 0.059636503 -0.997322619 -28.274194717 0.005743015 0.998214900 0.059446160 0.764490843 0.999087512 -0.003211764 -0.042588830 21.557956696
-0.046874557 0.054392409 -0.997418761 -29.298149109 0.005768991 0.998514414 0.054181047 0.812216997 0.998884141 -0.003214388 -0.047118712 21.504814148
-0.052391574 0.049678031 -0.997390151 -30.327520370 0.005607293 0.998760700 0.049451765 0.855945230 0.998610914 -0.003001804 -0.052605212 21.444791794
-0.059049107 0.047821872 -0.997108936 -31.352569580 0.004658177 0.998854280 0.047629725 0.897119045 0.998244166 -0.001832217 -0.059204217 21.367298126
-0.066125356 0.050124515 -0.996551514 -32.424106598 0.005311405 0.998740971 0.049882207 0.940965712 0.997797191 -0.001994610 -0.066308349 21.303070068
-0.072362728 0.055038340 -0.995858669 -33.495086670 0.003957527 0.998484254 0.054895882 0.983610928 0.997370601 0.000031278 -0.072470859 21.215370178
-0.078538463 0.058041904 -0.995220006 -34.561447144 0.001292303 0.998308778 0.058120068 1.028956056 0.996910274 0.003278534 -0.078480646 21.124446869
-0.083194174 0.060137872 -0.994717240 -35.632717133 -0.002055962 0.998165011 0.060518280 1.080450535 0.996531248 0.007079869 -0.082917891 21.024356842
-0.085570209 0.061599083 -0.994426131 -36.711494446 -0.006506647 0.998031080 0.062382288 1.128416657 0.996310949 0.011808446 -0.085000925 20.915573120
-0.087510899 0.062373783 -0.994208932 -37.773551941 -0.010981739 0.997916877 0.063573018 1.192090034 0.996103048 0.016481481 -0.086643636 20.816322327
-0.088871263 0.061764922 -0.994126260 -38.851409912 -0.011912724 0.997938216 0.063066706 1.247565985 0.995971918 0.017447570 -0.087952226 20.706821442
-0.090083770 0.061180107 -0.994053245 -39.931339264 -0.013294921 0.997948527 0.062624678 1.293277025 0.995845437 0.018857326 -0.089085594 20.592453003
-0.091332950 0.060442820 -0.993984401 -41.011817932 -0.013509337 0.997989178 0.061927658 1.349246264 0.995728791 0.019084103 -0.090332739 20.495828629
-0.092274234 0.059520800 -0.993953109 -42.101238251 -0.015880818 0.997996807 0.061237261 1.404921532 0.995606959 0.021435406 -0.091144159 20.383724213
-0.093000121 0.056912024 -0.994038343 -43.181041718 -0.020479087 0.998044491 0.059057385 1.455326676 0.995455444 0.025849339 -0.091652758 20.273229599
-0.093388520 0.052275155 -0.994256437 -44.267723083 -0.025028033 0.998181820 0.054832380 1.501239061 0.995315135 0.030004997 -0.091910362 20.164016724
-0.092372119 0.051536176 -0.994390070 -45.379714966 -0.027041577 0.998161435 0.054243635 1.546985745 0.995357275 0.031900469 -0.090808667 20.047550201
-0.090794243 0.055753991 -0.994307697 -46.491153717 -0.027852125 0.997898877 0.058498651 1.593740106 0.995480120 0.033004925 -0.089050598 19.942514420
-0.088764280 0.059103727 -0.994297504 -47.589920044 -0.027847379 0.997700572 0.061792031 1.638391495 0.995663285 0.033173501 -0.086914279 19.839097977
-0.087338008 0.058681544 -0.994448781 -48.709671021 -0.026026554 0.997788310 0.061164401 1.693246603 0.995838702 0.031224055 -0.085617542 19.737655640
-0.084827766 0.057802297 -0.994717538 -49.817604065 -0.025889708 0.997850955 0.060192209 1.746476650 0.996059179 0.030858913 -0.083148986 19.639070511
-0.080920331 0.057960968 -0.995033860 -50.956977844 -0.030237762 0.997705519 0.060575653 1.806309462 0.996261775 0.034989402 -0.078982070 19.539270401
-0.074977979 0.058746006 -0.995453298 -52.079612732 -0.035274856 0.997482181 0.061522663 1.861741900 0.996561110 0.039727315 -0.072716951 19.437234879
-0.069090210 0.058348745 -0.995902479 -53.212093353 -0.039274890 0.997355044 0.061158512 1.916684151 0.996836960 0.043339416 -0.066615835 19.347232819
-0.063518330 0.057767529 -0.996307373 -54.359432220 -0.040518213 0.997350872 0.060411215 1.969972134 0.997157812 0.044205822 -0.061009422 19.268749237
-0.057920117 0.056598138 -0.996715546 -55.494136810 -0.040410403 0.997440457 0.058987588 2.028797150 0.997503042 0.043694254 -0.055484708 19.202651978
-0.052428350 0.056285772 -0.997037172 -56.646148682 -0.038811930 0.997541130 0.058355115 2.084349871 0.997870147 0.041756399 -0.050114878 19.132642746
-0.046928197 0.057092231 -0.997265279 -57.784530640 -0.037565172 0.997558236 0.058876690 2.134205580 0.998191714 0.040225420 -0.044668928 19.076341629
-0.041152205 0.058634501 -0.997430861 -58.949558258 -0.036767971 0.997511566 0.060156219 2.186898232 0.998476148 0.039149079 -0.038893919 19.026525497
-0.035814218 0.059847631 -0.997564912 -60.104549408 -0.037485994 0.997422218 0.061184894 2.241951704 0.998655140 0.039586000 -0.033478454 18.985366821
-0.030345952 0.058923669 -0.997801125 -61.266143799 -0.037160698 0.997504234 0.060036298 2.295991659 0.998848379 0.038900845 -0.028080575 18.945991516
-0.025947142 0.054552622 -0.998173833 -62.428344727 -0.037008964 0.997773111 0.055492755 2.342611551 0.998978019 0.038381264 -0.023870420 18.914886475
-0.021935100 0.049117014 -0.998552203 -63.582199097 -0.036842395 0.998074412 0.049902823 2.389750719 0.999080300 0.037883677 -0.020083269 18.893283844
-0.017581899 0.048894238 -0.998649240 -64.770088196 -0.036531903 0.998105228 0.049510784 2.431024075 0.999177814 0.037353046 -0.015762383 18.852268219
-0.014882548 0.051735166 -0.998549879 -65.941772461 -0.035806559 0.997992396 0.052239951 2.460899830 0.999247909 0.036532100 -0.013000211 18.846372604
-0.012480342 0.051316921 -0.998604357 -67.111053467 -0.036457922 0.997994781 0.051741231 2.508538723 0.999257326 0.037052792 -0.010584409 18.820791245
-0.011643304 0.051217284 -0.998619676 -68.274597168 -0.038353741 0.997929513 0.051629074 2.554296732 0.999196410 0.038901933 -0.009654822 18.803319931
-0.010995639 0.052336115 -0.998568952 -69.458183289 -0.039032213 0.997845829 0.052728016 2.592101097 0.999177456 0.039556131 -0.008929156 18.785865784
-0.009590352 0.051730923 -0.998614907 -70.636459351 -0.039617606 0.997857153 0.052072134 2.637773275 0.999168873 0.040062122 -0.007520343 18.765325546
-0.008300727 0.049909309 -0.998719215 -71.803955078 -0.040134404 0.997932196 0.050203551 2.676699162 0.999159813 0.040499728 -0.006280481 18.744615555
-0.008206692 0.048986942 -0.998765707 -72.997734070 -0.037999123 0.998062670 0.049264692 2.715046883 0.999244094 0.038356520 -0.006329332 18.741230011
-0.007207280 0.048377670 -0.998803079 -74.185646057 -0.035016492 0.998204291 0.048601341 2.762038708 0.999360740 0.035324857 -0.005500323 18.725591660
-0.007637402 0.049714547 -0.998734295 -75.367439270 -0.032583512 0.998220801 0.049938135 2.795862913 0.999439836 0.032923669 -0.006003937 18.722099304
-0.007539195 0.052509762 -0.998591959 -76.552932739 -0.032181308 0.998090327 0.052726351 2.837607622 0.999453664 0.032533508 -0.005834963 18.709068298
-0.007362679 0.055989001 -0.998404264 -77.736289978 -0.034274068 0.997830451 0.056209575 2.882418633 0.999385357 0.034633227 -0.005427735 18.697193146
-0.006682223 0.056161527 -0.998399317 -78.919349670 -0.036463365 0.997743845 0.056368709 2.928578615 0.999312639 0.036781665 -0.004619310 18.680288315
-0.006754088 0.053893510 -0.998523831 -80.105316162 -0.037738122 0.997821569 0.054110877 2.974072218 0.999264777 0.038047880 -0.004705535 18.672576904
-0.006297683 0.051274393 -0.998664677 -81.285568237 -0.037483957 0.997970581 0.051475126 3.023791790 0.999277413 0.037758078 -0.004362936 18.658082962
-0.006220290 0.050929621 -0.998682857 -82.472389221 -0.035189305 0.998072505 0.051117659 3.061977148 0.999361277 0.035460923 -0.004416122 18.642904282
-0.006232724 0.052118551 -0.998621404 -83.648841858 -0.034026202 0.998051524 0.052301168 3.106348276 0.999401510 0.034305278 -0.004447183 18.636228561
-0.005948907 0.055127062 -0.998461545 -84.831146240 -0.032971080 0.997925580 0.055293914 3.148029089 0.999438584 0.033249296 -0.004118968 18.625514984
-0.005276897 0.057469182 -0.998333335 -86.005844116 -0.033435281 0.997778833 0.057613995 3.194062233 0.999426901 0.033683576 -0.003343679 18.615978241
-0.005081848 0.057536788 -0.998330414 -87.174003601 -0.034730159 0.997730851 0.057679027 3.237752676 0.999383748 0.034965284 -0.003072054 18.599681854
-0.004820046 0.055567954 -0.998443186 -88.344047546 -0.034387451 0.997855067 0.055701245 3.282462358 0.999396920 0.034602411 -0.002898866 18.589820862
-0.004794645 0.054052938 -0.998526514 -89.514404297 -0.032834623 0.997991085 0.054181620 3.329698086 0.999449253 0.033046033 -0.003010205 18.585266113
-0.004894629 0.055328567 -0.998456180 -90.679580688 -0.030583989 0.997992814 0.055452816 3.371420145 0.999520242 0.030808203 -0.003192636 18.580202103
-0.004044971 0.058112770 -0.998301804 -91.849113464 -0.029105207 0.997880220 0.058206160 3.422603369 0.999568164 0.029291220 -0.002345013 18.561342239
-0.004535955 0.060318910 -0.998168766 -93.019462585 -0.027705560 0.997788370 0.060421821 3.471759081 0.999605894 0.027928896 -0.002854754 18.559391022
-0.003895584 0.062000796 -0.998068392 -94.187866211 -0.028646978 0.997659564 0.062087204 3.527050734 0.999581993 0.028833512 -0.002110331 18.546854019
-0.003192934 0.064298816 -0.997925580 -95.334648132 -0.031412870 0.997431755 0.064367495 3.573392868 0.999501407 0.031553227 -0.001164924 18.534156799
-0.003067401 0.063601449 -0.997970641 -96.496482849 -0.033231054 0.997417569 0.063668363 3.625773668 0.999442995 0.033358909 -0.000945937 18.523635864
-0.003311472 0.059286196 -0.998235524 -97.647048950 -0.035442315 0.997606874 0.059366442 3.677807331 0.999366343 0.035576362 -0.001202306 18.509643555
-0.002217678 0.057799369 -0.998325765 -98.820014954 -0.037072293 0.997637153 0.057841852 3.728663683 0.999310136 0.037138488 -0.000069683 18.495161057
-0.002091440 0.056103293 -0.998422742 -99.987548828 -0.037100103 0.997733295 0.056142263 3.778908730 0.999309361 0.037159007 -0.000005261 18.486495972
-0.001683954 0.056769256 -0.998385906 -101.151657104 -0.035783418 0.997744560 0.056793142 3.824671984 0.999358237 0.035821296 0.000351242 18.482172012
-0.002216975 0.058646556 -0.998276293 -102.316696167 -0.035810351 0.997633874 0.058688335 3.872436047 0.999356151 0.035878744 -0.000111576 18.483245850
-0.002507440 0.060557649 -0.998161614 -103.488426208 -0.034234256 0.997574389 0.060608033 3.924440384 0.999410689 0.034323286 -0.000428212 18.483703613
-0.002823752 0.059727661 -0.998210728 -104.648017883 -0.038796533 0.997456729 0.059792273 3.973992586 0.999243081 0.038895953 -0.000499345 18.466146469
-0.002952666 0.060832839 -0.998143673 -105.816192627 -0.042325180 0.997245789 0.060903329 4.030330181 0.999099553 0.042426433 -0.000369773 18.453550339
-0.003100016 0.060162257 -0.998183787 -106.996589661 -0.045866154 0.997129500 0.060241152 4.083967209 0.998942733 0.045969605 -0.000331706 18.431377411
-0.003527411 0.056126304 -0.998417437 -108.172676086 -0.046592679 0.997330070 0.056229793 4.138782978 0.998907804 0.046717290 -0.000902918 18.427143097
-0.004006530 0.052536260 -0.998610973 -109.356727600 -0.046427213 0.997532487 0.052665778 4.181137085 0.998913646 0.046573736 -0.001557531 18.414138794
-0.005049639 0.051537588 -0.998658299 -110.554374695 -0.043004826 0.997735798 0.051707439 4.230305672 0.999062061 0.043208227 -0.002821841 18.406757355
-0.005588065 0.051059794 -0.998679936 -111.728942871 -0.038799800 0.997932553 0.051238663 4.270786285 0.999231339 0.039034914 -0.003595401 18.409263611
-0.005898076 0.052714940 -0.998592138 -112.948226929 -0.037853647 0.997882068 0.052901033 4.324893951 0.999265850 0.038112372 -0.003890131 18.395998001
-0.006693587 0.057017475 -0.998350680 -114.183570862 -0.037225273 0.997666836 0.057228006 4.361231327 0.999284506 0.037546933 -0.004555478 18.385900497
-0.007156546 0.056857660 -0.998356581 -115.388893127 -0.035484176 0.997739017 0.057076842 4.426282883 0.999344587 0.035834327 -0.005122818 18.375129700
-0.008351045 0.052202646 -0.998601556 -116.607254028 -0.035451792 0.997993112 0.052467309 4.481154442 0.999336421 0.035840370 -0.006483608 18.365377426
-0.008798843 0.048626605 -0.998778224 -117.843193054 -0.035780691 0.998162031 0.048911810 4.527504921 0.999320865 0.036167361 -0.007042778 18.343040466
-0.009338894 0.047539875 -0.998825610 -119.089859009 -0.034848534 0.998246968 0.047838170 4.571124077 0.999348938 0.035254367 -0.007665828 18.334503174
-0.009961200 0.048469119 -0.998775065 -120.332786560 -0.036872320 0.998127580 0.048805442 4.621767521 0.999270320 0.037313312 -0.008155379 18.312299728
-0.010418935 0.053416722 -0.998517990 -121.599037170 -0.041702259 0.997680187 0.053807035 4.667629719 0.999075770 0.042201068 -0.008167167 18.290479660
-0.010600434 0.056791417 -0.998329759 -122.856033325 -0.047041137 0.997252107 0.057229608 4.715861797 0.998836696 0.047569223 -0.007899772 18.255016327
-0.010760657 0.056476552 -0.998345971 -124.119895935 -0.054272059 0.996899128 0.056979675 4.773432732 0.998468220 0.054795425 -0.007662193 18.225477219
-0.010036847 0.054427948 -0.998467207 -125.376159668 -0.057737097 0.996820152 0.054918550 4.827181816 0.998281360 0.058199812 -0.006862422 18.189247131
-0.010912153 0.052998535 -0.998534977 -126.641670227 -0.060139496 0.996751964 0.053561114 4.882013321 0.998130322 0.060635857 -0.007689402 18.172443390
-0.011784100 0.051880963 -0.998583734 -127.902946472 -0.059912704 0.996822238 0.052496467 4.929829121 0.998134017 0.060446475 -0.008638322 18.154972076
-0.011868620 0.051738106 -0.998590171 -129.189300537 -0.058100585 0.996937573 0.052343022 4.973131180 0.998240173 0.058639910 -0.008826258 18.132310867
-0.012586038 0.052568000 -0.998538017 -130.442047119 -0.058291778 0.996880233 0.053215466 5.016848564 0.998220205 0.058876336 -0.009482491 18.116306305
-0.013064920 0.057386246 -0.998266518 -131.708786011 -0.058097176 0.996621609 0.058052026 5.070254326 0.998225451 0.058754914 -0.009686803 18.093532562
-0.013445463 0.061447848 -0.998019695 -132.984664917 -0.057363920 0.996418655 0.062122077 5.125369549 0.998262823 0.058085583 -0.009872422 18.069051743
-0.013192219 0.060390741 -0.998087704 -134.245559692 -0.057372212 0.996484399 0.061052050 5.178078175 0.998265743 0.058067907 -0.009681089 18.038028717
-0.012540096 0.058770292 -0.998192787 -135.505950928 -0.057007827 0.996605515 0.059393011 5.230514050 0.998294890 0.057649598 -0.009147162 18.023620605
-0.011295930 0.058255356 -0.998237848 -136.753936768 -0.055967692 0.996699750 0.058798920 5.285202503 0.998368621 0.056533258 -0.007998236 18.001499176
-0.010415499 0.057345651 -0.998300135 -138.011672974 -0.056607835 0.996719301 0.057845462 5.337080479 0.998342097 0.057114087 -0.007135117 17.983795166
-0.009739603 0.059629917 -0.998173058 -139.254302979 -0.056550689 0.996589959 0.060087141 5.387495041 0.998352230 0.057032596 -0.006334278 17.972204208
-0.009027437 0.063320592 -0.997952402 -140.501235962 -0.057502449 0.996308804 0.063736469 5.442365170 0.998304546 0.057960086 -0.005353025 17.953781128
-0.007854507 0.064159706 -0.997908771 -141.755447388 -0.059251178 0.996156275 0.064513385 5.504556656 0.998212278 0.059633985 -0.004022779 17.934032440
-0.006502908 0.061516713 -0.998084843 -143.012145996 -0.061223619 0.996209025 0.061799999 5.558773518 0.998102903 0.061508242 -0.002711980 17.920692444
-0.006460203 0.058547247 -0.998263776 -144.255966187 -0.059740879 0.996478796 0.058829188 5.613932610 0.998193026 0.060017198 -0.002939792 17.908088684
-0.006298263 0.057065692 -0.998350561 -145.489532471 -0.056914963 0.996731639 0.057332207 5.659883499 0.998359144 0.057182178 -0.003029785 17.902982712
-0.006816735 0.056625068 -0.998372257 -146.721771240 -0.055147767 0.996854722 0.056915540 5.706382751 0.998454869 0.055445980 -0.003672548 17.894662857
-0.006767205 0.057262156 -0.998336196 -147.949005127 -0.052883584 0.996941507 0.057540633 5.748086929 0.998577654 0.053184986 -0.003718279 17.885835648
-0.006955525 0.055463765 -0.998436391 -149.200561523 -0.051176988 0.997132421 0.055747855 5.810929298 0.998665392 0.051484726 -0.004097111 17.877237320
-0.006680727 0.055236738 -0.998450816 -150.443222046 -0.050117113 0.997199953 0.055502873 5.865437508 0.998721123 0.050410274 -0.003893714 17.862707138
-0.007039631 0.057967301 -0.998293638 -151.671554565 -0.048264600 0.997135162 0.058240373 5.916403294 0.998809814 0.048592228 -0.004221696 17.855121613
-0.007066585 0.059223395 -0.998219728 -152.913619995 -0.045864448 0.997175038 0.059486080 5.972582817 0.998922646 0.046203166 -0.004330373 17.842203140
-0.006984313 0.057924945 -0.998296499 -154.140701294 -0.043892764 0.997340918 0.058176581 6.023399353 0.999011815 0.044224314 -0.004423255 17.826782227
-0.008000409 0.058151335 -0.998275816 -155.370681763 -0.044461437 0.997299612 0.058450818 6.076634407 0.998979032 0.044852387 -0.005393315 17.818607330
-0.008075264 0.062710799 -0.997999072 -156.601440430 -0.045504145 0.996974587 0.063014641 6.134552002 0.998931587 0.045921944 -0.005197232 17.805084229
-0.007499800 0.069541872 -0.997550905 -157.823822021 -0.050374489 0.996286035 0.069832422 6.186800480 0.998702228 0.050774843 -0.003968810 17.791774750
-0.006159481 0.069656156 -0.997551978 -159.070449829 -0.054872844 0.996044338 0.069889694 6.246657372 0.998474360 0.055169001 -0.002312884 17.767328262
-0.004905582 0.065504976 -0.997840166 -160.300323486 -0.058723737 0.996111274 0.065680183 6.313633919 0.998262227 0.058919109 -0.001039807 17.747112274
-0.002988554 0.060747012 -0.998148680 -161.519348145 -0.060565382 0.996309817 0.060816437 6.360104561 0.998159766 0.060635012 0.000701640 17.731153488
-0.002613822 0.059325945 -0.998235285 -162.738815308 -0.063084275 0.996240616 0.059372585 6.414033413 0.998004854 0.063128121 0.001138538 17.722856522
-0.001073995 0.056079466 -0.998425722 -163.945709229 -0.058334194 0.996722579 0.056046553 6.459803581 0.998296559 0.058302544 0.002200875 17.727725983
-0.000732227 0.051490720 -0.998673141 -165.159332275 -0.055382702 0.997138619 0.051452201 6.511797428 0.998465002 0.055346891 0.002121564 17.719055176
-0.001133013 0.047901299 -0.998851418 -166.391418457 -0.049020335 0.997648537 0.047899220 6.556285858 0.998797059 0.049018309 0.001217789 17.723585129
-0.002411752 0.050791778 -0.998706400 -167.621398926 -0.046888083 0.997605085 0.050848998 6.603564739 0.998897135 0.046950068 -0.000024447 17.722528458
-0.001511236 0.057209991 -0.998361051 -168.851089478 -0.047755472 0.997219026 0.057216834 6.650986671 0.998857915 0.047763675 0.001225057 17.711439133
-0.000042293 0.060754940 -0.998152733 -170.066589355 -0.048910279 0.996957958 0.060684301 6.694201469 0.998803198 0.048822500 0.002929377 17.712396622
0.001426182 0.057111271 -0.998366833 -171.280761719 -0.049720202 0.997137010 0.056969900 6.749865532 0.998762190 0.049557753 0.004261683 17.708852768
0.002312023 0.057739023 -0.998329043 -172.500885010 -0.052271128 0.996973813 0.057539597 6.800387383 0.998630285 0.052050740 0.005323110 17.704477310
0.003417058 0.058668178 -0.998271704 -173.706085205 -0.050370175 0.997020423 0.058422223 6.847265720 0.998724759 0.050083485 0.006362003 17.704465866
0.003758370 0.056089658 -0.998418748 -174.908218384 -0.050509322 0.997161984 0.055828925 6.904136658 0.998716533 0.050219625 0.006580755 17.709732056
0.006043376 0.054870278 -0.998475313 -176.115310669 -0.050892159 0.997216344 0.054493077 6.947784901 0.998685837 0.050485231 0.008819020 17.702175140
0.007163952 0.056643523 -0.998368740 -177.277526855 -0.051851064 0.997072279 0.056197904 6.991818428 0.998629212 0.051363882 0.010080006 17.716667175
0.008861514 0.058627684 -0.998240530 -178.394683838 -0.052029435 0.996954620 0.058090273 7.025757790 0.998606205 0.051423125 0.011884891 17.709167480
0.009164657 0.060096614 -0.998150468 -179.484817505 -0.053025376 0.996817231 0.059529480 7.061771870 0.998551071 0.052381739 0.012322133 17.714181900
0.009691147 0.061541818 -0.998057425 -180.575531006 -0.053266071 0.996718943 0.060942076 7.095625877 0.998533309 0.052571997 0.012937441 17.714767456
0.009217150 0.062401049 -0.998008609 -181.627197266 -0.052572839 0.996700883 0.061833750 7.137178898 0.998574555 0.051898211 0.012467341 17.726566315
0.010117706 0.061586771 -0.998050451 -182.653762817 -0.053153418 0.996723533 0.060966045 7.175220966 0.998535037 0.052432943 0.013358105 17.726678848
0.011425137 0.061818995 -0.998021960 -183.629058838 -0.053903479 0.996673942 0.061118409 7.207848549 0.998480797 0.053098567 0.014719393 17.735595703
0.012652275 0.062379707 -0.997972310 -184.596191406 -0.054571513 0.996607780 0.061602566 7.244525433 0.998429656 0.053681452 0.016013512 17.749040604
0.012352392 0.060872290 -0.998069227 -185.531646729 -0.053259064 0.996768534 0.060133815 7.276104450 0.998504281 0.052413438 0.015554477 17.753463745
0.008888841 0.057844199 -0.998286068 -186.466583252 -0.050729681 0.997066081 0.057321806 7.308162212 0.998672843 0.050133206 0.011797181 17.763385773
0.003755523 0.054268222 -0.998519421 -187.391326904 -0.050584085 0.997258365 0.054009438 7.340509415 0.998712718 0.050306354 0.006490336 17.765607834
-0.001086865 0.051388245 -0.998678148 -188.320281982 -0.052249227 0.997311711 0.051374789 7.372016907 0.998633504 0.052235998 0.001601053 17.757173538
-0.004879330 0.050546236 -0.998709798 -189.249176025 -0.054458655 0.997226179 0.050737213 7.409364700 0.998504102 0.054635957 -0.002113116 17.744873047
-0.007625952 0.051254917 -0.998656452 -190.169662476 -0.056002930 0.997096181 0.051602490 7.438987255 0.998401523 0.056321207 -0.004733383 17.727144241
-0.009844471 0.053163923 -0.998537302 -191.093109131 -0.054681983 0.997062862 0.053624518 7.466684818 0.998455286 0.055129897 -0.006908448 17.720378876
-0.011277447 0.054515857 -0.998449266 -192.016616821 -0.051882818 0.997135818 0.055030163 7.504212379 0.998589516 0.052422963 -0.008416709 17.708049774
-0.012591837 0.054818321 -0.998416960 -192.926010132 -0.050154123 0.997204781 0.055384293 7.537053108 0.998662055 0.050772116 -0.009807274 17.692874908
-0.013087416 0.053512730 -0.998481393 -193.835052490 -0.050739270 0.997244954 0.054111522 7.571887970 0.998626113 0.051370390 -0.010336163 17.665954590
-0.014385440 0.052692328 -0.998507202 -194.746200562 -0.052560333 0.997190058 0.053380061 7.601392269 0.998514116 0.053249765 -0.011575494 17.661504745
-0.014479583 0.051414028 -0.998572528 -195.648300171 -0.056120060 0.997061193 0.052149970 7.643599510 0.998319030 0.056795057 -0.011551672 17.639549255
-0.014268793 0.050025649 -0.998645961 -196.569610596 -0.059059106 0.996961832 0.050785121 7.669624329 0.998152494 0.059703782 -0.011270973 17.625394821
-0.013125428 0.047495749 -0.998785198 -197.487625122 -0.058928002 0.997098446 0.048189923 7.700329781 0.998175979 0.059488934 -0.010288512 17.605100632
-0.011832312 0.045804363 -0.998880327 -198.405197144 -0.058323290 0.997217953 0.046419006 7.719499588 0.998227596 0.058807224 -0.009127933 17.582357407
-0.011357522 0.045019709 -0.998921514 -199.325775146 -0.058338065 0.997254550 0.045607876 7.755105972 0.998232186 0.058793139 -0.008699976 17.568733215
-0.010530048 0.047934942 -0.998794973 -200.262756348 -0.056028843 0.997252762 0.048451632 7.782913208 0.998373568 0.056471515 -0.007815380 17.550603867
-0.010538048 0.049383614 -0.998724282 -201.198715210 -0.054943200 0.997242332 0.049890067 7.811453342 0.998433769 0.055398852 -0.007795693 17.533399582
-0.009460507 0.045423333 -0.998923004 -202.129287720 -0.050682347 0.997662008 0.045845997 7.846639156 0.998670042 0.051061496 -0.007136227 17.531589508
-0.009393159 0.041764718 -0.999083221 -203.071472168 -0.049237367 0.997896194 0.042178009 7.882709503 0.998742938 0.049588419 -0.007317012 17.524381638
-0.009123695 0.042421333 -0.999058127 -204.033248901 -0.053628206 0.997641146 0.042850912 7.913325310 0.998519301 0.053968657 -0.006827194 17.508234024
-0.007462746 0.046598770 -0.998885751 -204.994293213 -0.055057671 0.997379184 0.046939831 7.942923546 0.998455286 0.055346631 -0.004877568 17.491781235
-0.005555193 0.046450224 -0.998905182 -205.936859131 -0.053116839 0.997496665 0.046680126 7.969171047 0.998572767 0.053318013 -0.003073998 17.488048553
-0.003219674 0.047376160 -0.998871922 -206.898361206 -0.051927418 0.997521520 0.047479488 8.011417389 0.998645604 0.052021701 -0.000751572 17.481964111
-0.002266101 0.051751524 -0.998657405 -207.869201660 -0.052996840 0.997250319 0.051798861 8.050043106 0.998592019 0.053043071 0.000482797 17.482353210
-0.000062976 0.055831589 -0.998440206 -208.888305664 -0.050379407 0.997172177 0.055763859 8.091693878 0.998730123 0.050304342 0.002749965 17.480865479
0.001368022 0.056141846 -0.998421907 -209.878021240 -0.049996797 0.997178018 0.056003399 8.136512756 0.998748362 0.049841281 0.004171073 17.477077484
0.003000263 0.056848884 -0.998378277 -210.891250610 -0.053039685 0.996986449 0.056610238 8.181701660 0.998587847 0.052783813 0.006006467 17.481033325
0.006379595 0.058750175 -0.998252273 -211.933975220 -0.055675540 0.996745050 0.058305655 8.230554581 0.998428524 0.055206273 0.009629777 17.470907211
0.009451842 0.059024375 -0.998211801 -212.960128784 -0.056752004 0.996679068 0.058396377 8.277527809 0.998343587 0.056098569 0.012770204 17.485059738
0.012380486 0.056055583 -0.998350859 -213.986679077 -0.059824862 0.996680379 0.055219907 8.325443268 0.998132110 0.059042558 0.015692905 17.487485886
