1 3.76158e-36 -4.3368e-18 5.55112e-17 -3.76158e-36 -1 -1.73472e-18 3.33067e-16 -4.3368e-18 1.73472e-18 -1 -4.44089e-16
0.999997 0.00115487 -0.00206695 -0.0469029 0.00115596 -1 0.000527265 -0.0283993 -0.00206633 -0.000529653 -0.999999 0.858694
0.999989 0.0023081 -0.00413135 -0.0937435 0.00231245 -0.999997 0.00104897 -0.0567606 -0.00412891 -0.00105851 -0.999991 1.71627
0.999975 0.00346272 -0.00619858 -0.140643 0.00347249 -0.999994 0.00156647 -0.0851576 -0.00619311 -0.00158796 -0.999981 2.57496
0.999955 0.00461583 -0.0082635 -0.187486 0.00463315 -0.999988 0.00207848 -0.11352 -0.0082538 -0.00211668 -0.999965 3.43265
0.99993 0.00577016 -0.0103309 -0.234382 0.00579717 -0.999978 0.00258617 -0.141915 -0.0103158 -0.00264588 -0.999942 4.29134
0.999899 0.00692298 -0.012396 -0.28122 0.00696176 -0.999969 0.00308835 -0.170274 -0.0123742 -0.00317434 -0.999917 5.14899
0.999863 0.00807719 -0.0144639 -0.328118 0.00812986 -0.999961 0.0035863 -0.19867 -0.0144343 -0.0037034 -0.999889 6.00778
0.999821 0.0092298 -0.0165291 -0.374955 0.00929841 -0.999949 0.0040787 -0.227029 -0.0164906 -0.00423167 -0.999855 6.86548
0.999773 0.0103834 -0.0185965 -0.421837 0.01047 -0.999933 0.00456665 -0.255415 -0.0185479 -0.00476032 -0.999815 7.72404
0.99972 0.0115373 -0.0206646 -0.468733 0.011644 -0.999918 0.00504984 -0.28381 -0.0206047 -0.00528905 -0.999772 8.58289
0.999661 0.0126891 -0.0227292 -0.515547 0.0128178 -0.999904 0.00552733 -0.312155 -0.0226568 -0.0058168 -0.999727 9.44028
0.999597 0.0138425 -0.024797 -0.562431 0.0139953 -0.999886 0.00600056 -0.340542 -0.024711 -0.00634518 -0.999676 10.299
0.999527 0.0149956 -0.0268644 -0.609309 0.0151745 -0.999864 0.00646878 -0.368925 -0.0267638 -0.00687337 -0.999619 11.1576
0.999449 0.0162319 -0.028942 -0.656205 0.0164426 -0.999838 0.00705843 -0.397396 -0.0288228 -0.00753043 -0.999555 12.0154
0.999395 0.0161031 -0.0308145 -0.701879 0.016283 -0.99985 0.00559529 -0.423912 -0.0307198 -0.00609366 -0.999508 12.8696
0.999283 0.018452 -0.0330616 -0.749824 0.0187209 -0.999796 0.0078428 -0.454004 -0.0329101 -0.00845611 -0.999424 13.7315
0.999175 0.0210542 -0.034734 -0.799251 0.0213686 -0.999735 0.0087044 -0.484077 -0.0345415 -0.00943944 -0.99936 14.6003
0.99906 0.0229748 -0.0367484 -0.854664 0.0234429 -0.999647 0.0123568 -0.515507 -0.0364516 -0.0132067 -0.999247 15.4796
0.999018 0.0226237 -0.0380978 -0.907287 0.0231535 -0.999641 0.0135228 -0.546471 -0.0377782 -0.0143916 -0.999183 16.3694
0.998993 0.0209205 -0.03968 -0.960916 0.0214627 -0.999681 0.0132878 -0.578359 -0.0393894 -0.014126 -0.999123 17.269
0.998963 0.019439 -0.0411804 -1.01159 0.0200106 -0.99971 0.0135144 -0.60924 -0.0409056 -0.0143244 -0.999062 18.1732
0.998923 0.0189558 -0.0423566 -1.06626 0.0195243 -0.999724 0.0130482 -0.638736 -0.0420976 -0.0138612 -0.999017 19.0841
0.998834 0.0195787 -0.0441196 -1.11865 0.0201815 -0.999709 0.01326 -0.668622 -0.0438471 -0.0141349 -0.998939 19.9972
0.998762 0.0207797 -0.0451886 -1.17184 0.0213209 -0.999704 0.0115285 -0.699078 -0.0449358 -0.0124777 -0.99891 20.9137
0.998759 0.0191876 -0.04595 -1.22428 0.0197258 -0.99974 0.0112889 -0.728742 -0.0457215 -0.0121813 -0.998878 21.8404
0.998827 0.0152561 -0.0459491 -1.28081 0.0158686 -0.999792 0.0129943 -0.760472 -0.0457412 -0.0137082 -0.998861 22.7743
0.998916 0.0115685 -0.0450949 -1.33484 0.0122016 -0.999831 0.0137903 -0.792967 -0.0449277 -0.0143256 -0.998888 23.7095
0.999007 0.00900777 -0.0436358 -1.38575 0.00957692 -0.999873 0.0128518 -0.820924 -0.0435144 -0.0132569 -0.998966 24.6518
0.999079 0.00783129 -0.0421832 -1.43663 0.00837182 -0.999886 0.0126526 -0.845621 -0.0420793 -0.0129941 -0.999031 25.5969
0.999104 0.0104044 -0.0410332 -1.48704 0.0109419 -0.999858 0.012896 -0.870213 -0.0408932 -0.0133334 -0.999076 26.5447
0.99907 0.0156874 -0.0401546 -1.53803 0.0162575 -0.999772 0.0139101 -0.897112 -0.0399272 -0.01455 -0.999098 27.4963
0.999056 0.0192147 -0.0389651 -1.58655 0.0197425 -0.999717 0.0132064 -0.925415 -0.0387003 -0.0139632 -0.999153 28.4547
0.999107 0.0180079 -0.0382358 -1.63336 0.0184329 -0.999772 0.010791 -0.955563 -0.0380328 -0.0114861 -0.999211 29.4229
0.999177 0.0131139 -0.0383922 -1.68097 0.0134721 -0.999869 0.00908632 -0.983838 -0.038268 -0.00959606 -0.999222 30.3984
0.999187 0.00905494 -0.0392977 -1.72889 0.00929137 -0.99994 0.00583812 -1.01177 -0.0392424 -0.0061985 -0.999211 31.3776
0.99914 0.00942729 -0.0403745 -1.76898 0.00936061 -0.999953 -0.00184028 -1.03636 -0.04039 0.00146077 -0.999182 32.3571
0.999029 0.0133577 -0.0419846 -1.81583 0.0131637 -0.9999 -0.00489479 -1.05979 -0.0420458 0.00433736 -0.999104 33.3363
0.998895 0.0177463 -0.0435225 -1.87066 0.0175854 -0.999837 -0.00407671 -1.08802 -0.0435877 0.00330684 -0.999044 34.3202
0.998787 0.0190194 -0.045418 -1.92978 0.0188798 -0.999814 -0.00350108 -1.12988 -0.0454762 0.00263935 -0.99896 35.331
0.998776 0.0168816 -0.046487 -1.99375 0.0167339 -0.999853 -0.00356483 -1.19455 -0.0465404 0.00278256 -0.998912 36.3875
0.998776 0.0137517 -0.0475093 -2.06111 0.0137559 -0.999905 -0.000238626 -1.24988 -0.047508 -0.000415198 -0.998871 37.4285
0.998727 0.012763 -0.0488014 -2.12695 0.0127783 -0.999917 2.15925e-06 -1.30505 -0.0487974 -0.000625755 -0.998807 38.4715
0.998705 0.0104568 -0.0497931 -2.19097 0.0105137 -0.999944 0.000880921 -1.34914 -0.0497811 -0.00140329 -0.998759 39.5037
0.998735 0.00663257 -0.0498452 -2.25611 0.00666525 -0.999976 0.000489419 -1.39305 -0.0498408 -0.000821031 -0.998755 40.5386
0.998722 0.00491213 -0.0503016 -2.32994 0.00524393 -0.999965 0.0064665 -1.42681 -0.0502681 -0.00672201 -0.998713 41.5611
0.998728 0.00460696 -0.050215 -2.39973 0.00496221 -0.999962 0.00695216 -1.46073 -0.0501811 -0.00719249 -0.998713 42.583
0.99871 0.00638727 -0.0503715 -2.46521 0.00673196 -0.999954 0.00667627 -1.4895 -0.0503266 -0.00700676 -0.998707 43.593
0.998699 0.00920271 -0.0501507 -2.53589 0.00966499 -0.999913 0.00898316 -1.52285 -0.0500637 -0.00945618 -0.998702 44.5979
0.998649 0.00930749 -0.0511244 -2.60002 0.00977022 -0.999913 0.00880846 -1.55989 -0.051038 -0.00929606 -0.998653 45.5988
0.998595 0.00775577 -0.0524278 -2.66188 0.0081266 -0.999945 0.00686376 -1.59376 -0.0523716 -0.00728017 -0.998602 46.598
0.998556 0.00673899 -0.0532936 -2.72891 0.00712529 -0.999951 0.00706197 -1.62982 -0.0532433 -0.0074315 -0.998555 47.5928
0.998524 0.00890952 -0.0535761 -2.80079 0.00944932 -0.999908 0.00983045 -1.66453 -0.0534835 -0.0103222 -0.998516 48.5786
0.998418 0.0143365 -0.0543664 -2.87134 0.0149144 -0.999838 0.0102379 -1.69762 -0.0542108 -0.0110326 -0.99847 49.556
0.998381 0.0151283 -0.0548388 -2.93794 0.015735 -0.999818 0.0106489 -1.72901 -0.0546678 -0.0114946 -0.998437 50.5377
0.99841 0.0118676 -0.0551123 -3.00246 0.0124518 -0.999871 0.010269 -1.76674 -0.0549832 -0.0109389 -0.998428 51.5185
0.998426 0.00876799 -0.0554007 -3.06584 0.00920102 -0.999928 0.00756617 -1.79899 -0.0553304 -0.008064 -0.998434 52.495
0.998417 0.00790611 -0.0556805 -3.13018 0.00827227 -0.999945 0.00634876 -1.83005 -0.0556272 -0.00679931 -0.998428 53.465
0.998399 0.00878745 -0.0558715 -3.19152 0.00898485 -0.999955 0.00328295 -1.8584 -0.0558401 -0.0037797 -0.998433 54.428
0.998351 0.010566 -0.0564263 -3.24881 0.0105746 -0.999943 -0.000146036 -1.88649 -0.0564247 -0.00045089 -0.998405 55.3918
0.998291 0.00964843 -0.0576321 -3.31092 0.00957263 -0.999951 -0.00159121 -1.91384 -0.0576448 0.0010368 -0.998335 56.3504
0.998259 0.00535483 -0.0587341 -3.37151 0.00510617 -0.999979 -0.00438287 -1.93823 -0.0587562 0.00407534 -0.998266 57.3125
0.998245 -0.000197467 -0.0592268 -3.43899 -0.000551704 -0.99998 -0.00596473 -1.95676 -0.0592245 0.00598693 -0.998225 58.274
0.998209 -0.00220884 -0.0597745 -3.51131 -0.00247672 -0.999986 -0.00440776 -1.97596 -0.059764 0.00454791 -0.998201 59.2254
0.99812 7.23111e-05 -0.0612851 -3.57919 -0.000106812 -0.999995 -0.00291949 -1.99811 -0.0612851 0.00292055 -0.998116 60.1663
0.997989 0.0085525 -0.0628068 -3.64178 0.00845852 -0.999962 -0.00176204 -2.02154 -0.0628195 0.00122725 -0.998024 61.0913
0.997854 0.0142209 -0.0639183 -3.70338 0.0141886 -0.9999 -0.000959211 -2.04916 -0.0639255 5.02406e-05 -0.997956 62.0063
0.997782 0.0134549 -0.0651861 -3.77604 0.0137581 -0.999895 0.00420498 -2.07811 -0.0651228 -0.00509249 -0.997863 62.9168
0.997763 0.0105464 -0.0660152 -3.84394 0.0110648 -0.99991 0.00749261 -2.11209 -0.0659303 -0.0082063 -0.99779 63.8152
0.99769 0.00878919 -0.0673552 -3.9126 0.00950097 -0.999904 0.0102545 -2.14535 -0.0672585 -0.0108708 -0.997678 64.6979
0.997598 0.00966544 -0.0685961 -3.97823 0.010399 -0.999892 0.010345 -2.17384 -0.0684887 -0.0110335 -0.997591 65.5667
0.997493 0.00877223 -0.0702166 -4.04663 0.00962639 -0.999882 0.0118354 -2.20141 -0.0701046 -0.0124817 -0.99746 66.4216
0.997394 0.00811283 -0.0716938 -4.11444 0.00908066 -0.999874 0.0131838 -2.23082 -0.0715777 -0.0138005 -0.997341 67.2645
0.997285 0.00709092 -0.0732983 -4.17999 0.00806249 -0.999883 0.0129678 -2.25837 -0.0731978 -0.0135235 -0.997226 68.0933
0.997183 0.00635773 -0.0747375 -4.24486 0.00731683 -0.999894 0.0125661 -2.28331 -0.0746497 -0.0130775 -0.997124 68.9099
0.997092 0.00412793 -0.0760939 -4.31302 0.00527652 -0.999876 0.0148996 -2.30785 -0.0760228 -0.0152577 -0.99699 69.7142
0.997018 -0.000545445 -0.0771661 -4.38194 0.000751087 -0.999859 0.0167718 -2.32948 -0.0771644 -0.0167798 -0.996877 70.508
0.996873 -0.00229877 -0.0789934 -4.44551 -0.00077709 -0.999816 0.0192887 -2.35539 -0.079023 -0.019167 -0.996691 71.2844
0.996746 0.0009092 -0.0806057 -4.51487 0.0027172 -0.999748 0.0223234 -2.38209 -0.080565 -0.0224698 -0.996497 72.0374
0.996597 0.00843843 -0.0819996 -4.58021 0.0103439 -0.999686 0.0228402 -2.40973 -0.0817811 -0.0236107 -0.996371 72.7679
0.996391 0.014147 -0.0836945 -4.64434 0.0160117 -0.999638 0.0216499 -2.43298 -0.0833578 -0.0229119 -0.996257 73.4807
0.996321 0.0163011 -0.0841333 -4.70949 0.0182432 -0.999583 0.0223669 -2.45952 -0.0837336 -0.0238195 -0.996203 74.1754
0.996313 0.0128721 -0.0848213 -4.77573 0.0150263 -0.999579 0.0248083 -2.49028 -0.0844663 -0.0259914 -0.996087 74.8515
0.99625 0.00938509 -0.0860134 -4.83751 0.0116674 -0.999591 0.0260696 -2.52595 -0.0857337 -0.0269754 -0.995952 75.5074
0.996092 0.0125243 -0.0874266 -4.89189 0.0145796 -0.999632 0.0229107 -2.55665 -0.0871075 -0.0240958 -0.995909 76.1383
0.996004 0.0174314 -0.0875963 -4.93768 0.0188186 -0.99971 0.0150355 -2.58547 -0.0873088 -0.0166238 -0.996042 76.7501
0.995948 0.0231796 -0.0868869 -4.98584 0.0241767 -0.999654 0.0104411 -2.61674 -0.0866147 -0.0124994 -0.996164 77.3441
0.996188 0.0237324 -0.0839398 -5.03904 0.0248346 -0.999618 0.0121115 -2.64605 -0.0836203 -0.01415 -0.996397 77.9253
0.996584 0.0205772 -0.0799774 -5.09273 0.0220604 -0.999598 0.0177065 -2.6757 -0.079581 -0.0194103 -0.996637 78.4946
0.996997 0.0175269 -0.0754313 -5.1338 0.0188337 -0.999685 0.0166485 -2.70184 -0.0751156 -0.0180192 -0.997013 79.0495
0.997444 0.0136333 -0.0701352 -5.15977 0.0145216 -0.99982 0.0121703 -2.72921 -0.0699567 -0.0131577 -0.997462 79.5923
0.998012 0.00929485 -0.0623373 -5.18336 0.00980531 -0.999923 0.00788781 -2.7568 -0.062259 -0.00848336 -0.998026 80.123
0.998602 0.0100857 -0.0518928 -5.20827 0.010654 -0.999888 0.0106862 -2.78002 -0.0517791 -0.0112241 -0.998597 80.6346
0.999259 0.0105817 -0.0370141 -5.23521 0.0111893 -0.999805 0.0162476 -2.80173 -0.0368349 -0.0166497 -0.999182 81.1354
0.999764 0.0101847 -0.0191755 -5.24889 0.0105941 -0.999717 0.0213693 -2.82209 -0.0189525 -0.0215674 -0.99959 81.6229
0.999948 0.00995837 0.00239477 -5.23683 0.00990868 -0.999753 0.0199335 -2.83986 0.00259268 -0.0199088 -0.9998 82.097
0.999572 0.00921339 0.0277577 -5.20747 0.00876617 -0.99983 0.0161902 -2.85931 0.0279021 -0.01594 -0.999483 82.5559
0.998359 0.00786065 0.0567237 -5.16354 0.00703589 -0.999868 0.0147251 -2.878 0.0568319 -0.0143018 -0.998282 83.0085
0.995993 0.00655317 0.0891858 -5.10562 0.00530718 -0.999883 0.0142007 -2.89575 0.0892686 -0.0136704 -0.995912 83.4545
0.99208 0.00598933 0.125466 -5.02956 0.00427931 -0.999894 0.0138945 -2.91192 0.125536 -0.0132475 -0.992 83.8853
0.986068 0.00632611 0.166225 -4.93465 0.00407208 -0.999895 0.0138974 -2.92617 0.166296 -0.0130269 -0.985989 84.3134
0.977585 0.00656817 0.210438 -4.8173 0.00381899 -0.999903 0.0134678 -2.94236 0.210506 -0.0123623 -0.977516 84.7287
0.96616 0.0084406 0.257803 -4.68094 0.00463563 -0.999872 0.0153635 -2.96185 0.2579 -0.0136485 -0.966076 85.1182
0.950807 0.0113854 0.309574 -4.51919 0.00673849 -0.99985 0.0160759 -2.98055 0.30971 -0.013199 -0.950741 85.5017
0.931421 0.0135066 0.363692 -4.33634 0.00825407 -0.999839 0.0159927 -2.99523 0.363849 -0.011894 -0.931383 85.8537
0.907647 0.0154731 0.419448 -4.13009 0.00945319 -0.99982 0.0164266 -3.00685 0.419627 -0.0109445 -0.90763 86.2
0.879398 0.0177305 0.475757 -3.90387 0.0112176 -0.999801 0.0165258 -3.01835 0.475955 -0.00919587 -0.879422 86.5259
0.846899 0.0196884 0.531389 -3.65638 0.0140602 -0.999796 0.0146349 -3.03094 0.531568 -0.0049229 -0.847003 86.8121
0.811015 0.0204548 0.584667 -3.39307 0.0151216 -0.999787 0.0140021 -3.04814 0.584829 -0.00251486 -0.811151 87.0956
0.772156 0.0190147 0.635149 -3.1154 0.0146363 -0.999821 0.0121386 -3.06336 0.635265 -7.66635e-05 -0.772296 87.345
0.730587 0.016441 0.682622 -2.8178 0.0118578 -0.999866 0.0113909 -3.07458 0.682717 -0.000227677 -0.730684 87.594
0.68681 0.0153449 0.726675 -2.50813 0.0117339 -0.999881 0.0100239 -3.08446 0.726742 0.00164221 -0.686909 87.8201
0.641416 0.0160709 0.767025 -2.1826 0.0147604 -0.999855 0.00860592 -3.09315 0.767051 0.0058016 -0.641561 88.0081
0.595903 0.0163925 0.802889 -1.84764 0.0202047 -0.999779 0.00541658 -3.10354 0.802802 0.0129944 -0.596101 88.188
0.550436 0.0165457 0.834714 -1.51105 0.0196924 -0.999783 0.00683189 -3.11657 0.834645 0.012677 -0.550643 88.3435
0.504324 0.0165131 0.863356 -1.16558 0.0160449 -0.999822 0.00975073 -3.12743 0.863365 0.00893495 -0.504499 88.502
0.46011 0.0174455 0.887691 -0.811066 0.0157572 -0.999812 0.0114817 -3.13803 0.887723 0.00870466 -0.460299 88.6416
0.418599 0.017805 0.907997 -0.450023 0.0216402 -0.999721 0.00962721 -3.14626 0.907914 0.0156193 -0.418868 88.7479
0.380349 0.0145537 0.924729 -0.072682 0.0348885 -0.99939 0.00137886 -3.15046 0.924185 0.031738 -0.380624 88.84
0.345927 0.0113985 0.938192 0.302088 0.0392634 -0.999227 -0.00233712 -3.15659 0.93744 0.0376451 -0.346109 88.9305
0.313572 0.0129929 0.949476 0.676346 0.0383695 -0.999264 0.00100236 -3.16684 0.948789 0.0361165 -0.313841 89.0231
0.282968 0.0164854 0.958988 1.05089 0.028571 -0.999553 0.00875232 -3.18517 0.958704 0.0249226 -0.283312 89.125
0.254761 0.0188566 0.966821 1.43458 0.0236264 -0.999634 0.0132709 -3.206 0.966716 0.0194615 -0.255114 89.2106
0.229463 0.02047 0.973102 1.83291 0.0249532 -0.999574 0.0151428 -3.22211 0.972998 0.0208073 -0.229876 89.2772
0.206172 0.0219536 0.97827 2.24074 0.0314122 -0.999384 0.0158072 -3.23422 0.978012 0.0274706 -0.206737 89.3295
0.186023 0.0290358 0.982116 2.66275 0.0410977 -0.998918 0.0217482 -3.23219 0.981685 0.036317 -0.187015 89.3721
0.166307 0.0367514 0.985389 3.08976 0.0445139 -0.998566 0.0297301 -3.23311 0.985069 0.0389192 -0.167705 89.419
0.14878 0.0369491 0.988179 3.53677 0.0417379 -0.998644 0.0310564 -3.24701 0.987988 0.036624 -0.150119 89.4722
0.133629 0.0309808 0.990548 4.00213 0.0379436 -0.99894 0.0261245 -3.2697 0.990305 0.0340939 -0.134663 89.5206
0.119148 0.0267469 0.992517 4.47577 0.0373381 -0.999052 0.0224406 -3.29208 0.992175 0.0343849 -0.120034 89.5561
0.105797 0.0242146 0.994093 4.96246 0.0392569 -0.999026 0.0201568 -3.31166 0.993613 0.0368925 -0.106644 89.5834
0.0939298 0.0230686 0.995312 5.46005 0.0429056 -0.998897 0.0191026 -3.32758 0.994654 0.0409101 -0.0948166 89.6033
0.0835349 0.0235192 0.996227 5.97457 0.046158 -0.998739 0.0197081 -3.34469 0.995435 0.0443376 -0.0845149 89.621
0.0750584 0.0239271 0.996892 6.50462 0.0483014 -0.998626 0.020332 -3.36274 0.996008 0.0466252 -0.0761105 89.6383
0.0690125 0.0239832 0.997328 7.05038 0.0500111 -0.998539 0.0205516 -3.37977 0.996362 0.0484591 -0.0701127 89.6547
0.0631518 0.0249391 0.997691 7.61409 0.0514871 -0.998435 0.0216987 -3.39497 0.996674 0.049998 -0.0643348 89.6715
0.0568161 0.0256096 0.998056 8.19796 0.0518456 -0.998397 0.022667 -3.40931 0.997037 0.050457 -0.0580516 89.6879
0.0521178 0.0254657 0.998316 8.80091 0.0541978 -0.998273 0.0226352 -3.4262 0.997169 0.0529269 -0.0534076 89.7017
0.0486457 0.0251666 0.998498 9.42023 0.0558321 -0.998186 0.0224388 -3.44228 0.997253 0.0546567 -0.0499603 89.7079
0.0451775 0.0246445 0.998674 10.0598 0.0568402 -0.998138 0.0220601 -3.46029 0.99736 0.0557683 -0.0464928 89.7167
0.0419932 0.0239152 0.998831 10.7146 0.0582828 -0.998069 0.0214466 -3.47765 0.997416 0.0573141 -0.0433052 89.7195
0.0406723 0.0236728 0.998892 11.3884 0.0629051 -0.997797 0.0210855 -3.4952 0.997191 0.0619778 -0.0420722 89.7215
0.0408026 0.0234832 0.998891 12.0746 0.066877 -0.997546 0.0207198 -3.51162 0.996927 0.0659575 -0.0422729 89.7202
0.0425955 0.0235144 0.998816 12.7819 0.0687588 -0.997423 0.0205493 -3.52981 0.996724 0.067802 -0.0441043 89.7273
0.0457446 0.0240748 0.998663 13.505 0.071253 -0.997242 0.0207768 -3.54954 0.996409 0.0702073 -0.0473342 89.7387
0.0494659 0.0242276 0.998481 14.2439 0.0721013 -0.997183 0.0206242 -3.57004 0.996169 0.0709717 -0.0510724 89.7524
0.0533374 0.0226909 0.998318 15.0026 0.0735004 -0.997119 0.0187367 -3.59531 0.995868 0.0723775 -0.0548509 89.7763
0.0572898 0.0214615 0.998127 15.7737 0.0734143 -0.997153 0.0172268 -3.6214 0.995655 0.0722899 -0.0587024 89.8053
0.0614299 0.01942 0.997922 16.5606 0.0705905 -0.997391 0.0150643 -3.64585 0.995612 0.0695184 -0.0626394 89.8434
0.0654731 0.0185324 0.997682 17.3547 0.0695555 -0.997481 0.0139641 -3.66972 0.995427 0.06848 -0.0665974 89.8836
0.069428 0.0194625 0.997397 18.1565 0.067159 -0.997633 0.0147922 -3.69646 0.995324 0.0659572 -0.0705714 89.9295
0.0725748 0.0229072 0.997101 18.96 0.0653856 -0.997697 0.0181616 -3.727 0.995218 0.0638779 -0.0739075 89.9788
0.0735524 0.0288448 0.996875 19.7682 0.060263 -0.997886 0.0244276 -3.75863 0.99547 0.0582778 -0.0751372 90.0334
0.0730632 0.0316966 0.996824 20.5819 0.0578615 -0.997947 0.0274913 -3.78941 0.995648 0.0556691 -0.0747485 90.0828
0.0731547 0.031604 0.99682 21.3995 0.0554359 -0.998081 0.0275757 -3.8282 0.995779 0.0532423 -0.0747663 90.1324
0.073135 0.0287539 0.996908 22.2174 0.0524185 -0.998316 0.0249489 -3.86964 0.995945 0.0504317 -0.0745211 90.1827
0.072995 0.0282001 0.996934 23.0343 0.0532606 -0.998284 0.0243385 -3.90879 0.995909 0.0513207 -0.074372 90.2277
0.0732207 0.0269251 0.996952 23.8515 0.0508882 -0.998434 0.0232276 -3.94871 0.996017 0.0490323 -0.0744763 90.2737
0.0728901 0.0268247 0.996979 24.6666 0.0491859 -0.998519 0.0232701 -3.99188 0.996127 0.0473412 -0.0741019 90.3173
0.0729398 0.0274952 0.996957 25.4784 0.0467126 -0.998617 0.0241234 -4.03155 0.996242 0.0448109 -0.0741236 90.365
0.0715821 0.0284832 0.997028 26.2888 0.0437743 -0.998718 0.0253887 -4.07067 0.996473 0.0418268 -0.0727363 90.4115
0.0688466 0.0282556 0.997228 27.1001 0.0408459 -0.998842 0.0254814 -4.11004 0.996791 0.0389783 -0.0699223 90.4578
0.064968 0.0266151 0.997533 27.9099 0.0380396 -0.998985 0.0241763 -4.14928 0.997163 0.0363751 -0.0659159 90.4992
0.0601017 0.0237978 0.997908 28.7218 0.0356878 -0.999128 0.0216774 -4.18937 0.997554 0.0343103 -0.0608985 90.5374
0.0538838 0.0210913 0.998324 29.5334 0.0333327 -0.999257 0.0193119 -4.22771 0.99799 0.0322362 -0.0545461 90.568
0.046354 0.0208069 0.998709 30.3403 0.0326593 -0.999281 0.019303 -4.26442 0.998392 0.0317223 -0.0470013 90.5889
0.0374996 0.0215352 0.999065 31.142 0.0320009 -0.999281 0.0203387 -4.29896 0.998784 0.0312082 -0.0381619 90.6026
0.027377 0.0220122 0.999381 31.9432 0.0324012 -0.999249 0.0211218 -4.33253 0.999099 0.031803 -0.028067 90.6041
0.0171315 0.0208151 0.999636 32.7407 0.0333241 -0.999239 0.0202358 -4.3668 0.999297 0.0329653 -0.0178114 90.5983
0.00636432 0.018958 0.9998 33.5327 0.0321051 -0.999309 0.0187443 -4.40093 0.999465 0.0319793 -0.00696934 90.5865
-0.00481357 0.0179159 0.999828 34.3242 0.0332965 -0.999283 0.0180664 -4.43051 0.999434 0.0333778 0.00421313 90.5624
-0.0159629 0.0175582 0.999719 35.1104 0.0335127 -0.999277 0.0180855 -4.46015 0.999312 0.0337919 0.015361 90.5296
-0.0270977 0.0178202 0.999474 35.8891 0.0335133 -0.999263 0.018725 -4.49047 0.999071 0.034003 0.0264806 90.49
-0.0378989 0.0185997 0.999109 36.6636 0.0330234 -0.999258 0.0198551 -4.51981 0.998736 0.0337464 0.0372563 90.4425
-0.0482751 0.0192538 0.998648 37.4308 0.0336173 -0.999216 0.0208899 -4.54826 0.998268 0.0345803 0.0475905 90.3867
-0.0579064 0.019639 0.998129 38.1896 0.0342973 -0.999178 0.0216494 -4.57715 0.997733 0.0354868 0.0571845 90.3236
-0.0675752 0.0196989 0.99752 38.9405 0.0347732 -0.999152 0.0220867 -4.60707 0.997109 0.0361795 0.0668318 90.2516
-0.0771296 0.019431 0.996832 39.6836 0.0351937 -0.999135 0.0221989 -4.63515 0.9964 0.0367944 0.0763781 90.1763
-0.0857862 0.0187777 0.996137 40.4188 0.0365159 -0.999092 0.0219781 -4.66402 0.995644 0.0382603 0.0850224 90.0918
-0.0931627 0.01706 0.995505 41.1457 0.0381267 -0.99906 0.0206889 -4.69221 0.994921 0.0398827 0.0924235 90.0029
-0.0985059 0.0151229 0.995021 41.8632 0.0410362 -0.998972 0.0192455 -4.72176 0.99429 0.0427277 0.0977844 89.9103
-0.102408 0.0128806 0.994659 42.5748 0.0442422 -0.998868 0.0174902 -4.74658 0.993758 0.045797 0.101722 89.8161
-0.105236 0.0113354 0.994382 43.2746 0.0460924 -0.998804 0.0162638 -4.77001 0.993378 0.047545 0.104588 89.724
-0.107043 0.0104746 0.994199 43.9595 0.0466387 -0.998791 0.0155445 -4.79312 0.99316 0.0480321 0.106424 89.6344
-0.108041 0.0104999 0.99409 44.6312 0.0470446 -0.998769 0.0156623 -4.81526 0.993032 0.0484588 0.107415 89.5465
-0.107352 0.0116251 0.994153 45.285 0.0479655 -0.998706 0.0168578 -4.83706 0.993063 0.0494948 0.106656 89.4602
-0.104719 0.0128948 0.994418 45.9228 0.049018 -0.998633 0.0181114 -4.85868 0.993292 0.050641 0.103945 89.3786
-0.0998251 0.0139147 0.994909 46.5426 0.0490422 -0.99862 0.0188873 -4.8806 0.993797 0.0506779 0.0990032 89.3065
-0.0924246 0.0148399 0.995609 47.144 0.0483826 -0.998641 0.0193765 -4.90294 0.994544 0.049961 0.0915807 89.2445
-0.0815284 0.0156763 0.996547 47.7263 0.0474795 -0.998679 0.0195942 -4.92635 0.995539 0.0489131 0.080678 89.1933
-0.0680567 0.0164376 0.997546 48.2888 0.0471874 -0.998692 0.0196758 -4.95004 0.996565 0.0484107 0.0671927 89.1528
-0.0516405 0.0184704 0.998495 48.8315 0.046134 -0.998718 0.0208605 -4.97312 0.9976 0.0471418 0.0507218 89.127
-0.0310496 0.0221096 0.999274 49.3665 0.0449625 -0.998713 0.0234943 -5.00141 0.998506 0.0456593 0.0300148 89.1211
-0.00716214 0.0262383 0.99963 49.8938 0.0434191 -0.998704 0.0265251 -5.02998 0.999031 0.0435931 0.00601398 89.1302
0.0204118 0.0291241 0.999368 50.4167 0.042062 -0.998716 0.028246 -5.05648 0.998907 0.0414588 -0.0216113 89.1484
0.0530973 0.0301374 0.998134 50.9394 0.041 -0.998766 0.0279755 -5.0837 0.997746 0.0394381 -0.0542657 89.1915
0.090555 0.0291544 0.995465 51.4568 0.0405356 -0.998852 0.0255662 -5.11112 0.995066 0.0380366 -0.0916335 89.2559
0.131904 0.0270642 0.990893 51.9638 0.0390567 -0.998992 0.0220864 -5.13996 0.990492 0.0357877 -0.132827 89.3356
0.176357 0.0235642 0.984044 52.4641 0.036291 -0.999188 0.017423 -5.16831 0.983656 0.0326393 -0.177068 89.4509
0.224004 0.0209487 0.974363 52.9598 0.0320166 -0.999387 0.0141262 -5.19789 0.974062 0.0280314 -0.224537 89.5927
0.27436 0.0199 0.961421 53.4306 0.0282813 -0.999519 0.012618 -5.22839 0.96121 0.0237283 -0.274789 89.7504
0.328099 0.0206963 0.944417 53.8895 0.0273847 -0.99955 0.0123908 -5.25406 0.944247 0.0217972 -0.32852 89.9453
0.385066 0.0237099 0.922584 54.3315 0.0307518 -0.999442 0.0128501 -5.28104 0.922376 0.023423 -0.38558 90.1642
0.443718 0.0292105 0.89569 54.7389 0.0338215 -0.999304 0.0158347 -5.30777 0.895528 0.0232674 -0.444398 90.3886
0.502245 0.0360475 0.863974 55.1332 0.0386053 -0.999071 0.0192421 -5.33687 0.863864 0.0236897 -0.50317 90.661
0.559529 0.0411389 0.827789 55.4915 0.0386462 -0.998974 0.0235243 -5.36211 0.827909 0.0188284 -0.560544 90.9416
0.61459 0.0447898 0.787573 55.8359 0.0384199 -0.9989 0.0268268 -5.38974 0.78791 0.013771 -0.615634 91.2711
0.667022 0.0474203 0.743527 56.1585 0.0399328 -0.998812 0.0278778 -5.41817 0.743967 0.011096 -0.668123 91.6203
0.715931 0.0475655 0.696549 56.4486 0.0408085 -0.998823 0.0262629 -5.44805 0.696978 0.00962265 -0.71703 91.9661
0.761335 0.0431098 0.646925 56.7224 0.037325 -0.999048 0.0226484 -5.47911 0.647284 0.00690341 -0.76222 92.356
0.803243 0.036537 0.59453 56.9679 0.032143 -0.999321 0.0179866 -5.51053 0.594784 0.00466238 -0.803872 92.7649
0.840427 0.0308965 0.541043 57.1753 0.0268992 -0.999522 0.0152942 -5.53945 0.541257 0.00169998 -0.840856 93.1713
0.872297 0.0242055 0.488378 57.37 0.0209001 -0.999707 0.0122187 -5.56445 0.48853 -0.000451146 -0.872547 93.6106
0.898527 0.0187137 0.438518 57.5399 0.0147306 -0.999812 0.0124838 -5.59099 0.43867 -0.00475733 -0.898633 94.0612
0.919627 0.0155337 0.392485 57.6844 0.0108985 -0.999841 0.0140354 -5.61267 0.392641 -0.00862984 -0.91965 94.508
0.935571 0.012465 0.352918 57.8124 0.00574099 -0.999783 0.020093 -5.62802 0.353092 -0.0167724 -0.93544 94.9816
0.948067 0.0137445 0.317774 57.9272 0.00622214 -0.999677 0.0246748 -5.63849 0.31801 -0.0214161 -0.947846 95.4469
0.957846 0.0141432 0.286934 58.0418 0.0066622 -0.999614 0.0270319 -5.6485 0.287205 -0.0239808 -0.95757 95.9249
0.964311 0.0141335 0.264395 58.1622 0.0088126 -0.999736 0.0213001 -5.66198 0.264626 -0.0182099 -0.964181 96.4022
0.968549 0.0132811 0.248468 58.2773 0.00902972 -0.999792 0.0182421 -5.68014 0.248658 -0.0154248 -0.968468 96.8844
0.971669 0.013587 0.235955 58.3833 0.00856928 -0.999715 0.022278 -5.69261 0.23619 -0.0196249 -0.971508 97.3803
0.97397 0.0131829 0.226295 58.4869 0.00708263 -0.99959 0.027748 -5.69871 0.226568 -0.0254229 -0.973664 97.8881
0.9753 0.0144322 0.220413 58.5895 0.00690689 -0.999369 0.0348743 -5.71288 0.220777 -0.0324905 -0.974784 98.4035
0.9759 0.018266 0.217452 58.6967 0.00949737 -0.999103 0.0413017 -5.73231 0.218011 -0.0382411 -0.975198 98.9283
0.97604 0.0202201 0.21665 58.814 0.0111716 -0.999016 0.0429091 -5.75614 0.217304 -0.0394606 -0.975306 99.4609
0.975477 0.0232074 0.218874 58.9404 0.0143281 -0.999011 0.0420687 -5.77849 0.219634 -0.037901 -0.974845 100.002
0.974404 0.0302833 0.222757 59.0745 0.0218445 -0.99895 0.040251 -5.79789 0.223742 -0.0343547 -0.974042 100.55
0.973316 0.0354791 0.226708 59.2098 0.027058 -0.998829 0.0401463 -5.81856 0.227867 -0.0329408 -0.973136 101.111
0.972308 0.0346691 0.231119 59.3432 0.0249276 -0.998681 0.0449381 -5.84477 0.232372 -0.0379324 -0.971889 101.693
0.971061 0.030948 0.236819 59.4798 0.0200112 -0.998623 0.0484478 -5.87267 0.237993 -0.0423067 -0.970343 102.285
0.969979 0.0264806 0.241741 59.6355 0.0159512 -0.998841 0.0454104 -5.90097 0.242663 -0.0401911 -0.969278 102.888
0.969149 0.020656 0.245607 59.7988 0.0109404 -0.999105 0.0408567 -5.92807 0.246231 -0.0369092 -0.968508 103.5
0.968327 0.0159512 0.249175 59.9645 0.00663841 -0.99925 0.0381702 -5.95355 0.249597 -0.0353071 -0.967707 104.124
0.96755 0.0149978 0.252236 60.1342 0.0066943 -0.999408 0.0337457 -5.97519 0.252593 -0.0309621 -0.967077 104.754
0.967385 0.0176372 0.252694 60.3091 0.0103547 -0.999493 0.0301205 -5.99825 0.253098 -0.0265216 -0.967077 105.392
0.96739 0.0237816 0.252172 60.4808 0.0169164 -0.999427 0.0293576 -6.02307 0.252726 -0.0241344 -0.967238 106.035
0.967409 0.0316314 0.251237 60.6497 0.0245973 -0.999213 0.0310898 -6.04902 0.252022 -0.0238968 -0.967426 106.692
0.967867 0.0362154 0.24884 60.8191 0.0284179 -0.998988 0.0348579 -6.07556 0.249851 -0.0266663 -0.967917 107.364
0.968616 0.0318739 0.24651 60.9951 0.0243801 -0.999144 0.0333931 -6.10315 0.247363 -0.0263352 -0.968564 108.055
0.969192 0.0244783 0.245086 61.1772 0.0179644 -0.999423 0.0287787 -6.13544 0.24565 -0.0234893 -0.969073 108.761
0.969928 0.0175386 0.24276 61.3551 0.0107872 -0.999517 0.0291121 -6.16881 0.243153 -0.0256179 -0.969648 109.478
0.970374 0.0182156 0.24092 61.5276 0.0107225 -0.999419 0.0323765 -6.19802 0.241369 -0.0288341 -0.970005 110.2
0.970757 0.0228312 0.238977 61.6963 0.0140327 -0.99916 0.0384544 -6.22533 0.239655 -0.0339764 -0.970262 110.929
0.971562 0.0282023 0.2351 61.8741 0.0194525 -0.999031 0.0394544 -6.2523 0.235985 -0.0337591 -0.971169 111.669
0.972464 0.031224 0.230952 62.0531 0.0228916 -0.998991 0.0386714 -6.28202 0.231926 -0.0323197 -0.972198 112.421
0.973382 0.0296285 0.227263 62.2342 0.0218355 -0.999086 0.0367289 -6.31524 0.228144 -0.0307889 -0.97314 113.189
0.974234 0.0281118 0.223779 62.4176 0.0214018 -0.999249 0.0323547 -6.35141 0.22452 -0.0267318 -0.974105 113.965
0.974711 0.0251271 0.222053 62.6002 0.01874 -0.99935 0.0308245 -6.3874 0.222683 -0.0258837 -0.974548 114.755
0.975113 0.0224345 0.220569 62.7848 0.0167139 -0.999477 0.0277679 -6.41933 0.221076 -0.0233903 -0.974978 115.564
0.975279 0.0211603 0.21996 62.9737 0.0166188 -0.999608 0.0224772 -6.45051 0.22035 -0.018266 -0.975249 116.373
0.975449 0.0196877 0.219344 63.1574 0.014991 -0.999623 0.0230565 -6.48394 0.219715 -0.0192022 -0.975377 117.193
0.975289 0.0216832 0.219864 63.3346 0.0159214 -0.999483 0.0279445 -6.51758 0.220357 -0.0237535 -0.97513 118.012
0.975095 0.0248831 0.220386 63.5125 0.0177988 -0.999262 0.034073 -6.55103 0.221071 -0.0293018 -0.974819 118.836
0.974903 0.0264223 0.221058 63.6913 0.0175961 -0.99897 0.0418016 -6.58332 0.221935 -0.0368627 -0.974363 119.666
0.974303 0.025712 0.223771 63.8703 0.0151371 -0.998691 0.0488457 -6.61974 0.224734 -0.0442033 -0.973416 120.503
0.9736 0.0231043 0.227088 64.0574 0.011632 -0.998592 0.0517282 -6.65808 0.227964 -0.0477211 -0.972498 121.343
0.973017 0.0236874 0.229513 64.2533 0.0119995 -0.998565 0.0521873 -6.69526 0.230419 -0.0480251 -0.971905 122.181
0.972491 0.027056 0.231363 64.4498 0.0154062 -0.998527 0.0520124 -6.72817 0.23243 -0.0470171 -0.971475 123.021
0.972289 0.0259858 0.232333 64.6559 0.016024 -0.998873 0.0446622 -6.75287 0.233232 -0.0397017 -0.97161 123.877
0.97221 0.0262989 0.232629 64.8645 0.0179278 -0.999116 0.0380265 -6.78424 0.233423 -0.0327992 -0.971822 124.724
0.971855 0.026271 0.234109 65.0663 0.0181604 -0.999162 0.0367336 -6.81819 0.234878 -0.0314483 -0.971518 125.571
0.971634 0.02461 0.235206 65.2621 0.0156127 -0.999077 0.0400394 -6.84935 0.235974 -0.0352314 -0.971121 126.423
0.971483 0.0191974 0.236331 65.459 0.00969767 -0.999101 0.0412937 -6.87875 0.236911 -0.0378242 -0.970796 127.275
0.971276 0.0135421 0.23757 65.6581 0.00299952 -0.998997 0.0446821 -6.91304 0.237937 -0.0426861 -0.970343 128.12
0.970934 0.0192772 0.23857 65.8648 0.00894585 -0.998977 0.0443126 -6.95502 0.23918 -0.0408905 -0.970113 128.941
0.970599 0.0332091 0.238401 66.0807 0.0240873 -0.998864 0.0410752 -7.00071 0.239495 -0.0341251 -0.970297 129.749
0.970385 0.0434584 0.23762 66.2984 0.0355806 -0.99867 0.0373439 -7.04684 0.238927 -0.0277833 -0.970641 130.557
0.970779 0.0380464 0.23694 66.5105 0.0304528 -0.998901 0.035628 -7.09214 0.238035 -0.0273714 -0.970871 131.383
0.971518 0.0154906 0.236459 66.7226 0.00877902 -0.999529 0.0294102 -7.13453 0.236803 -0.0264966 -0.971197 132.225
0.971813 -0.00331193 0.235728 66.9321 -0.00969326 -0.999619 0.0259171 -7.17776 0.235552 -0.0274715 -0.971475 133.06
0.971995 0.00343582 0.234976 67.1355 -0.00343714 -0.999578 0.0288338 -7.20347 0.234976 -0.0288339 -0.971573 133.867
0.972199 0.0193364 0.233358 67.334 0.0110403 -0.999261 0.0368051 -7.2217 0.233898 -0.0332055 -0.971693 134.663
0.972299 0.028638 0.231979 67.5395 0.0203645 -0.999073 0.0379822 -7.24042 0.232851 -0.032206 -0.971981 135.46
0.972731 0.0296074 0.230037 67.7482 0.0223904 -0.999173 0.0339212 -7.27557 0.230851 -0.0278456 -0.972589 136.262
0.973437 0.0260941 0.227464 67.9399 0.0189347 -0.999258 0.0336006 -7.30765 0.228172 -0.0284011 -0.973208 137.072
0.974197 0.0276459 0.224001 68.1266 0.0207297 -0.999236 0.0331691 -7.32959 0.224747 -0.0276698 -0.974025 137.873
0.975241 0.029868 0.219119 68.3115 0.0230208 -0.999166 0.0337362 -7.34745 0.219944 -0.0278567 -0.975115 138.669
0.975971 0.0285396 0.216021 68.4874 0.0207154 -0.999049 0.0383981 -7.37599 0.216912 -0.0330004 -0.975635 139.482
0.976373 0.0306526 0.213905 68.6553 0.0215221 -0.998759 0.0448846 -7.40065 0.215016 -0.0392204 -0.975821 140.266
0.976826 0.0278848 0.212211 68.8308 0.0183752 -0.998744 0.0466534 -7.43143 0.213245 -0.0416729 -0.976111 141.067
0.977219 0.0229479 0.21099 69.0106 0.0138253 -0.998909 0.0446113 -7.46131 0.211783 -0.040678 -0.97647 141.866
0.977497 0.0226552 0.209728 69.1879 0.0138324 -0.998961 0.0434393 -7.49215 0.210495 -0.0395608 -0.976795 142.66
0.977993 0.0263143 0.20697 69.3598 0.0180827 -0.998974 0.0415637 -7.52233 0.207851 -0.0369065 -0.977466 143.451
0.978849 0.0290749 0.202507 69.5325 0.0219882 -0.999066 0.0371573 -7.54849 0.203399 -0.0319186 -0.978574 144.235
0.980144 0.0308394 0.195875 69.6942 0.024647 -0.999118 0.0339737 -7.57983 0.19675 -0.0284714 -0.98004 145.028
0.981551 0.0259652 0.189428 69.8446 0.0200837 -0.999255 0.0329026 -7.61296 0.190141 -0.0284911 -0.981342 145.83
0.982861 0.0169242 0.183571 69.9928 0.0114432 -0.999459 0.030876 -7.64599 0.183994 -0.0282462 -0.982523 146.634
0.983684 0.0080822 0.179725 70.1315 0.00337823 -0.999646 0.0264638 -7.66886 0.179875 -0.0254249 -0.983362 147.439
0.9844 0.00366839 0.175906 70.2574 -0.00228646 -0.999431 0.0336379 -7.6904 0.175929 -0.0335153 -0.983831 148.241
0.985165 0.00904123 0.17137 70.3798 0.00275611 -0.999317 0.0368782 -7.71208 0.171586 -0.0358588 -0.984517 149.033
0.986269 0.019156 0.164035 70.508 0.013226 -0.999222 0.0371673 -7.73271 0.164619 -0.0344874 -0.985754 149.82
0.987212 0.0258163 0.15731 70.6341 0.0206531 -0.999197 0.0343688 -7.75191 0.158071 -0.0306804 -0.986952 150.615
0.988262 0.024843 0.150733 70.7533 0.0200893 -0.999254 0.0329785 -7.77901 0.15144 -0.0295633 -0.988024 151.422
0.989474 0.0208108 0.143207 70.857 0.0152356 -0.999087 0.0399179 -7.81243 0.143907 -0.0373159 -0.988888 152.237
0.99055 0.0213525 0.135476 70.9526 0.0152574 -0.998831 0.0458698 -7.8414 0.136297 -0.0433694 -0.989718 153.049
0.991746 0.0269348 0.125356 71.0522 0.0209914 -0.998601 0.048494 -7.86841 0.126487 -0.0454623 -0.990924 153.855
0.992733 0.0292803 0.116717 71.1483 0.0239177 -0.998605 0.0470837 -7.89125 0.117933 -0.04395 -0.992049 154.665
0.993685 0.0277265 0.108722 71.2367 0.0227132 -0.998631 0.0470819 -7.91692 0.109879 -0.0443152 -0.992955 155.483
0.994658 0.0203154 0.101209 71.3061 0.0152794 -0.998619 0.0502876 -7.93994 0.102091 -0.0484725 -0.993594 156.308
0.995524 0.0141956 0.0934348 71.3684 0.00921892 -0.998525 0.0534813 -7.9663 0.0940564 -0.0523805 -0.994187 157.136
0.996238 0.0101877 0.0860625 71.4307 0.00567313 -0.998603 0.05254 -7.9903 0.0864775 -0.0518541 -0.994904 157.959
0.996769 0.0085842 0.0798653 71.4907 0.00439376 -0.99861 0.0524974 -8.01261 0.080205 -0.0519768 -0.995421 158.78
0.997107 0.00941533 0.0754277 71.5456 0.0055082 -0.998641 0.0518412 -8.03634 0.0758132 -0.0512758 -0.995803 159.602
0.997371 0.0157649 0.0707224 71.5921 0.0117774 -0.998336 0.0564495 -8.06268 0.0714946 -0.0554682 -0.995898 160.421
0.997526 0.021139 0.0670439 71.6275 0.0168869 -0.997847 0.063368 -8.08518 0.0682391 -0.0620791 -0.995736 161.238
0.99763 0.0248181 0.0641768 71.665 0.0206789 -0.99771 0.0643763 -8.10536 0.0656276 -0.0628967 -0.995858 162.055
0.997951 0.0182426 0.061326 71.7056 0.0141747 -0.99771 0.0661254 -8.12405 0.062392 -0.0651206 -0.995924 162.889
0.998181 0.00866498 0.059655 71.7396 0.00458128 -0.997656 0.0682546 -8.14037 0.0601067 -0.0678572 -0.995882 163.729
0.998392 0.000261624 0.0566907 71.7754 -0.00366028 -0.997606 0.0690658 -8.1582 0.0565731 -0.0691622 -0.996001 164.564
0.998657 0.00279818 0.0517284 71.8112 -0.000662661 -0.997769 0.0667661 -8.17345 0.0517998 -0.0667107 -0.996428 165.387
0.998873 0.0111036 0.0461525 71.8557 0.00850007 -0.998383 0.0562306 -8.18837 0.0467021 -0.0557749 -0.997352 166.201
0.999082 0.0181258 0.03881 71.8891 0.0161311 -0.998562 0.0511058 -8.19713 0.0396806 -0.0504328 -0.997938 167.019
0.999362 0.0158903 0.0319979 71.9015 0.014108 -0.998376 0.0551747 -8.20971 0.0328227 -0.054688 -0.997963 167.846
0.999636 0.0106379 0.0248025 71.9145 0.0093007 -0.998531 0.0534196 -8.22597 0.0253343 -0.0531695 -0.998266 168.681
0.99983 0.00563074 0.0175819 71.9307 0.00476093 -0.998781 0.0491278 -8.24066 0.0178371 -0.0490357 -0.998638 169.517
0.999924 0.00327366 0.0118597 71.9442 0.00278741 -0.999165 0.0407869 -8.25127 0.0119833 -0.0407507 -0.999098 170.358
0.999981 0.00206911 0.00579052 71.9504 0.00185788 -0.999341 0.0362494 -8.2659 0.00586171 -0.036238 -0.999326 171.201
0.99997 0.00771666 -0.000578074 71.9471 0.00773148 -0.99943 0.0328323 -8.28189 -0.000324389 -0.0328358 -0.99946 172.038
0.999809 0.017807 -0.00805039 71.9442 0.0180054 -0.999518 0.0252859 -8.29589 -0.00759624 -0.025426 -0.999647 172.867
0.999565 0.0252277 -0.015304 71.9461 0.0254268 -0.999591 0.0129524 -8.31499 -0.014971 -0.0133359 -0.999797 173.699
0.99964 0.0162858 -0.0213306 71.9224 0.0166298 -0.999733 0.0160521 -8.33277 -0.0210634 -0.016401 -0.999644 174.552
0.999655 0.002977 -0.0261072 71.8808 0.00366566 -0.999647 0.0263702 -8.35022 -0.0260194 -0.0264568 -0.999313 175.411
0.999514 -0.00567399 -0.0306424 71.8381 -0.00467671 -0.99946 0.0325197 -8.36921 -0.0308104 -0.0323606 -0.999001 176.266
0.999396 -0.00349672 -0.034567 71.8005 -0.00238632 -0.999483 0.0321123 -8.38094 -0.0346614 -0.0320104 -0.998888 177.11
0.999301 0.00690576 -0.0367377 71.7593 0.00811923 -0.999423 0.0329845 -8.39249 -0.0364887 -0.0332597 -0.998781 177.948
0.99907 0.0166837 -0.0397565 71.705 0.0184157 -0.998878 0.0436045 -8.40873 -0.0389845 -0.0442961 -0.998256 178.785
0.998919 0.0203189 -0.0418086 71.66 0.0221508 -0.998795 0.0438299 -8.42765 -0.0408676 -0.0447086 -0.998165 179.632
0.998876 0.0162274 -0.0445287 71.6294 0.0178857 -0.999152 0.0370998 -8.45131 -0.0438889 -0.0378545 -0.99832 180.489
0.998985 0.00703444 -0.0444814 71.5867 0.00871528 -0.99925 0.0377072 -8.47192 -0.0441829 -0.0380566 -0.998297 181.351
0.999038 0.000505392 -0.0438462 71.5382 0.0022528 -0.999204 0.0398128 -8.49518 -0.0437912 -0.0398733 -0.998244 182.214
0.998952 0.00237054 -0.0457195 71.4958 0.00412735 -0.999255 0.0383697 -8.51899 -0.0455945 -0.0385182 -0.998217 183.069
0.998794 0.0101299 -0.0480434 71.4516 0.0119206 -0.999241 0.0371349 -8.54321 -0.0476307 -0.0376628 -0.998156 183.918
0.998483 0.02171 -0.0505968 71.4196 0.0230928 -0.999372 0.0269066 -8.56785 -0.0499808 -0.0280342 -0.998358 184.763
0.998242 0.0264928 -0.0530288 71.3899 0.0273486 -0.999508 0.0154771 -8.59609 -0.0525926 -0.0169001 -0.998475 185.611
0.998294 0.0220234 -0.0540681 71.3413 0.022984 -0.999587 0.0172084 -8.62551 -0.0536668 -0.0184218 -0.998388 186.471
0.998411 0.0120931 -0.0550322 71.284 0.0133717 -0.999648 0.0229248 -8.65918 -0.0547356 -0.0236243 -0.998221 187.333
0.998376 0.00673565 -0.0565604 71.2292 0.00817734 -0.999645 0.0252968 -8.68812 -0.05637 -0.0257182 -0.998077 188.182
0.998279 0.0105736 -0.0576808 71.1826 0.0119134 -0.999666 0.022934 -8.71286 -0.057419 -0.0235817 -0.998071 189.02
0.998177 0.0171604 -0.0578644 71.1368 0.0185333 -0.999558 0.0232733 -8.73647 -0.0574394 -0.0243033 -0.998054 189.856
0.998139 0.0185016 -0.0581039 71.0758 0.0202721 -0.999345 0.0300305 -8.76138 -0.0575101 -0.0311525 -0.997861 190.695
0.998193 0.0142005 -0.0583798 71.0196 0.0161634 -0.999314 0.0332904 -8.78856 -0.057867 -0.0341738 -0.997738 191.536
0.998188 0.0112211 -0.05912 70.9642 0.0134204 -0.999226 0.0369347 -8.81671 -0.0586599 -0.0376611 -0.997566 192.373
0.998203 0.00838929 -0.0593312 70.9082 0.0107804 -0.99914 0.0400959 -8.83889 -0.0589436 -0.0406635 -0.997435 193.208
0.998173 0.00844629 -0.0598297 70.8473 0.0110971 -0.998966 0.0441135 -8.86138 -0.0593952 -0.0446968 -0.997234 194.04
0.998109 0.010794 -0.0605214 70.7912 0.0133616 -0.999022 0.0421831 -8.88491 -0.0600068 -0.0429119 -0.997276 194.863
0.997952 0.0168926 -0.0617012 70.7322 0.0196337 -0.998835 0.0440922 -8.90608 -0.0608845 -0.0452133 -0.99712 195.676
0.99786 0.0175217 -0.0629912 70.6708 0.0203874 -0.998772 0.0451426 -8.92375 -0.0621229 -0.0463303 -0.996992 196.49
0.998031 0.0182791 -0.0600065 70.6291 0.0210049 -0.998761 0.0451143 -8.93887 -0.0591075 -0.0462859 -0.997178 197.196
