1 -9.04368e-12 -2.32681e-11 5.55112e-17 -9.04368e-12 1 -2.39237e-10 3.33067e-16 -2.32681e-11 -2.39237e-10 1 -4.44089e-16
0.999998 0.000527263 -0.00206693 -0.0469029 -0.000529651 0.999999 -0.00115487 -0.0283993 0.00206632 0.00115596 0.999997 0.858694
0.999991 0.00104897 -0.00413135 -0.0937435 -0.00105851 0.999997 -0.0023081 -0.0567606 0.00412891 0.00231246 0.999989 1.71627
0.99998 0.00156647 -0.00619857 -0.140643 -0.00158795 0.999993 -0.00346271 -0.0851576 0.0061931 0.00347248 0.999975 2.57496
0.999964 0.00207847 -0.0082635 -0.187486 -0.00211666 0.999987 -0.00461583 -0.11352 0.0082538 0.00463315 0.999955 3.43265
0.999943 0.00258617 -0.0103309 -0.234382 -0.00264588 0.99998 -0.00577016 -0.141915 0.0103158 0.00579717 0.99993 4.29133
0.999918 0.00308836 -0.012396 -0.281219 -0.00317435 0.999971 -0.00692298 -0.170274 0.0123743 0.00696176 0.999899 5.14899
0.999889 0.00358631 -0.0144638 -0.328118 -0.0037034 0.999961 -0.00807718 -0.19867 0.0144343 0.00812985 0.999863 6.00778
0.999855 0.00407871 -0.0165291 -0.374955 -0.00423167 0.999949 -0.00922979 -0.227029 0.0164906 0.0092984 0.999821 6.86548
0.999817 0.00456667 -0.0185965 -0.421837 -0.00476034 0.999935 -0.0103834 -0.255415 0.0185479 0.01047 0.999773 7.72404
0.999774 0.00504987 -0.0206646 -0.468733 -0.00528907 0.99992 -0.0115373 -0.28381 0.0206047 0.011644 0.99972 8.58289
0.999726 0.00552731 -0.0227292 -0.515547 -0.00581678 0.999903 -0.0126891 -0.312155 0.0226569 0.0128178 0.999661 9.44028
0.999674 0.00600054 -0.0247969 -0.562431 -0.00634516 0.999884 -0.0138425 -0.340542 0.024711 0.0139953 0.999597 10.299
0.999618 0.00646877 -0.0268644 -0.609309 -0.00687336 0.999864 -0.0149956 -0.368925 0.0267637 0.0151745 0.999527 11.1576
0.999556 0.00705845 -0.0289421 -0.656205 -0.00753045 0.99984 -0.0162319 -0.397396 0.0288229 0.0164427 0.999449 12.0154
0.999509 0.00559531 -0.0308145 -0.701879 -0.00609368 0.999852 -0.0161032 -0.423912 0.0307198 0.016283 0.999395 12.8697
0.999422 0.00784277 -0.0330617 -0.749824 -0.00845609 0.999794 -0.018452 -0.454004 0.0329101 0.0187209 0.999283 13.7315
0.999359 0.00870439 -0.034734 -0.799251 -0.00943942 0.999734 -0.0210542 -0.484077 0.0345415 0.0213686 0.999175 14.6003
0.999248 0.0123569 -0.0367485 -0.854664 -0.0132068 0.999649 -0.0229748 -0.515507 0.0364517 0.0234428 0.99906 15.4796
0.999182 0.0135228 -0.0380978 -0.907287 -0.0143916 0.999641 -0.0226237 -0.54647 0.0377782 0.0231535 0.999018 16.3694
0.999124 0.0132878 -0.03968 -0.960916 -0.014126 0.999681 -0.0209205 -0.578359 0.0393893 0.0214627 0.998993 17.269
0.99906 0.0135143 -0.0411803 -1.01159 -0.0143243 0.999708 -0.0194389 -0.60924 0.0409056 0.0200106 0.998963 18.1732
0.999017 0.0130482 -0.0423565 -1.06626 -0.0138611 0.999724 -0.0189558 -0.638736 0.0420975 0.0195243 0.998923 19.0841
0.998938 0.01326 -0.0441196 -1.11865 -0.0141349 0.999708 -0.0195787 -0.668622 0.0438471 0.0201815 0.998834 19.9972
0.998912 0.0115286 -0.0451886 -1.17184 -0.0124778 0.999706 -0.0207798 -0.699078 0.0449358 0.021321 0.998762 20.9137
0.99888 0.0112889 -0.04595 -1.22428 -0.0121813 0.999742 -0.0191876 -0.728742 0.0457216 0.0197258 0.99876 21.8404
0.998859 0.0129942 -0.0459491 -1.28081 -0.0137081 0.99979 -0.0152561 -0.760472 0.0457412 0.0158686 0.998827 22.7743
0.998887 0.0137903 -0.0450949 -1.33484 -0.0143256 0.99983 -0.0115685 -0.792967 0.0449278 0.0122016 0.998916 23.7095
0.998965 0.0128517 -0.0436358 -1.38575 -0.0132569 0.999872 -0.00900776 -0.820924 0.0435144 0.00957691 0.999007 24.6518
0.99903 0.0126525 -0.0421832 -1.43663 -0.012994 0.999885 -0.00783128 -0.845621 0.0420793 0.00837182 0.999079 25.5969
0.999075 0.0128959 -0.0410331 -1.48704 -0.0133333 0.999857 -0.0104044 -0.870213 0.040893 0.0109419 0.999104 26.5447
0.999097 0.0139101 -0.0401547 -1.53803 -0.01455 0.999771 -0.0156874 -0.897112 0.0399272 0.0162575 0.99907 27.4963
0.999153 0.0132065 -0.038965 -1.58655 -0.0139633 0.999718 -0.0192147 -0.925415 0.0387003 0.0197426 0.999056 28.4547
0.999211 0.010791 -0.0382358 -1.63336 -0.0114861 0.999772 -0.0180079 -0.955563 0.0380328 0.0184329 0.999107 29.4229
0.999221 0.00908631 -0.0383923 -1.68097 -0.00959606 0.999868 -0.0131139 -0.983838 0.0382681 0.0134721 0.999177 30.3984
0.999211 0.00583812 -0.0392976 -1.72889 -0.0061985 0.99994 -0.00905494 -1.01177 0.0392424 0.00929138 0.999186 31.3776
0.999183 -0.00184028 -0.0403746 -1.76898 0.00146077 0.999954 -0.00942729 -1.03636 0.0403901 0.00936061 0.99914 32.3571
0.999106 -0.00489479 -0.0419847 -1.81583 0.00433736 0.999901 -0.0133578 -1.05979 0.042046 0.0131637 0.999029 33.3363
0.999044 -0.00407672 -0.0435224 -1.87066 0.00330685 0.999837 -0.0177463 -1.08802 0.0435877 0.0175855 0.998895 34.3202
0.998962 -0.00350109 -0.0454181 -1.92978 0.00263935 0.999816 -0.0190194 -1.12988 0.0454764 0.0188798 0.998787 35.331
0.998912 -0.00356485 -0.046487 -1.99375 0.00278258 0.999854 -0.0168816 -1.19455 0.0465404 0.0167339 0.998776 36.3875
0.998871 -0.000238626 -0.0475092 -2.06111 -0.000415197 0.999905 -0.0137517 -1.24988 0.047508 0.0137559 0.998776 37.4285
0.998808 2.1601e-06 -0.0488014 -2.12695 -0.000625757 0.999918 -0.012763 -1.30505 0.0487974 0.0127783 0.998727 38.4715
0.998759 0.000880921 -0.049793 -2.19097 -0.00140329 0.999944 -0.0104568 -1.34914 0.049781 0.0105137 0.998705 39.5036
0.998757 0.000489421 -0.0498453 -2.25611 -0.000821033 0.999978 -0.00663257 -1.39305 0.0498409 0.00666525 0.998735 40.5386
0.998713 0.0064665 -0.0503015 -2.32994 -0.00672201 0.999965 -0.00491212 -1.42681 0.050268 0.00524393 0.998722 41.5611
0.998714 0.00695218 -0.050215 -2.39973 -0.00719251 0.999964 -0.00460697 -1.46073 0.0501811 0.00496222 0.998728 42.583
0.998708 0.00667628 -0.0503716 -2.46521 -0.00700677 0.999955 -0.00638728 -1.4895 0.0503267 0.00673197 0.99871 43.593
0.998701 0.00898315 -0.0501507 -2.53588 -0.00945617 0.999913 -0.00920271 -1.52285 0.0500637 0.00966499 0.998699 44.5979
0.998653 0.00880847 -0.0511244 -2.60002 -0.00929606 0.999913 -0.0093075 -1.55988 0.051038 0.00977023 0.998649 45.5988
0.998601 0.00686375 -0.0524278 -2.66188 -0.00728016 0.999943 -0.00775577 -1.59376 0.0523716 0.0081266 0.998595 46.598
0.998554 0.00706195 -0.0532934 -2.72891 -0.00743149 0.99995 -0.00673898 -1.62982 0.0532432 0.00712528 0.998556 47.5928
0.998515 0.00983043 -0.0535761 -2.80079 -0.0103222 0.999907 -0.00890952 -1.66453 0.0534835 0.00944932 0.998524 48.5786
0.998469 0.0102379 -0.0543663 -2.87134 -0.0110325 0.999836 -0.0143365 -1.69762 0.0542107 0.0149144 0.998418 49.556
0.998438 0.010649 -0.0548389 -2.93794 -0.0114946 0.999819 -0.0151283 -1.72901 0.0546679 0.015735 0.998381 50.5377
0.998427 0.0102689 -0.0551122 -3.00246 -0.0109388 0.99987 -0.0118676 -1.76674 0.0549832 0.0124518 0.99841 51.5184
0.998435 0.00756618 -0.0554007 -3.06584 -0.00806401 0.999929 -0.008768 -1.79899 0.0553304 0.00920103 0.998426 52.495
0.998428 0.00634876 -0.0556805 -3.13019 -0.00679931 0.999946 -0.00790612 -1.83005 0.0556272 0.00827228 0.998417 53.465
0.998433 0.00328295 -0.0558714 -3.19152 -0.00377969 0.999954 -0.00878744 -1.8584 0.05584 0.00898485 0.998399 54.428
0.998407 -0.000146036 -0.0564264 -3.24881 -0.000450892 0.999944 -0.010566 -1.88649 0.0564248 0.0105746 0.998351 55.3918
0.998337 -0.00159121 -0.0576322 -3.31092 0.0010368 0.999953 -0.00964846 -1.91384 0.0576448 0.00957266 0.998291 56.3504
0.998264 -0.00438286 -0.058734 -3.37151 0.00407533 0.999977 -0.00535482 -1.93823 0.0587561 0.00510616 0.998259 57.3125
0.998227 -0.00596474 -0.0592269 -3.43899 0.00598694 0.999982 0.000197466 -1.95676 0.0592247 -0.000551705 0.998245 58.274
0.998202 -0.00440776 -0.0597746 -3.51131 0.00454791 0.999987 0.00220885 -1.97596 0.0597641 -0.00247673 0.998209 59.2254
0.998116 -0.0029195 -0.0612851 -3.57919 0.00292055 0.999996 -7.23115e-05 -1.99811 0.0612851 -0.000106812 0.99812 60.1663
0.998024 -0.00176204 -0.0628067 -3.64178 0.00122725 0.999963 -0.00855251 -2.02154 0.0628195 0.00845854 0.997989 61.0913
0.997955 -0.00095921 -0.0639183 -3.70338 5.02408e-05 0.999899 -0.0142209 -2.04916 0.0639255 0.0141886 0.997854 62.0063
0.997864 0.00420499 -0.0651861 -3.77604 -0.0050925 0.999897 -0.0134549 -2.07811 0.0651228 0.0137581 0.997782 62.9168
0.99779 0.00749261 -0.0660152 -3.84394 -0.0082063 0.999911 -0.0105464 -2.11209 0.0659303 0.0110649 0.997763 63.8152
0.997676 0.0102545 -0.0673552 -3.9126 -0.0108707 0.999902 -0.00878917 -2.14535 0.0672585 0.00950095 0.99769 64.6979
0.997591 0.010345 -0.0685962 -3.97823 -0.0110335 0.999892 -0.00966544 -2.17384 0.0684888 0.010399 0.997598 65.5667
0.997461 0.0118355 -0.0702166 -4.04662 -0.0124817 0.999884 -0.00877223 -2.20141 0.0701046 0.00962639 0.997493 66.4216
0.99734 0.0131838 -0.0716936 -4.11444 -0.0138005 0.999872 -0.00811283 -2.23082 0.0715775 0.00908065 0.997394 67.2646
0.997226 0.0129677 -0.0732982 -4.17999 -0.0135235 0.999883 -0.00709091 -2.25837 0.0731977 0.00806249 0.997285 68.0933
0.997124 0.0125661 -0.0747375 -4.24486 -0.0130776 0.999894 -0.00635773 -2.28331 0.0746498 0.00731683 0.997183 68.9099
0.996989 0.0148995 -0.0760937 -4.31302 -0.0152577 0.999875 -0.00412793 -2.30784 0.0760227 0.00527652 0.997092 69.7142
0.996877 0.0167718 -0.0771662 -4.38194 -0.0167798 0.999859 0.000545446 -2.32948 0.0771645 0.000751088 0.997018 70.508
0.996688 0.0192886 -0.0789933 -4.44551 -0.0191669 0.999814 0.00229876 -2.35539 0.0790229 -0.000777092 0.996873 71.2844
0.996496 0.0223235 -0.0806056 -4.51488 -0.0224698 0.999747 -0.000909197 -2.38209 0.080565 0.0027172 0.996746 72.0374
0.996371 0.0228403 -0.0819995 -4.58021 -0.0236107 0.999686 -0.00843842 -2.40973 0.081781 0.0103439 0.996597 72.7679
0.996256 0.0216499 -0.0836945 -4.64434 -0.0229118 0.999637 -0.014147 -2.43298 0.0833579 0.0160117 0.996391 73.4807
0.996203 0.022367 -0.0841333 -4.70949 -0.0238196 0.999583 -0.0163011 -2.45952 0.0837336 0.0182433 0.996321 74.1754
0.996087 0.0248083 -0.0848213 -4.77573 -0.0259914 0.999579 -0.0128721 -2.49028 0.0844663 0.0150263 0.996313 74.8515
0.995953 0.0260696 -0.0860134 -4.83751 -0.0269754 0.999592 -0.00938509 -2.52595 0.0857337 0.0116674 0.99625 75.5074
0.995907 0.0229106 -0.0874266 -4.89189 -0.0240957 0.999631 -0.0125243 -2.55665 0.0871074 0.0145796 0.996092 76.1383
0.996043 0.0150355 -0.0875964 -4.93768 -0.0166238 0.99971 -0.0174314 -2.58547 0.0873089 0.0188186 0.996004 76.7501
0.996163 0.0104411 -0.0868868 -4.98584 -0.0124994 0.999653 -0.0231796 -2.61674 0.0866147 0.0241767 0.995949 77.3441
0.996397 0.0121115 -0.0839397 -5.03904 -0.01415 0.999618 -0.0237324 -2.64605 0.0836202 0.0248347 0.996188 77.9253
0.996639 0.0177066 -0.0799775 -5.09273 -0.0194104 0.9996 -0.0205773 -2.6757 0.0795811 0.0220605 0.996584 78.4946
0.997012 0.0166485 -0.0754312 -5.1338 -0.0180191 0.999684 -0.0175269 -2.70184 0.0751156 0.0188337 0.996997 79.0495
0.997463 0.0121704 -0.0701352 -5.15977 -0.0131577 0.999821 -0.0136333 -2.72921 0.0699567 0.0145216 0.997444 79.5923
0.998024 0.00788778 -0.0623372 -5.18336 -0.00848334 0.999921 -0.00929484 -2.7568 0.062259 0.00980531 0.998012 80.123
0.998595 0.0106861 -0.0518927 -5.20827 -0.0112241 0.999886 -0.0100857 -2.78002 0.051779 0.010654 0.998602 80.6346
0.999183 0.0162476 -0.0370141 -5.23521 -0.0166497 0.999805 -0.0105817 -2.80173 0.036835 0.0111893 0.999259 81.1354
0.999588 0.0213693 -0.0191755 -5.24889 -0.0215674 0.999716 -0.0101847 -2.82209 0.0189524 0.0105941 0.999764 81.6229
0.999798 0.0199335 0.00239477 -5.23683 -0.0199087 0.999752 -0.00995835 -2.83986 -0.00259268 0.00990867 0.999948 82.097
0.999484 0.0161903 0.0277576 -5.20747 -0.01594 0.99983 -0.00921341 -2.85931 -0.0279021 0.00876619 0.999572 82.5559
0.998281 0.014725 0.0567238 -5.16354 -0.0143018 0.999867 -0.00786065 -2.878 -0.056832 0.00703589 0.998359 83.0085
0.995914 0.0142007 0.0891859 -5.10562 -0.0136705 0.999885 -0.00655318 -2.89575 -0.0892687 0.00530718 0.995993 83.4545
0.992001 0.0138945 0.125466 -5.02956 -0.0132475 0.999894 -0.00598935 -2.91192 -0.125536 0.00427932 0.99208 83.8853
0.98599 0.0138974 0.166225 -4.93465 -0.0130269 0.999895 -0.00632612 -2.92617 -0.166296 0.00407209 0.986068 84.3134
0.977515 0.0134678 0.210437 -4.8173 -0.0123623 0.999902 -0.00656816 -2.94236 -0.210505 0.00381899 0.977585 84.7287
0.966076 0.0153634 0.257802 -4.68094 -0.0136485 0.999871 -0.0084406 -2.96185 -0.257899 0.00463564 0.966161 85.1182
0.95074 0.0160759 0.309573 -4.5192 -0.013199 0.999848 -0.0113854 -2.98054 -0.309709 0.00673849 0.950807 85.5017
0.931382 0.0159926 0.363691 -4.33634 -0.0118939 0.999838 -0.0135066 -2.99523 -0.363848 0.00825408 0.931422 85.8537
0.90763 0.0164266 0.419448 -4.13009 -0.0109445 0.99982 -0.0154731 -3.00685 -0.419627 0.00945319 0.907647 86.2
0.879421 0.0165258 0.475757 -3.90387 -0.00919586 0.999801 -0.0177305 -3.01835 -0.475955 0.0112176 0.879398 86.5259
0.847002 0.0146349 0.531388 -3.65638 -0.00492289 0.999794 -0.0196884 -3.03094 -0.531567 0.0140602 0.8469 86.8121
0.811153 0.0140022 0.584667 -3.39307 -0.00251489 0.999788 -0.0204548 -3.04814 -0.584829 0.0151216 0.811016 87.0956
0.772294 0.0121386 0.635149 -3.1154 -7.66598e-05 0.999819 -0.0190147 -3.06336 -0.635265 0.0146363 0.772155 87.345
0.730683 0.0113909 0.682621 -2.8178 -0.000227669 0.999865 -0.016441 -3.07458 -0.682716 0.0118578 0.730587 87.594
0.686908 0.0100239 0.726675 -2.50813 0.00164222 0.999881 -0.0153449 -3.08446 -0.726742 0.0117339 0.68681 87.8201
0.641561 0.00860592 0.767024 -2.1826 0.0058016 0.999854 -0.0160709 -3.09315 -0.76705 0.0147604 0.641417 88.0081
0.596103 0.0054166 0.80289 -1.84764 0.0129944 0.999781 -0.0163926 -3.10354 -0.802803 0.0202047 0.595902 88.188
0.550643 0.00683185 0.834713 -1.51105 0.0126769 0.999783 -0.0165456 -3.11657 -0.834644 0.0196923 0.550437 88.3435
0.5045 0.00975075 0.863357 -1.16558 0.00893495 0.999824 -0.0165131 -3.12743 -0.863365 0.0160449 0.504324 88.502
0.460298 0.0114816 0.88769 -0.811069 0.00870464 0.99981 -0.0174455 -3.13803 -0.887722 0.0157572 0.460111 88.6416
0.418867 0.00962725 0.907996 -0.450023 0.0156193 0.99972 -0.0178051 -3.14626 -0.907913 0.0216402 0.418599 88.7479
0.380625 0.00137883 0.924728 -0.0726903 0.031738 0.99939 -0.0145537 -3.15046 -0.924185 0.0348885 0.380349 88.84
0.346108 -0.00233705 0.938192 0.302092 0.0376449 0.999226 -0.0113985 -3.15659 -0.937439 0.0392633 0.345928 88.9305
0.313841 0.00100243 0.949475 0.676348 0.0361165 0.999263 -0.012993 -3.16683 -0.948788 0.0383695 0.313573 89.0231
0.283311 0.00875237 0.958988 1.05089 0.0249226 0.999554 -0.0164854 -3.18517 -0.958704 0.028571 0.282967 89.125
0.255113 0.0132709 0.96682 1.43459 0.0194615 0.999633 -0.0188566 -3.206 -0.966715 0.0236264 0.254761 89.2106
0.229876 0.0151428 0.973102 1.83291 0.0208073 0.999574 -0.02047 -3.22211 -0.972997 0.0249532 0.229463 89.2772
0.206735 0.0158071 0.978269 2.24074 0.0274705 0.999382 -0.0219535 -3.23422 -0.978011 0.0314121 0.206173 89.3295
0.187015 0.0217482 0.982116 2.66275 0.036317 0.998918 -0.0290357 -3.23219 -0.981686 0.0410976 0.186023 89.3721
0.167705 0.0297301 0.985389 3.08976 0.0389192 0.998566 -0.0367515 -3.23311 -0.985069 0.044514 0.166308 89.419
0.15012 0.0310564 0.98818 3.53677 0.036624 0.998646 -0.036949 -3.24701 -0.987989 0.0417378 0.148779 89.4722
0.134663 0.0261244 0.990547 4.00213 0.0340939 0.998938 -0.0309807 -3.2697 -0.990305 0.0379435 0.133629 89.5206
0.120034 0.0224406 0.992516 4.47577 0.0343848 0.999051 -0.0267468 -3.29208 -0.992174 0.037338 0.119148 89.5561
0.106645 0.0201568 0.994093 4.96246 0.0368925 0.999026 -0.0242146 -3.31166 -0.993613 0.039257 0.105797 89.5834
0.0948166 0.0191026 0.995311 5.46005 0.04091 0.998897 -0.0230686 -3.32758 -0.994654 0.0429055 0.0939305 89.6033
0.0845144 0.0197081 0.996227 5.97457 0.0443375 0.99874 -0.0235191 -3.34469 -0.995435 0.046158 0.083534 89.621
0.0761114 0.020332 0.996892 6.50462 0.0466251 0.998626 -0.0239271 -3.36274 -0.996009 0.0483013 0.0750588 89.6383
0.0701122 0.0205516 0.997327 7.05038 0.048459 0.998537 -0.0239832 -3.37977 -0.996361 0.050011 0.0690137 89.6547
0.0643362 0.0216988 0.997692 7.61409 0.0499982 0.998438 -0.0249391 -3.39497 -0.996675 0.0514873 0.0631508 89.6715
0.0580522 0.0226671 0.998056 8.19796 0.0504571 0.998398 -0.0256097 -3.40931 -0.997038 0.0518457 0.0568155 89.6879
0.0534071 0.0226353 0.998316 8.80091 0.0529269 0.998274 -0.0254658 -3.4262 -0.997169 0.0541978 0.0521169 89.7017
0.0499615 0.0224389 0.998499 9.42023 0.0546569 0.998188 -0.0251668 -3.44228 -0.997255 0.0558322 0.0486446 89.7079
0.046494 0.0220601 0.998675 10.0598 0.0557684 0.99814 -0.0246446 -3.46029 -0.997361 0.0568403 0.0451773 89.7167
0.0433061 0.0214466 0.998832 10.7146 0.0573141 0.99807 -0.0239152 -3.47765 -0.997416 0.0582828 0.0419934 89.7196
0.0420727 0.0210856 0.998892 11.3884 0.0619778 0.997797 -0.0236729 -3.4952 -0.99719 0.0629051 0.0406732 89.7215
0.0422718 0.0207197 0.998891 12.0746 0.0659575 0.997546 -0.0234831 -3.51162 -0.996927 0.066877 0.0408014 89.7202
0.0441034 0.0205493 0.998816 12.7819 0.067802 0.997422 -0.0235145 -3.52981 -0.996724 0.0687588 0.0425964 89.7273
0.0473331 0.0207768 0.998663 13.505 0.0702074 0.997242 -0.0240748 -3.54954 -0.996409 0.0712531 0.0457439 89.7387
0.0510726 0.0206241 0.998482 14.2439 0.0709717 0.997184 -0.0242275 -3.57004 -0.99617 0.0721013 0.0494651 89.7524
0.0548512 0.0187366 0.998319 15.0026 0.0723775 0.997119 -0.0226908 -3.59531 -0.995868 0.0735005 0.0533371 89.7763
0.058702 0.0172267 0.998127 15.7737 0.0722899 0.997153 -0.0214614 -3.6214 -0.995655 0.0734143 0.0572896 89.8053
0.0626397 0.0150644 0.997923 16.5606 0.0695184 0.997392 -0.01942 -3.64585 -0.995612 0.0705905 0.061429 89.8434
0.0665983 0.013964 0.997682 17.3547 0.06848 0.99748 -0.0185325 -3.66972 -0.995427 0.0695555 0.0654742 89.8836
0.0705707 0.0147922 0.997397 18.1565 0.0659572 0.997633 -0.0194624 -3.69646 -0.995324 0.067159 0.069428 89.9295
0.0739061 0.0181617 0.9971 18.96 0.0638778 0.997695 -0.0229072 -3.727 -0.995217 0.0653855 0.0725756 89.9788
0.075136 0.0244277 0.996874 19.7682 0.0582777 0.997884 -0.0288449 -3.75863 -0.995469 0.0602628 0.0735534 90.0334
0.0747479 0.0274912 0.996823 20.5819 0.0556689 0.997946 -0.0316965 -3.78941 -0.995647 0.0578614 0.073064 90.0828
0.0747658 0.0275756 0.99682 21.3995 0.0532423 0.998081 -0.0316039 -3.8282 -0.995779 0.0554359 0.0731542 90.1324
0.0745199 0.0249489 0.996907 22.2174 0.0504315 0.998314 -0.0287539 -3.86964 -0.995943 0.0524183 0.073136 90.1827
0.0743719 0.0243385 0.996933 23.0343 0.0513207 0.998284 -0.0282001 -3.90879 -0.995909 0.0532606 0.0729953 90.2277
0.0744761 0.0232276 0.996952 23.8515 0.0490323 0.998434 -0.026925 -3.94871 -0.996017 0.0508882 0.0732206 90.2737
0.0741021 0.0232701 0.996979 24.6666 0.0473412 0.998519 -0.0268248 -3.99188 -0.996126 0.049186 0.0728907 90.3173
0.074124 0.0241234 0.996957 25.4784 0.0448109 0.998617 -0.0274953 -4.03155 -0.996242 0.0467127 0.0729405 90.365
0.072736 0.0253888 0.997028 26.2888 0.0418269 0.998719 -0.0284832 -4.07067 -0.996474 0.0437743 0.0715808 90.4115
0.0699211 0.0254814 0.997227 27.1001 0.0389782 0.99884 -0.0282556 -4.11004 -0.996791 0.0408458 0.0688468 90.4578
0.0659146 0.0241763 0.997532 27.9099 0.036375 0.998984 -0.0266151 -4.14929 -0.997162 0.0380396 0.0649683 90.4992
0.0608979 0.0216774 0.997909 28.7218 0.0343103 0.999128 -0.0237977 -4.18937 -0.997554 0.0356878 0.060101 90.5374
0.0545456 0.019312 0.998325 29.5334 0.0322363 0.999258 -0.0210914 -4.22771 -0.997991 0.0333328 0.0538825 90.568
0.0470006 0.019303 0.998708 30.3403 0.0317223 0.99928 -0.0208069 -4.26442 -0.998391 0.0326593 0.0463544 90.5889
0.0381621 0.0203387 0.999064 31.142 0.0312082 0.999281 -0.0215352 -4.29896 -0.998784 0.0320009 0.0374999 90.6026
0.0280685 0.0211218 0.999383 31.9432 0.0318031 0.999252 -0.0220123 -4.33253 -0.9991 0.0324013 0.0273757 90.6041
0.0178118 0.0202357 0.999637 32.7407 0.0329653 0.99924 -0.0208151 -4.3668 -0.999298 0.0333241 0.0171312 90.5983
0.00696808 0.0187443 0.9998 33.5327 0.0319793 0.999309 -0.0189579 -4.40093 -0.999464 0.032105 0.00636383 90.5865
-0.00421376 0.0180664 0.999828 34.3242 0.0333777 0.999282 -0.0179158 -4.43051 -0.999434 0.0332965 -0.00481375 90.5624
-0.0153617 0.0180855 0.999718 35.1104 0.0337919 0.999275 -0.0175582 -4.46015 -0.999311 0.0335127 -0.0159617 90.5296
-0.0264807 0.0187251 0.999474 35.8891 0.0340031 0.999263 -0.0178202 -4.49047 -0.999071 0.0335133 -0.0270979 90.49
-0.0372561 0.0198552 0.999108 36.6636 0.0337465 0.999257 -0.0185997 -4.51981 -0.998736 0.0330235 -0.0378985 90.4425
-0.0475892 0.0208899 0.998648 37.4308 0.0345804 0.999216 -0.0192539 -4.54826 -0.998268 0.0336174 -0.0482743 90.3867
-0.057184 0.0216493 0.998129 38.1896 0.0354867 0.999177 -0.019639 -4.57715 -0.997733 0.0342972 -0.0579052 90.3236
-0.0668322 0.0220867 0.99752 38.9405 0.0361794 0.999151 -0.0196989 -4.60706 -0.997108 0.0347732 -0.0675745 90.2517
-0.0763778 0.0221989 0.996832 39.6836 0.0367944 0.999134 -0.019431 -4.63515 -0.9964 0.0351937 -0.0771285 90.1763
-0.0850215 0.0219781 0.996137 40.4188 0.0382602 0.999091 -0.0187777 -4.66402 -0.995644 0.0365159 -0.0857852 90.0918
-0.0924235 0.0206889 0.995505 41.1457 0.0398826 0.999059 -0.01706 -4.69221 -0.994921 0.0381266 -0.0931616 90.0029
-0.0977846 0.0192455 0.995021 41.8632 0.0427277 0.998972 -0.0151229 -4.72176 -0.99429 0.0410362 -0.0985064 89.9103
-0.101723 0.0174902 0.994659 42.5748 0.0457971 0.998868 -0.0128806 -4.74658 -0.993758 0.0442422 -0.102409 89.8161
-0.104589 0.0162639 0.994383 43.2746 0.047545 0.998805 -0.0113354 -4.77001 -0.993378 0.0460924 -0.105237 89.724
-0.106424 0.0155444 0.994199 43.9595 0.048032 0.998791 -0.0104746 -4.79312 -0.99316 0.0466387 -0.107042 89.6344
-0.107415 0.0156622 0.994091 44.6312 0.0484589 0.99877 -0.0104998 -4.81526 -0.993033 0.0470447 -0.108042 89.5465
-0.106657 0.0168579 0.994153 45.285 0.0494948 0.998707 -0.0116251 -4.83706 -0.993063 0.0479655 -0.107353 89.4602
-0.103944 0.0181114 0.994418 45.9228 0.0506411 0.998634 -0.0128948 -4.85868 -0.993293 0.0490181 -0.104719 89.3786
-0.0990044 0.0188873 0.994908 46.5426 0.0506777 0.998618 -0.0139147 -4.8806 -0.993796 0.049042 -0.0998247 89.3065
-0.091581 0.0193764 0.995609 47.144 0.049961 0.998641 -0.0148398 -4.90294 -0.994544 0.0483825 -0.0924246 89.2445
-0.0806775 0.0195942 0.996548 47.7263 0.0489132 0.99868 -0.0156762 -4.92634 -0.995539 0.0474797 -0.0815294 89.1932
-0.0671924 0.0196759 0.997546 48.2888 0.0484107 0.998692 -0.0164377 -4.95004 -0.996565 0.0471875 -0.068057 89.1528
-0.0507211 0.0208605 0.998495 48.8315 0.0471418 0.998717 -0.0184704 -4.97312 -0.9976 0.046134 -0.0516394 89.127
-0.0300145 0.0234943 0.999273 49.3665 0.0456594 0.998712 -0.0221097 -5.00141 -0.998506 0.0449626 -0.0310486 89.1211
-0.00601273 0.0265251 0.99963 49.8938 0.0435931 0.998705 -0.0262383 -5.02998 -0.999031 0.0434192 -0.00716125 89.1302
0.0216117 0.028246 0.999367 50.4167 0.0414587 0.998716 -0.0291241 -5.05648 -0.998906 0.042062 0.0204129 89.1484
0.0542671 0.0279755 0.998134 50.9394 0.0394381 0.998767 -0.0301374 -5.0837 -0.997747 0.0410001 0.0530969 89.1916
0.0916341 0.0255662 0.995465 51.4568 0.0380366 0.998851 -0.0291545 -5.11112 -0.995066 0.0405357 0.0905563 89.2559
0.132829 0.0220864 0.990893 51.9638 0.0357878 0.998993 -0.0270643 -5.13996 -0.990493 0.0390568 0.131904 89.3355
0.177068 0.017423 0.984044 52.4641 0.0326394 0.999189 -0.0235642 -5.16831 -0.983657 0.0362911 0.176356 89.4509
0.224537 0.0141262 0.974363 52.9598 0.0280314 0.999388 -0.0209487 -5.19789 -0.974063 0.0320165 0.224003 89.5927
0.27479 0.0126181 0.961421 53.4306 0.0237284 0.99952 -0.0199001 -5.22839 -0.961211 0.0282814 0.274359 89.7504
0.328518 0.0123907 0.944416 53.8895 0.0217972 0.999548 -0.0206963 -5.25406 -0.944246 0.0273847 0.3281 89.9453
0.385581 0.0128501 0.922584 54.3315 0.0234231 0.999444 -0.0237099 -5.28104 -0.922376 0.0307519 0.385066 90.1642
0.444398 0.0158346 0.895689 54.7389 0.0232673 0.999303 -0.0292105 -5.30777 -0.895527 0.0338214 0.44372 90.3886
0.503169 0.019242 0.863974 55.1332 0.0236897 0.999069 -0.0360474 -5.33687 -0.863863 0.0386052 0.502245 90.661
0.560545 0.0235243 0.82779 55.4915 0.0188285 0.998976 -0.041139 -5.36211 -0.82791 0.0386463 0.559528 90.9416
0.615636 0.0268268 0.787574 55.8359 0.013771 0.998902 -0.0447898 -5.38974 -0.787911 0.0384199 0.61459 91.2711
0.668124 0.0278779 0.743528 56.1585 0.011096 0.998813 -0.0474204 -5.41817 -0.743967 0.0399329 0.667022 91.6203
0.717029 0.0262629 0.696549 56.4486 0.00962264 0.998822 -0.0475654 -5.44805 -0.696977 0.0408084 0.715931 91.9662
0.762218 0.0226484 0.646924 56.7224 0.0069034 0.999046 -0.0431097 -5.47911 -0.647284 0.037325 0.761335 92.356
0.803873 0.0179866 0.594529 56.9679 0.00466234 0.999321 -0.0365369 -5.51053 -0.594783 0.0321429 0.803243 92.7649
0.840856 0.0152942 0.541043 57.1753 0.00169998 0.999521 -0.0308965 -5.53945 -0.541256 0.0268993 0.840427 93.1713
0.872546 0.0122187 0.488378 57.37 -0.000451133 0.999707 -0.0242056 -5.56445 -0.488531 0.0209002 0.872296 93.6106
0.898635 0.0124838 0.438519 57.5399 -0.00475736 0.999814 -0.0187137 -5.59099 -0.438671 0.0147306 0.898527 94.0612
0.919651 0.0140354 0.392486 57.6844 -0.00862986 0.999842 -0.0155337 -5.61267 -0.392642 0.0108985 0.919627 94.508
0.935438 0.020093 0.352919 57.8124 -0.0167723 0.999782 -0.012465 -5.62802 -0.353092 0.00574099 0.935571 94.9816
0.947845 0.0246748 0.317774 57.9272 -0.0214161 0.999676 -0.0137445 -5.63849 -0.31801 0.00622215 0.948067 95.4469
0.957569 0.0270319 0.286934 58.0418 -0.0239808 0.999613 -0.0141432 -5.6485 -0.287205 0.00666219 0.957846 95.9249
0.964179 0.0213 0.264394 58.1622 -0.0182098 0.999734 -0.0141334 -5.66198 -0.264625 0.0088126 0.964311 96.4022
0.968468 0.0182421 0.248467 58.2773 -0.0154248 0.999793 -0.013281 -5.68014 -0.248658 0.00902973 0.968549 96.8844
0.971509 0.022278 0.235954 58.3833 -0.0196248 0.999715 -0.013587 -5.69261 -0.236189 0.00856928 0.971669 97.3803
0.973663 0.027748 0.226295 58.4869 -0.025423 0.99959 -0.0131829 -5.69871 -0.226568 0.00708264 0.97397 97.8881
0.974783 0.0348743 0.220412 58.5895 -0.0324905 0.999368 -0.0144321 -5.71288 -0.220776 0.00690691 0.9753 98.4035
0.975197 0.0413016 0.217452 58.6967 -0.038241 0.999102 -0.018266 -5.73231 -0.218011 0.00949737 0.9759 98.9283
0.975306 0.0429091 0.21665 58.814 -0.0394607 0.999017 -0.0202201 -5.75614 -0.217305 0.0111716 0.97604 99.4609
0.974846 0.0420688 0.218874 58.9404 -0.0379011 0.999012 -0.0232075 -5.77849 -0.219634 0.0143281 0.975477 100.002
0.974043 0.0402511 0.222757 59.0745 -0.0343547 0.998951 -0.0302834 -5.79789 -0.223742 0.0218446 0.974404 100.551
0.973135 0.0401462 0.226709 59.2098 -0.0329407 0.998827 -0.035479 -5.81856 -0.227867 0.0270579 0.973316 101.111
0.971887 0.044938 0.231119 59.3432 -0.0379323 0.998679 -0.034669 -5.84477 -0.232372 0.0249275 0.972307 101.693
0.970345 0.048448 0.236819 59.4798 -0.0423069 0.998625 -0.030948 -5.87267 -0.237993 0.0200112 0.971061 102.285
0.969278 0.0454103 0.24174 59.6355 -0.040191 0.998841 -0.0264806 -5.90097 -0.242662 0.0159513 0.96998 102.888
0.968508 0.0408568 0.245606 59.7988 -0.0369093 0.999105 -0.020656 -5.92807 -0.246231 0.0109404 0.969149 103.5
0.967706 0.0381701 0.249175 59.9645 -0.035307 0.999249 -0.0159512 -5.95355 -0.249597 0.0066384 0.968327 104.124
0.967077 0.0337456 0.252237 60.1342 -0.030962 0.999408 -0.0149978 -5.97519 -0.252593 0.00669431 0.967549 104.754
0.967077 0.0301206 0.252695 60.3091 -0.0265217 0.999493 -0.0176372 -5.99825 -0.253098 0.0103547 0.967385 105.392
0.967237 0.0293576 0.252172 60.4808 -0.0241344 0.999426 -0.0237816 -6.02307 -0.252725 0.0169164 0.96739 106.035
0.967426 0.0310898 0.251236 60.6497 -0.0238968 0.999214 -0.0316314 -6.04902 -0.252022 0.0245973 0.967409 106.692
0.967917 0.0348579 0.24884 60.8191 -0.0266663 0.998988 -0.0362155 -6.07556 -0.249851 0.0284179 0.967867 107.364
0.968565 0.0333932 0.24651 60.9951 -0.0263353 0.999145 -0.0318739 -6.10315 -0.247364 0.0243801 0.968616 108.055
0.969074 0.0287787 0.245086 61.1772 -0.0234893 0.999424 -0.0244784 -6.13544 -0.24565 0.0179645 0.969192 108.761
0.969649 0.0291122 0.24276 61.3551 -0.025618 0.999518 -0.0175386 -6.16881 -0.243154 0.0107872 0.969928 109.478
0.970005 0.0323765 0.24092 61.5276 -0.0288341 0.999418 -0.0182156 -6.19802 -0.24137 0.0107225 0.970374 110.2
0.970263 0.0384545 0.238978 61.6963 -0.0339764 0.999162 -0.0228312 -6.22533 -0.239656 0.0140327 0.970757 110.929
0.97117 0.0394544 0.2351 61.8741 -0.0337591 0.999032 -0.0282024 -6.2523 -0.235985 0.0194526 0.971562 111.669
0.972197 0.0386714 0.230951 62.0531 -0.0323197 0.99899 -0.031224 -6.28202 -0.231925 0.0228916 0.972464 112.421
0.97314 0.036729 0.227263 62.2342 -0.030789 0.999087 -0.0296286 -6.31524 -0.228144 0.0218356 0.973383 113.189
0.974103 0.0323546 0.223779 62.4176 -0.0267317 0.999247 -0.0281118 -6.35141 -0.22452 0.0214018 0.974234 113.965
0.974547 0.0308245 0.222052 62.6002 -0.0258837 0.999349 -0.0251271 -6.3874 -0.222682 0.01874 0.974711 114.755
0.974976 0.0277679 0.22057 62.7848 -0.0233902 0.999475 -0.0224344 -6.41933 -0.221077 0.0167139 0.975113 115.564
0.97525 0.0224772 0.21996 62.9737 -0.0182661 0.999609 -0.0211603 -6.45051 -0.22035 0.0166188 0.975279 116.373
0.975375 0.0230564 0.219344 63.1574 -0.0192022 0.999622 -0.0196876 -6.48394 -0.219715 0.0149909 0.975449 117.193
0.97513 0.0279446 0.219864 63.3346 -0.0237535 0.999483 -0.0216832 -6.51759 -0.220356 0.0159214 0.97529 118.012
0.974817 0.034073 0.220386 63.5125 -0.0293018 0.999261 -0.0248831 -6.55103 -0.221071 0.0177988 0.975095 118.836
0.974364 0.0418017 0.221057 63.6913 -0.0368629 0.998971 -0.0264222 -6.58332 -0.221934 0.0175961 0.974903 119.666
0.973417 0.0488458 0.22377 63.8703 -0.0442033 0.998692 -0.025712 -6.61974 -0.224733 0.0151371 0.974303 120.503
0.972499 0.0517283 0.227088 64.0574 -0.0477212 0.998594 -0.0231043 -6.65808 -0.227964 0.011632 0.9736 121.343
0.971906 0.0521874 0.229512 64.2533 -0.0480252 0.998565 -0.0236874 -6.69526 -0.230419 0.0119996 0.973018 122.181
0.971476 0.0520124 0.231363 64.4498 -0.0470172 0.998528 -0.0270559 -6.72817 -0.23243 0.0154061 0.972491 123.021
0.97161 0.0446624 0.232333 64.6559 -0.0397018 0.998874 -0.0259859 -6.75287 -0.233232 0.0160241 0.972289 123.877
0.971822 0.0380264 0.232628 64.8645 -0.0327992 0.999116 -0.0262989 -6.78424 -0.233423 0.0179278 0.97221 124.724
0.971516 0.0367336 0.23411 65.0663 -0.0314482 0.99916 -0.026271 -6.81819 -0.234878 0.0181604 0.971855 125.571
0.97112 0.0400393 0.235206 65.2621 -0.0352314 0.999076 -0.0246101 -6.84935 -0.235974 0.0156127 0.971634 126.423
0.970795 0.0412935 0.23633 65.459 -0.0378241 0.9991 -0.0191973 -6.87875 -0.23691 0.00969769 0.971483 127.275
0.970342 0.044682 0.23757 65.6581 -0.042686 0.998997 -0.0135421 -6.91304 -0.237937 0.00299953 0.971276 128.12
0.970114 0.0443127 0.238569 65.8648 -0.0408905 0.998978 -0.0192772 -6.95502 -0.239179 0.00894587 0.970934 128.941
0.970298 0.0410754 0.238401 66.0807 -0.0341253 0.998866 -0.0332092 -7.00071 -0.239494 0.0240873 0.970599 129.749
0.97064 0.0373439 0.237621 66.2984 -0.0277833 0.998669 -0.0434584 -7.04684 -0.238927 0.0355806 0.970385 130.557
0.970871 0.035628 0.236941 66.5105 -0.0273714 0.998901 -0.0380465 -7.09214 -0.238036 0.0304529 0.970779 131.383
0.971196 0.0294101 0.236458 66.7226 -0.0264966 0.999529 -0.0154905 -7.13453 -0.236802 0.00877903 0.971518 132.225
0.971473 0.025917 0.235728 66.9321 -0.0274714 0.999617 0.00331192 -7.17776 -0.235552 -0.00969324 0.971813 133.06
0.971574 0.0288338 0.234975 67.1355 -0.028834 0.999578 -0.00343581 -7.20347 -0.234975 -0.00343714 0.971995 133.867
0.971694 0.0368052 0.233358 67.334 -0.0332056 0.999261 -0.0193364 -7.2217 -0.233897 0.0110403 0.972199 134.663
0.971979 0.0379822 0.231979 67.5395 -0.0322059 0.999071 -0.028638 -7.24042 -0.232852 0.0203644 0.972299 135.46
0.97259 0.0339213 0.230038 67.7482 -0.0278457 0.999174 -0.0296075 -7.27557 -0.230852 0.0223904 0.972731 136.263
0.973207 0.0336006 0.227463 67.9399 -0.0284011 0.999256 -0.026094 -7.30765 -0.228171 0.0189347 0.973437 137.072
0.974024 0.0331691 0.224001 68.1266 -0.0276698 0.999235 -0.0276459 -7.32959 -0.224746 0.0207297 0.974197 137.873
0.975115 0.0337363 0.219119 68.3115 -0.0278567 0.999166 -0.029868 -7.34745 -0.219944 0.0230207 0.975241 138.669
0.975633 0.0383979 0.216021 68.4874 -0.0330003 0.999048 -0.0285395 -7.37599 -0.216912 0.0207153 0.975972 139.482
0.975822 0.0448848 0.213906 68.6553 -0.0392206 0.99876 -0.0306528 -7.40065 -0.215017 0.0215222 0.976373 140.266
0.97611 0.0466532 0.21221 68.8308 -0.0416727 0.998742 -0.0278847 -7.43143 -0.213244 0.0183752 0.976826 141.067
0.97647 0.0446113 0.21099 69.0106 -0.040678 0.998909 -0.0229479 -7.46131 -0.211784 0.0138252 0.977219 141.866
0.976794 0.0434393 0.209729 69.1879 -0.0395607 0.99896 -0.0226552 -7.49215 -0.210495 0.0138324 0.977497 142.66
0.977464 0.0415636 0.20697 69.3598 -0.0369063 0.998972 -0.0263142 -7.52233 -0.207851 0.0180827 0.977993 143.451
0.978576 0.0371573 0.202507 69.5325 -0.0319187 0.999067 -0.0290749 -7.54849 -0.203398 0.0219883 0.978849 144.235
0.98004 0.0339738 0.195875 69.6942 -0.0284715 0.999119 -0.0308393 -7.57983 -0.19675 0.0246469 0.980144 145.028
0.981343 0.0329026 0.189428 69.8446 -0.0284911 0.999257 -0.0259652 -7.61296 -0.190141 0.0200838 0.981551 145.83
0.982521 0.0308759 0.183571 69.9928 -0.0282461 0.999458 -0.0169241 -7.64599 -0.183994 0.0114432 0.982861 146.634
0.983361 0.0264637 0.179725 70.1315 -0.0254247 0.999644 -0.00808218 -7.66886 -0.179875 0.00337824 0.983684 147.439
0.983832 0.0336379 0.175906 70.2574 -0.0335154 0.999432 -0.0036684 -7.6904 -0.175929 -0.00228646 0.9844 148.241
0.984516 0.0368782 0.17137 70.3798 -0.0358588 0.999316 -0.00904122 -7.71208 -0.171586 0.0027561 0.985165 149.033
0.985754 0.0371673 0.164035 70.508 -0.0344874 0.999222 -0.019156 -7.73271 -0.164619 0.013226 0.986269 149.82
0.986951 0.0343687 0.15731 70.6341 -0.0306803 0.999196 -0.0258163 -7.75191 -0.15807 0.0206531 0.987212 150.615
0.988024 0.0329786 0.150733 70.7533 -0.0295634 0.999254 -0.024843 -7.77901 -0.15144 0.0200893 0.988262 151.422
0.988887 0.0399179 0.143207 70.857 -0.0373159 0.999087 -0.0208108 -7.81243 -0.143907 0.0152357 0.989474 152.237
0.989718 0.0458697 0.135476 70.9526 -0.0433693 0.998831 -0.0213525 -7.8414 -0.136297 0.0152574 0.99055 153.049
0.990926 0.048494 0.125356 71.0522 -0.0454624 0.998603 -0.0269347 -7.86841 -0.126487 0.0209913 0.991746 153.855
0.992048 0.0470836 0.116717 71.1483 -0.0439499 0.998605 -0.0292803 -7.89125 -0.117933 0.0239177 0.992734 154.665
0.992957 0.047082 0.108722 71.2367 -0.0443152 0.998633 -0.0277265 -7.91692 -0.109879 0.0227132 0.993685 155.483
0.993593 0.0502874 0.101209 71.3061 -0.0484724 0.998618 -0.0203154 -7.93994 -0.102091 0.0152794 0.994658 156.308
0.994188 0.0534815 0.0934349 71.3684 -0.0523807 0.998526 -0.0141956 -7.9663 -0.0940564 0.00921892 0.995524 157.136
0.994903 0.05254 0.0860625 71.4307 -0.0518541 0.998603 -0.0101877 -7.9903 -0.0864775 0.00567312 0.996238 157.959
0.995422 0.0524976 0.0798654 71.4907 -0.051977 0.998611 -0.00858423 -8.01261 -0.0802051 0.00439377 0.996769 158.78
0.995803 0.0518412 0.0754276 71.5456 -0.0512758 0.99864 -0.00941532 -8.03634 -0.0758131 0.0055082 0.997107 159.602
0.995898 0.0564494 0.0707223 71.5921 -0.0554681 0.998336 -0.0157649 -8.06268 -0.0714945 0.0117774 0.997372 160.421
0.995736 0.0633681 0.067044 71.6275 -0.0620791 0.997847 -0.021139 -8.08518 -0.0682392 0.0168869 0.997526 161.238
0.99586 0.0643766 0.0641768 71.665 -0.0628969 0.997711 -0.0248182 -8.10536 -0.0656276 0.020679 0.99763 162.055
0.995925 0.0661254 0.0613262 71.7056 -0.0651206 0.997711 -0.0182426 -8.12405 -0.0623921 0.0141747 0.997951 162.889
0.995883 0.0682549 0.059655 71.7396 -0.0678574 0.997657 -0.00866499 -8.14037 -0.0601067 0.00458128 0.998181 163.729
0.996 0.0690658 0.0566906 71.7754 -0.0691623 0.997605 -0.000261621 -8.1582 -0.0565729 -0.00366028 0.998392 164.564
0.996427 0.066766 0.0517283 71.8112 -0.0667106 0.997769 -0.00279817 -8.17345 -0.0517997 -0.000662658 0.998657 165.387
0.99735 0.0562305 0.0461524 71.8557 -0.0557748 0.998382 -0.0111036 -8.18837 -0.0467021 0.00850006 0.998873 166.201
0.997939 0.0511059 0.03881 71.8891 -0.0504329 0.998563 -0.0181258 -8.19713 -0.0396806 0.0161311 0.999082 167.019
0.997964 0.0551749 0.0319979 71.9015 -0.0546882 0.998377 -0.0158903 -8.20971 -0.0328228 0.014108 0.999362 167.846
0.998264 0.0534194 0.0248026 71.9145 -0.0531693 0.998529 -0.0106379 -8.22597 -0.0253343 0.00930068 0.999636 168.681
0.998638 0.0491278 0.0175819 71.9307 -0.0490357 0.998781 -0.00563073 -8.24066 -0.0178371 0.00476092 0.99983 169.517
0.999097 0.0407869 0.0118597 71.9442 -0.0407507 0.999164 -0.00327365 -8.25127 -0.0119833 0.00278741 0.999924 170.358
0.999326 0.0362493 0.00579052 71.9504 -0.0362379 0.999341 -0.00206911 -8.2659 -0.00586171 0.00185788 0.999981 171.201
0.999461 0.0328324 -0.000578076 71.9471 -0.0328359 0.999431 -0.00771668 -8.28189 0.000324389 0.0077315 0.99997 172.038
0.999648 0.0252859 -0.0080504 71.9442 -0.025426 0.999518 -0.017807 -8.29589 0.00759625 0.0180054 0.999809 172.867
0.999799 0.0129524 -0.015304 71.9461 -0.0133359 0.999593 -0.0252278 -8.31499 0.014971 0.0254268 0.999565 173.699
0.999644 0.0160521 -0.0213306 71.9224 -0.016401 0.999733 -0.0162858 -8.33277 0.0210635 0.0166298 0.99964 174.552
0.999311 0.0263701 -0.0261072 71.8808 -0.0264567 0.999646 -0.002977 -8.35022 0.0260195 0.00366566 0.999655 175.411
0.999001 0.0325198 -0.0306424 71.8381 -0.0323607 0.99946 0.00567399 -8.36921 0.0308104 -0.00467671 0.999514 176.266
0.998886 0.0321121 -0.034567 71.8005 -0.0320102 0.999481 0.00349671 -8.38094 0.0346613 -0.00238632 0.999396 177.11
0.99878 0.0329844 -0.0367377 71.7593 -0.0332597 0.999423 -0.00690576 -8.39249 0.0364887 0.00811922 0.999301 177.948
0.998257 0.0436045 -0.0397566 71.705 -0.0442961 0.998879 -0.0166837 -8.40873 0.0389846 0.0184157 0.99907 178.785
0.998164 0.0438298 -0.0418085 71.66 -0.0447085 0.998793 -0.0203188 -8.42765 0.0408675 0.0221507 0.998919 179.632
0.998319 0.0370997 -0.0445287 71.6294 -0.0378545 0.999151 -0.0162274 -8.45131 0.0438889 0.0178857 0.998876 180.489
0.998298 0.0377073 -0.0444814 71.5867 -0.0380567 0.999251 -0.00703445 -8.47192 0.0441828 0.00871529 0.998985 181.351
0.998245 0.0398128 -0.0438463 71.5382 -0.0398733 0.999205 -0.000505391 -8.49518 0.0437913 0.0022528 0.999038 182.214
0.998217 0.0383698 -0.0457195 71.4958 -0.0385183 0.999255 -0.00237055 -8.51899 0.0455945 0.00412736 0.998952 183.069
0.998155 0.0371348 -0.0480433 71.4516 -0.0376627 0.999239 -0.0101299 -8.54321 0.0476306 0.0119206 0.998794 183.918
0.998357 0.0269066 -0.0505968 71.4196 -0.0280342 0.999371 -0.02171 -8.56785 0.0499809 0.0230928 0.998483 184.763
0.998473 0.0154771 -0.0530288 71.3899 -0.0169001 0.999506 -0.0264929 -8.59608 0.0525926 0.0273486 0.998242 185.611
0.998389 0.0172085 -0.0540681 71.3413 -0.0184218 0.999588 -0.0220235 -8.62551 0.0536668 0.022984 0.998294 186.471
0.998221 0.0229248 -0.0550322 71.284 -0.0236242 0.999648 -0.0120931 -8.65918 0.0547355 0.0133717 0.998411 187.333
0.998079 0.0252969 -0.0565605 71.2292 -0.0257183 0.999647 -0.00673566 -8.68811 0.0563701 0.00817736 0.998376 188.182
0.998072 0.0229339 -0.0576808 71.1826 -0.0235816 0.999666 -0.0105736 -8.71286 0.057419 0.0119134 0.998279 189.02
0.998053 0.0232732 -0.0578642 71.1368 -0.0243032 0.999557 -0.0171604 -8.73647 0.0574393 0.0185333 0.998177 189.856
0.997859 0.0300304 -0.0581039 71.0758 -0.0311524 0.999343 -0.0185016 -8.76137 0.0575101 0.0202721 0.998139 190.695
0.997739 0.0332904 -0.0583798 71.0196 -0.0341739 0.999315 -0.0142005 -8.78856 0.057867 0.0161634 0.998194 191.536
0.997567 0.0369348 -0.0591201 70.9642 -0.0376613 0.999228 -0.0112211 -8.81671 0.05866 0.0134204 0.998188 192.373
0.997433 0.0400958 -0.0593311 70.9082 -0.0406634 0.999138 -0.00838928 -8.83889 0.0589436 0.0107803 0.998203 193.208
0.997233 0.0441135 -0.0598297 70.8473 -0.0446968 0.998965 -0.00844629 -8.86138 0.0593951 0.0110971 0.998173 194.04
0.997275 0.042183 -0.0605213 70.7912 -0.0429119 0.999021 -0.0107939 -8.88491 0.0600067 0.0133616 0.998109 194.864
0.99712 0.0440922 -0.0617012 70.7322 -0.0452133 0.998835 -0.0168927 -8.90608 0.0608844 0.0196337 0.997952 195.676
0.996993 0.0451427 -0.0629912 70.6708 -0.0463303 0.998773 -0.0175217 -8.92375 0.0621229 0.0203874 0.99786 196.49
0.997178 0.0451143 -0.0600066 70.6291 -0.0462859 0.998761 -0.0182791 -8.93887 0.0591076 0.0210049 0.998031 197.196
0.997354 0.0450896 -0.0570171 70.5873 -0.046241 0.998749 -0.0190373 -8.95402 0.0560874 0.0216234 0.998192 197.903
0.997522 0.0450688 -0.0540291 70.5456 -0.0461958 0.998736 -0.0197946 -8.96916 0.0530687 0.0222415 0.998343 198.609
